# B8 + t > a + a + He3   [B8_t__a_a_He3]   ref=TALYS2
# detailed balance: alpha=3.5922e-10 beta=-1.5 gamma=-209.929  Q=18.0903
# T9                 rate                error
1.000000e-03 1.000000e-35 1.000000e+02
1.018629e-03 1.033434e-35 1.000000e+02
1.037605e-03 1.066255e-35 1.000000e+02
1.056935e-03 1.098462e-35 1.000000e+02
1.076624e-03 1.130068e-35 1.000000e+02
1.096681e-03 1.161101e-35 1.000000e+02
1.117111e-03 1.191604e-35 1.000000e+02
1.137921e-03 1.221631e-35 1.000000e+02
1.159120e-03 1.251251e-35 1.000000e+02
1.180713e-03 1.280548e-35 1.000000e+02
1.202708e-03 1.309615e-35 1.000000e+02
1.225114e-03 1.338563e-35 1.000000e+02
1.247936e-03 1.367512e-35 1.000000e+02
1.271184e-03 1.396596e-35 1.000000e+02
1.294865e-03 1.425962e-35 1.000000e+02
1.318987e-03 1.455770e-35 1.000000e+02
1.343558e-03 1.486195e-35 1.000000e+02
1.368587e-03 1.517423e-35 1.000000e+02
1.394083e-03 1.549658e-35 1.000000e+02
1.420053e-03 1.583119e-35 1.000000e+02
1.446507e-03 1.618042e-35 1.000000e+02
1.473454e-03 1.654683e-35 1.000000e+02
1.500903e-03 1.693319e-35 1.000000e+02
1.528864e-03 1.734250e-35 1.000000e+02
1.557345e-03 1.777805e-35 1.000000e+02
1.586357e-03 1.824342e-35 1.000000e+02
1.615909e-03 1.874251e-35 1.000000e+02
1.646012e-03 1.927965e-35 1.000000e+02
1.676675e-03 1.985961e-35 1.000000e+02
1.707910e-03 2.048766e-35 1.000000e+02
1.739726e-03 2.116969e-35 1.000000e+02
1.772136e-03 2.191226e-35 1.000000e+02
1.805149e-03 2.272273e-35 1.000000e+02
1.838777e-03 2.360939e-35 1.000000e+02
1.873032e-03 2.458160e-35 1.000000e+02
1.907924e-03 2.564996e-35 1.000000e+02
1.943467e-03 2.682654e-35 1.000000e+02
1.979672e-03 2.812512e-35 1.000000e+02
2.016551e-03 2.956146e-35 1.000000e+02
2.054117e-03 3.115368e-35 1.000000e+02
2.092383e-03 3.292266e-35 1.000000e+02
2.131362e-03 3.489256e-35 1.000000e+02
2.171068e-03 3.709140e-35 1.000000e+02
2.211512e-03 3.955180e-35 1.000000e+02
2.252711e-03 4.231187e-35 1.000000e+02
2.294676e-03 4.541624e-35 1.000000e+02
2.337424e-03 4.891740e-35 1.000000e+02
2.380968e-03 5.287726e-35 1.000000e+02
2.425323e-03 5.736911e-35 1.000000e+02
2.470504e-03 6.247999e-35 1.000000e+02
2.516527e-03 6.831369e-35 1.000000e+02
2.563407e-03 7.499436e-35 1.000000e+02
2.611161e-03 8.267110e-35 1.000000e+02
2.659804e-03 9.152365e-35 1.000000e+02
2.709354e-03 1.017695e-34 1.000000e+02
2.759826e-03 1.136728e-34 1.000000e+02
2.811239e-03 1.275559e-34 1.000000e+02
2.863610e-03 1.438135e-34 1.000000e+02
2.916956e-03 1.629311e-34 1.000000e+02
2.971296e-03 1.855086e-34 1.000000e+02
3.026648e-03 2.122900e-34 1.000000e+02
3.083031e-03 2.442022e-34 1.000000e+02
3.140465e-03 2.824042e-34 1.000000e+02
3.198969e-03 3.283536e-34 1.000000e+02
3.258562e-03 3.838914e-34 1.000000e+02
3.319266e-03 4.513550e-34 1.000000e+02
3.381101e-03 5.337265e-34 1.000000e+02
3.444087e-03 6.348294e-34 1.000000e+02
3.508247e-03 7.595918e-34 1.000000e+02
3.573602e-03 9.143990e-34 1.000000e+02
3.640175e-03 1.107569e-33 1.000000e+02
3.707988e-03 1.349995e-33 1.000000e+02
3.777064e-03 1.656028e-33 1.000000e+02
3.847427e-03 2.044674e-33 1.000000e+02
3.919100e-03 2.541259e-33 1.000000e+02
3.992109e-03 3.179723e-33 1.000000e+02
4.066478e-03 4.006431e-33 1.000000e+02
4.142232e-03 5.088935e-33 1.000000e+02
4.219398e-03 6.525200e-33 1.000000e+02
4.298001e-03 8.457758e-33 1.000000e+02
4.378069e-03 1.109706e-32 1.000000e+02
4.459628e-03 1.475873e-32 1.000000e+02
4.542706e-03 1.992394e-32 1.000000e+02
4.627332e-03 2.733903e-32 1.000000e+02
4.713535e-03 3.818299e-32 1.000000e+02
4.801343e-03 5.435410e-32 1.000000e+02
4.890787e-03 7.897091e-32 1.000000e+02
4.981898e-03 1.172658e-31 1.000000e+02
5.074705e-03 1.781698e-31 1.000000e+02
5.169242e-03 2.767955e-31 1.000000e+02
5.265540e-03 4.390361e-31 1.000000e+02
5.363631e-03 7.099226e-31 1.000000e+02
5.463550e-03 1.168542e-30 1.000000e+02
5.565331e-03 1.955026e-30 1.000000e+02
5.669007e-03 3.319628e-30 1.000000e+02
5.774615e-03 5.712252e-30 1.000000e+02
5.882190e-03 9.946253e-30 1.000000e+02
5.991770e-03 1.749842e-29 1.000000e+02
6.103390e-03 3.107033e-29 1.000000e+02
6.217090e-03 5.572638e-29 1.000000e+02
6.332908e-03 1.011034e-28 1.000000e+02
6.450884e-03 1.858161e-28 1.000000e+02
6.571058e-03 3.464456e-28 1.000000e+02
6.693470e-03 6.562110e-28 1.000000e+02
6.818162e-03 1.264535e-27 1.000000e+02
6.945178e-03 2.482672e-27 1.000000e+02
7.074559e-03 4.972642e-27 1.000000e+02
7.206351e-03 1.015747e-26 1.000000e+02
7.340598e-03 2.112349e-26 1.000000e+02
7.477346e-03 4.464380e-26 1.000000e+02
7.616642e-03 9.572061e-26 1.000000e+02
7.758532e-03 2.078414e-25 1.000000e+02
7.903066e-03 4.562203e-25 1.000000e+02
8.050292e-03 1.010648e-24 1.000000e+02
8.200261e-03 2.265728e-24 1.000000e+02
8.353023e-03 5.189709e-24 1.000000e+02
8.508632e-03 1.226870e-23 1.000000e+02
8.667139e-03 3.023901e-23 1.000000e+02
8.828599e-03 7.849513e-23 1.000000e+02
8.993067e-03 2.167789e-22 1.000000e+02
9.160598e-03 6.385988e-22 1.000000e+02
9.331251e-03 1.944705e-21 1.000000e+02
9.505083e-03 5.876116e-21 1.000000e+02
9.682153e-03 1.690962e-20 1.000000e+02
9.862522e-03 4.448159e-20 1.000000e+02
1.004625e-02 1.026879e-19 1.000000e+02
1.023340e-02 2.049946e-19 1.000000e+02
1.042404e-02 3.667685e-19 1.000000e+02
1.061823e-02 6.131019e-19 1.000000e+02
1.081604e-02 9.982255e-19 1.000000e+02
1.101753e-02 1.650220e-18 1.000000e+02
1.122277e-02 2.854269e-18 1.000000e+02
1.143184e-02 5.134761e-18 1.000000e+02
1.164481e-02 9.485175e-18 1.000000e+02
1.186174e-02 1.776223e-17 1.000000e+02
1.208271e-02 3.329398e-17 1.000000e+02
1.230780e-02 6.208593e-17 1.000000e+02
1.253708e-02 1.155349e-16 1.000000e+02
1.277063e-02 2.153553e-16 1.000000e+02
1.300854e-02 4.036001e-16 1.000000e+02
1.325087e-02 7.626455e-16 1.000000e+02
1.349772e-02 1.452204e-15 1.000000e+02
1.374917e-02 2.782884e-15 1.000000e+02
1.400531e-02 5.359855e-15 1.000000e+02
1.426621e-02 1.036430e-14 1.000000e+02
1.453198e-02 2.011905e-14 1.000000e+02
1.480269e-02 3.921060e-14 1.000000e+02
1.507845e-02 7.673189e-14 1.000000e+02
1.535935e-02 1.507705e-13 1.000000e+02
1.564548e-02 2.973833e-13 1.000000e+02
1.593694e-02 5.886517e-13 1.000000e+02
1.623382e-02 1.169004e-12 1.000000e+02
1.653624e-02 2.328122e-12 1.000000e+02
1.684430e-02 4.647465e-12 1.000000e+02
1.715809e-02 9.294718e-12 1.000000e+02
1.747773e-02 1.861465e-11 1.000000e+02
1.780332e-02 3.731305e-11 1.000000e+02
1.813498e-02 7.482477e-11 1.000000e+02
1.847281e-02 1.500699e-10 1.000000e+02
1.881694e-02 3.010303e-10 1.000000e+02
1.916748e-02 6.039603e-10 1.000000e+02
1.952456e-02 1.211995e-09 1.000000e+02
1.988828e-02 2.432766e-09 1.000000e+02
2.025878e-02 4.884076e-09 1.000000e+02
2.063618e-02 9.797814e-09 1.000000e+02
2.102061e-02 1.961052e-08 1.000000e+02
2.141220e-02 3.910276e-08 1.000000e+02
2.181109e-02 7.755850e-08 1.000000e+02
2.221741e-02 1.527919e-07 1.000000e+02
2.263130e-02 2.985144e-07 1.000000e+02
2.305289e-02 5.775235e-07 1.000000e+02
2.348235e-02 1.104737e-06 1.000000e+02
2.391980e-02 2.086305e-06 1.000000e+02
2.436540e-02 3.883935e-06 1.000000e+02
2.481930e-02 7.116828e-06 1.000000e+02
2.528166e-02 1.281799e-05 1.000000e+02
2.575263e-02 2.270092e-05 1.000000e+02
2.623238e-02 3.960169e-05 1.000000e+02
2.672106e-02 6.817116e-05 1.000000e+02
2.721885e-02 1.160045e-04 1.000000e+02
2.772591e-02 1.954820e-04 1.000000e+02
2.824241e-02 3.267886e-04 1.000000e+02
2.876854e-02 5.429070e-04 1.000000e+02
2.930447e-02 8.979518e-04 1.000000e+02
2.985038e-02 1.481222e-03 1.000000e+02
3.040646e-02 2.439498e-03 1.000000e+02
3.097291e-02 3.990271e-03 1.000000e+02
3.154990e-02 6.425768e-03 1.000000e+02
3.213764e-02 1.009841e-02 1.000000e+02
3.273634e-02 1.535220e-02 1.000000e+02
3.334618e-02 2.238011e-02 1.000000e+02
3.396739e-02 3.101075e-02 1.000000e+02
3.460016e-02 4.048603e-02 1.000000e+02
3.524473e-02 4.936571e-02 1.000000e+02
3.590130e-02 5.572590e-02 1.000000e+02
3.657011e-02 5.772778e-02 1.000000e+02
3.725137e-02 5.439926e-02 1.000000e+02
3.794533e-02 4.622383e-02 1.000000e+02
3.865221e-02 3.510654e-02 1.000000e+02
3.937226e-02 2.362347e-02 1.000000e+02
4.010573e-02 1.396128e-02 1.000000e+02
4.085286e-02 7.248076e-03 1.000000e+02
4.161391e-02 3.384950e-03 1.000000e+02
4.238913e-02 1.461792e-03 1.000000e+02
4.317880e-02 6.000597e-04 1.000000e+02
4.398317e-02 2.406858e-04 1.000000e+02
4.480254e-02 9.696738e-05 1.000000e+02
4.563716e-02 4.033588e-05 1.000000e+02
4.648734e-02 1.780820e-05 1.000000e+02
4.735335e-02 8.577936e-06 1.000000e+02
4.823549e-02 4.633953e-06 1.000000e+02
4.913407e-02 2.886013e-06 1.000000e+02
5.004939e-02 2.130071e-06 1.000000e+02
5.098176e-02 1.895344e-06 1.000000e+02
5.193150e-02 1.996256e-06 1.000000e+02
5.289893e-02 2.425119e-06 1.000000e+02
5.388438e-02 3.311261e-06 1.000000e+02
5.488820e-02 4.951671e-06 1.000000e+02
5.591071e-02 7.902473e-06 1.000000e+02
5.695227e-02 1.311540e-05 1.000000e+02
5.801323e-02 2.205781e-05 1.000000e+02
5.909396e-02 3.663194e-05 1.000000e+02
6.019482e-02 5.853858e-05 1.000000e+02
6.131619e-02 8.851499e-05 1.000000e+02
6.245845e-02 1.272641e-04 1.000000e+02
6.362198e-02 1.753914e-04 1.000000e+02
6.480720e-02 2.335732e-04 1.000000e+02
6.601449e-02 3.030042e-04 1.000000e+02
6.724427e-02 3.859973e-04 1.000000e+02
6.849697e-02 4.867754e-04 1.000000e+02
6.977300e-02 6.126050e-04 1.000000e+02
7.107280e-02 7.748282e-04 1.000000e+02
7.239681e-02 9.851464e-04 1.000000e+02
7.374549e-02 1.255802e-03 1.000000e+02
7.511929e-02 1.600725e-03 1.000000e+02
7.651869e-02 2.034875e-03 1.000000e+02
7.794416e-02 2.572968e-03 1.000000e+02
7.939618e-02 3.227430e-03 1.000000e+02
8.087525e-02 4.005244e-03 1.000000e+02
8.238187e-02 4.899597e-03 1.000000e+02
8.391656e-02 5.882109e-03 1.000000e+02
8.547985e-02 6.899542e-03 1.000000e+02
8.707225e-02 7.872181e-03 1.000000e+02
8.869432e-02 8.698224e-03 1.000000e+02
9.034660e-02 9.266474e-03 1.000000e+02
9.202967e-02 9.537300e-03 1.000000e+02
9.374409e-02 9.636665e-03 1.000000e+02
9.549045e-02 9.731583e-03 1.000000e+02
9.726934e-02 9.999096e-03 1.000000e+02
9.908137e-02 1.064201e-02 1.000000e+02
1.009272e-01 1.193532e-02 1.000000e+02
1.028073e-01 1.412173e-02 1.000000e+02
1.047225e-01 1.736658e-02 1.000000e+02
1.066734e-01 2.185439e-02 1.000000e+02
1.086606e-01 2.770688e-02 1.000000e+02
1.106848e-01 3.484513e-02 1.000000e+02
1.127468e-01 4.312418e-02 1.000000e+02
1.148472e-01 5.270135e-02 1.000000e+02
1.169866e-01 6.388022e-02 1.000000e+02
1.191660e-01 7.713945e-02 1.000000e+02
1.213859e-01 9.319063e-02 1.000000e+02
1.236472e-01 1.127405e-01 1.000000e+02
1.259506e-01 1.364000e-01 1.000000e+02
1.282970e-01 1.648036e-01 1.000000e+02
1.306870e-01 1.985771e-01 1.000000e+02
1.331216e-01 2.382935e-01 1.000000e+02
1.356015e-01 2.844194e-01 1.000000e+02
1.381276e-01 3.372226e-01 1.000000e+02
1.407008e-01 3.966802e-01 1.000000e+02
1.433219e-01 4.633338e-01 1.000000e+02
1.459919e-01 5.398918e-01 1.000000e+02
1.487115e-01 6.307932e-01 1.000000e+02
1.514819e-01 7.425878e-01 1.000000e+02
1.543038e-01 8.812768e-01 1.000000e+02
1.571784e-01 1.050675e+00 1.000000e+02
1.601064e-01 1.253830e+00 1.000000e+02
1.630891e-01 1.493281e+00 1.000000e+02
1.661273e-01 1.774001e+00 1.000000e+02
1.692220e-01 2.102273e+00 1.000000e+02
1.723745e-01 2.485204e+00 1.000000e+02
1.755856e-01 2.930801e+00 1.000000e+02
1.788566e-01 3.448071e+00 1.000000e+02
1.821885e-01 4.047184e+00 1.000000e+02
1.855825e-01 4.740482e+00 1.000000e+02
1.890397e-01 5.543036e+00 1.000000e+02
1.925614e-01 6.472799e+00 1.000000e+02
1.961486e-01 7.551263e+00 1.000000e+02
1.998026e-01 8.804281e+00 1.000000e+02
2.035248e-01 1.026242e+01 1.000000e+02
2.073162e-01 1.195882e+01 1.000000e+02
2.111783e-01 1.393060e+01 1.000000e+02
2.151123e-01 1.622018e+01 1.000000e+02
2.191197e-01 1.887584e+01 1.000000e+02
2.232016e-01 2.195245e+01 1.000000e+02
2.273597e-01 2.551212e+01 1.000000e+02
2.315951e-01 2.962497e+01 1.000000e+02
2.359095e-01 3.436988e+01 1.000000e+02
2.403043e-01 3.983526e+01 1.000000e+02
2.447809e-01 4.611986e+01 1.000000e+02
2.493409e-01 5.333346e+01 1.000000e+02
2.539859e-01 6.159854e+01 1.000000e+02
2.587174e-01 7.105705e+01 1.000000e+02
2.635371e-01 8.187147e+01 1.000000e+02
2.684465e-01 9.422563e+01 1.000000e+02
2.734474e-01 1.083276e+02 1.000000e+02
2.785414e-01 1.244129e+02 1.000000e+02
2.837304e-01 1.427480e+02 1.000000e+02
2.890160e-01 1.636349e+02 1.000000e+02
2.944000e-01 1.874154e+02 1.000000e+02
2.998844e-01 2.144770e+02 1.000000e+02
3.054710e-01 2.452551e+02 1.000000e+02
3.111616e-01 2.802231e+02 1.000000e+02
3.169582e-01 3.199025e+02 1.000000e+02
3.228628e-01 3.648698e+02 1.000000e+02
3.288774e-01 4.157615e+02 1.000000e+02
3.350041e-01 4.732771e+02 1.000000e+02
3.412449e-01 5.381842e+02 1.000000e+02
3.476019e-01 6.113213e+02 1.000000e+02
3.540774e-01 6.936063e+02 1.000000e+02
3.606735e-01 7.861008e+02 1.000000e+02
3.673925e-01 8.900353e+02 1.000000e+02
3.742366e-01 1.006798e+03 1.000000e+02
3.812083e-01 1.137958e+03 1.000000e+02
3.883098e-01 1.285290e+03 1.000000e+02
3.955436e-01 1.450808e+03 1.000000e+02
4.029122e-01 1.636793e+03 1.000000e+02
4.104181e-01 1.845658e+03 1.000000e+02
4.180637e-01 2.079812e+03 1.000000e+02
4.258518e-01 2.341800e+03 1.000000e+02
4.337850e-01 2.634305e+03 1.000000e+02
4.418660e-01 2.960131e+03 1.000000e+02
4.500975e-01 3.322171e+03 1.000000e+02
4.584824e-01 3.723562e+03 1.000000e+02
4.670234e-01 4.168345e+03 1.000000e+02
4.757236e-01 4.661227e+03 1.000000e+02
4.845859e-01 5.207528e+03 1.000000e+02
4.936132e-01 5.813273e+03 1.000000e+02
5.028087e-01 6.485305e+03 1.000000e+02
5.121755e-01 7.230969e+03 1.000000e+02
5.217169e-01 8.057674e+03 1.000000e+02
5.314359e-01 8.973387e+03 1.000000e+02
5.413360e-01 9.986724e+03 1.000000e+02
5.514206e-01 1.110698e+04 1.000000e+02
5.616930e-01 1.234416e+04 1.000000e+02
5.721568e-01 1.370902e+04 1.000000e+02
5.828155e-01 1.521306e+04 1.000000e+02
5.936727e-01 1.686858e+04 1.000000e+02
6.047322e-01 1.868870e+04 1.000000e+02
6.159978e-01 2.068777e+04 1.000000e+02
6.274732e-01 2.288169e+04 1.000000e+02
6.391624e-01 2.528770e+04 1.000000e+02
6.510694e-01 2.792442e+04 1.000000e+02
6.631981e-01 3.081194e+04 1.000000e+02
6.755528e-01 3.397198e+04 1.000000e+02
6.881377e-01 3.742796e+04 1.000000e+02
7.009570e-01 4.120518e+04 1.000000e+02
7.140151e-01 4.533076e+04 1.000000e+02
7.273165e-01 4.983332e+04 1.000000e+02
7.408657e-01 5.474337e+04 1.000000e+02
7.546673e-01 6.009346e+04 1.000000e+02
7.687260e-01 6.591832e+04 1.000000e+02
7.830465e-01 7.225493e+04 1.000000e+02
7.976339e-01 7.914261e+04 1.000000e+02
8.124930e-01 8.662323e+04 1.000000e+02
8.276289e-01 9.474164e+04 1.000000e+02
8.430468e-01 1.035457e+05 1.000000e+02
8.587519e-01 1.130865e+05 1.000000e+02
8.747496e-01 1.234179e+05 1.000000e+02
8.910453e-01 1.345977e+05 1.000000e+02
9.076446e-01 1.466866e+05 1.000000e+02
9.245531e-01 1.597490e+05 1.000000e+02
9.417766e-01 1.738517e+05 1.000000e+02
9.593209e-01 1.890656e+05 1.000000e+02
9.771921e-01 2.054649e+05 1.000000e+02
9.953962e-01 2.231275e+05 1.000000e+02
1.013939e+00 2.421353e+05 1.000000e+02
1.032828e+00 2.625750e+05 1.000000e+02
1.052069e+00 2.845383e+05 1.000000e+02
1.071668e+00 3.081211e+05 1.000000e+02
1.091632e+00 3.334244e+05 1.000000e+02
1.111968e+00 3.605536e+05 1.000000e+02
1.132683e+00 3.896195e+05 1.000000e+02
1.153783e+00 4.207376e+05 1.000000e+02
1.175277e+00 4.540288e+05 1.000000e+02
1.197171e+00 4.896192e+05 1.000000e+02
1.219473e+00 5.276405e+05 1.000000e+02
1.242191e+00 5.682298e+05 1.000000e+02
1.265332e+00 6.115307e+05 1.000000e+02
1.288904e+00 6.577023e+05 1.000000e+02
1.312915e+00 7.069202e+05 1.000000e+02
1.337373e+00 7.593714e+05 1.000000e+02
1.362287e+00 8.152559e+05 1.000000e+02
1.387665e+00 8.747872e+05 1.000000e+02
1.413516e+00 9.381940e+05 1.000000e+02
1.439848e+00 1.005721e+06 1.000000e+02
1.466671e+00 1.077632e+06 1.000000e+02
1.493993e+00 1.154207e+06 1.000000e+02
1.521825e+00 1.235739e+06 1.000000e+02
1.550175e+00 1.322438e+06 1.000000e+02
1.579053e+00 1.414458e+06 1.000000e+02
1.608469e+00 1.511931e+06 1.000000e+02
1.638434e+00 1.614958e+06 1.000000e+02
1.668956e+00 1.723610e+06 1.000000e+02
1.700047e+00 1.837915e+06 1.000000e+02
1.731717e+00 1.957859e+06 1.000000e+02
1.763977e+00 2.083380e+06 1.000000e+02
1.796838e+00 2.214564e+06 1.000000e+02
1.830312e+00 2.351738e+06 1.000000e+02
1.864409e+00 2.495293e+06 1.000000e+02
1.899141e+00 2.645680e+06 1.000000e+02
1.934520e+00 2.803414e+06 1.000000e+02
1.970558e+00 2.969084e+06 1.000000e+02
2.007267e+00 3.143360e+06 1.000000e+02
2.044661e+00 3.326868e+06 1.000000e+02
2.082751e+00 3.519976e+06 1.000000e+02
2.121550e+00 3.723012e+06 1.000000e+02
2.161073e+00 3.936294e+06 1.000000e+02
2.201331e+00 4.160127e+06 1.000000e+02
2.242340e+00 4.394803e+06 1.000000e+02
2.284112e+00 4.640594e+06 1.000000e+02
2.326663e+00 4.897754e+06 1.000000e+02
2.370006e+00 5.166510e+06 1.000000e+02
2.414157e+00 5.447059e+06 1.000000e+02
2.459130e+00 5.739569e+06 1.000000e+02
2.504942e+00 6.044168e+06 1.000000e+02
2.551606e+00 6.361005e+06 1.000000e+02
2.599140e+00 6.690388e+06 1.000000e+02
2.647559e+00 7.032664e+06 1.000000e+02
2.696881e+00 7.388190e+06 1.000000e+02
2.747121e+00 7.757332e+06 1.000000e+02
2.798297e+00 8.140471e+06 1.000000e+02
2.850426e+00 8.537998e+06 1.000000e+02
2.903527e+00 8.950320e+06 1.000000e+02
2.957617e+00 9.377859e+06 1.000000e+02
3.012714e+00 9.821052e+06 1.000000e+02
3.068838e+00 1.028031e+07 1.000000e+02
3.126007e+00 1.075595e+07 1.000000e+02
3.184242e+00 1.124826e+07 1.000000e+02
3.243561e+00 1.175755e+07 1.000000e+02
3.303985e+00 1.228408e+07 1.000000e+02
3.365535e+00 1.282813e+07 1.000000e+02
3.428231e+00 1.338993e+07 1.000000e+02
3.492096e+00 1.396973e+07 1.000000e+02
3.557150e+00 1.456776e+07 1.000000e+02
3.623416e+00 1.518428e+07 1.000000e+02
3.690917e+00 1.581957e+07 1.000000e+02
3.759675e+00 1.647388e+07 1.000000e+02
3.829714e+00 1.714750e+07 1.000000e+02
3.901058e+00 1.784067e+07 1.000000e+02
3.973730e+00 1.855364e+07 1.000000e+02
4.047757e+00 1.928666e+07 1.000000e+02
4.123163e+00 2.003996e+07 1.000000e+02
4.199973e+00 2.081376e+07 1.000000e+02
4.278214e+00 2.160825e+07 1.000000e+02
4.357913e+00 2.242365e+07 1.000000e+02
4.439097e+00 2.326014e+07 1.000000e+02
4.521792e+00 2.411789e+07 1.000000e+02
4.606029e+00 2.499708e+07 1.000000e+02
4.691835e+00 2.589787e+07 1.000000e+02
4.779239e+00 2.682042e+07 1.000000e+02
4.868271e+00 2.776485e+07 1.000000e+02
4.958962e+00 2.873132e+07 1.000000e+02
5.051342e+00 2.971994e+07 1.000000e+02
5.145444e+00 3.073082e+07 1.000000e+02
5.241298e+00 3.176408e+07 1.000000e+02
5.338938e+00 3.281981e+07 1.000000e+02
5.438397e+00 3.389810e+07 1.000000e+02
5.539709e+00 3.499903e+07 1.000000e+02
5.642908e+00 3.612266e+07 1.000000e+02
5.748030e+00 3.726907e+07 1.000000e+02
5.855110e+00 3.843830e+07 1.000000e+02
5.964185e+00 3.963040e+07 1.000000e+02
6.075292e+00 4.084541e+07 1.000000e+02
6.188468e+00 4.208337e+07 1.000000e+02
6.303753e+00 4.334429e+07 1.000000e+02
6.421186e+00 4.462820e+07 1.000000e+02
6.540806e+00 4.593510e+07 1.000000e+02
6.662655e+00 4.726502e+07 1.000000e+02
6.786773e+00 4.861794e+07 1.000000e+02
6.913204e+00 4.999387e+07 1.000000e+02
7.041990e+00 5.139280e+07 1.000000e+02
7.173175e+00 5.281470e+07 1.000000e+02
7.306804e+00 5.425955e+07 1.000000e+02
7.442922e+00 5.572731e+07 1.000000e+02
7.581576e+00 5.721794e+07 1.000000e+02
7.722814e+00 5.873137e+07 1.000000e+02
7.866682e+00 6.026757e+07 1.000000e+02
8.013230e+00 6.182648e+07 1.000000e+02
8.162509e+00 6.340804e+07 1.000000e+02
8.314568e+00 6.501214e+07 1.000000e+02
8.469460e+00 6.663869e+07 1.000000e+02
8.627237e+00 6.828757e+07 1.000000e+02
8.787954e+00 6.995866e+07 1.000000e+02
8.951665e+00 7.165186e+07 1.000000e+02
9.118425e+00 7.336703e+07 1.000000e+02
9.288292e+00 7.510405e+07 1.000000e+02
9.461324e+00 7.686279e+07 1.000000e+02
9.637579e+00 7.864311e+07 1.000000e+02
9.817117e+00 8.044490e+07 1.000000e+02
1.000000e+01 8.226800e+07 1.000000e+02
