# Be9 + t > B11 + n   [Be9_t__B11_n]   ref=TALYS2
# detailed balance: alpha=3.8295 beta=0 gamma=-110.918  Q=9.5582
# T9                 rate                error
1.000000e-03 1.000000e-35 1.000000e+02
1.018629e-03 1.065708e-35 1.000000e+02
1.037605e-03 1.138452e-35 1.000000e+02
1.056935e-03 1.219164e-35 1.000000e+02
1.076624e-03 1.308922e-35 1.000000e+02
1.096681e-03 1.408972e-35 1.000000e+02
1.117111e-03 1.520760e-35 1.000000e+02
1.137921e-03 1.645971e-35 1.000000e+02
1.159120e-03 1.786568e-35 1.000000e+02
1.180713e-03 1.944850e-35 1.000000e+02
1.202708e-03 2.123510e-35 1.000000e+02
1.225114e-03 2.325721e-35 1.000000e+02
1.247936e-03 2.555223e-35 1.000000e+02
1.271184e-03 2.816443e-35 1.000000e+02
1.294865e-03 3.114633e-35 1.000000e+02
1.318987e-03 3.456047e-35 1.000000e+02
1.343558e-03 3.848153e-35 1.000000e+02
1.368587e-03 4.299895e-35 1.000000e+02
1.394083e-03 4.822022e-35 1.000000e+02
1.420053e-03 5.427494e-35 1.000000e+02
1.446507e-03 6.131988e-35 1.000000e+02
1.473454e-03 6.954534e-35 1.000000e+02
1.500903e-03 7.918311e-35 1.000000e+02
1.528864e-03 9.051651e-35 1.000000e+02
1.557345e-03 1.038931e-34 1.000000e+02
1.586357e-03 1.197409e-34 1.000000e+02
1.615909e-03 1.385887e-34 1.000000e+02
1.646012e-03 1.610928e-34 1.000000e+02
1.676675e-03 1.880701e-34 1.000000e+02
1.707910e-03 2.205425e-34 1.000000e+02
1.739726e-03 2.597923e-34 1.000000e+02
1.772136e-03 3.074363e-34 1.000000e+02
1.805149e-03 3.655203e-34 1.000000e+02
1.838777e-03 4.366449e-34 1.000000e+02
1.873032e-03 5.241300e-34 1.000000e+02
1.907924e-03 6.322315e-34 1.000000e+02
1.943467e-03 7.664307e-34 1.000000e+02
1.979672e-03 9.338178e-34 1.000000e+02
2.016551e-03 1.143607e-33 1.000000e+02
2.054117e-03 1.407830e-33 1.000000e+02
2.092383e-03 1.742269e-33 1.000000e+02
2.131362e-03 2.167726e-33 1.000000e+02
2.171068e-03 2.711760e-33 1.000000e+02
2.211512e-03 3.411053e-33 1.000000e+02
2.252711e-03 4.314686e-33 1.000000e+02
2.294676e-03 5.488660e-33 1.000000e+02
2.337424e-03 7.022196e-33 1.000000e+02
2.380968e-03 9.036534e-33 1.000000e+02
2.425323e-03 1.169732e-32 1.000000e+02
2.470504e-03 1.523207e-32 1.000000e+02
2.516527e-03 1.995506e-32 1.000000e+02
2.563407e-03 2.630278e-32 1.000000e+02
2.611161e-03 3.488489e-32 1.000000e+02
2.659804e-03 4.655791e-32 1.000000e+02
2.709354e-03 6.253209e-32 1.000000e+02
2.759826e-03 8.452762e-32 1.000000e+02
2.811239e-03 1.150042e-31 1.000000e+02
2.863610e-03 1.575001e-31 1.000000e+02
2.916956e-03 2.171368e-31 1.000000e+02
2.971296e-03 3.013729e-31 1.000000e+02
3.026648e-03 4.211510e-31 1.000000e+02
3.083031e-03 5.930328e-31 1.000000e+02
3.140465e-03 8.427273e-31 1.000000e+02
3.198969e-03 1.210426e-30 1.000000e+02
3.258562e-03 1.759980e-30 1.000000e+02
3.319266e-03 2.594603e-30 1.000000e+02
3.381101e-03 3.884215e-30 1.000000e+02
3.444087e-03 5.913985e-30 1.000000e+02
3.508247e-03 9.172277e-30 1.000000e+02
3.573602e-03 1.451341e-29 1.000000e+02
3.640175e-03 2.346566e-29 1.000000e+02
3.707988e-03 3.882775e-29 1.000000e+02
3.777064e-03 6.585267e-29 1.000000e+02
3.847427e-03 1.146573e-28 1.000000e+02
3.919100e-03 2.052592e-28 1.000000e+02
3.992109e-03 3.784004e-28 1.000000e+02
4.066478e-03 7.188717e-28 1.000000e+02
4.142232e-03 1.401674e-27 1.000000e+02
4.219398e-03 2.789179e-27 1.000000e+02
4.298001e-03 5.632183e-27 1.000000e+02
4.378069e-03 1.147587e-26 1.000000e+02
4.459628e-03 2.346064e-26 1.000000e+02
4.542706e-03 4.784946e-26 1.000000e+02
4.627332e-03 9.681319e-26 1.000000e+02
4.713535e-03 1.932188e-25 1.000000e+02
4.801343e-03 3.782328e-25 1.000000e+02
4.890787e-03 7.221061e-25 1.000000e+02
4.981898e-03 1.336941e-24 1.000000e+02
5.074705e-03 2.389212e-24 1.000000e+02
5.169242e-03 4.131369e-24 1.000000e+02
5.265540e-03 6.951405e-24 1.000000e+02
5.363631e-03 1.144563e-23 1.000000e+02
5.463550e-03 1.854574e-23 1.000000e+02
5.565331e-03 2.973958e-23 1.000000e+02
5.669007e-03 4.746364e-23 1.000000e+02
5.774615e-03 7.581785e-23 1.000000e+02
5.882190e-03 1.219032e-22 1.000000e+02
5.991770e-03 1.983998e-22 1.000000e+02
6.103390e-03 3.283734e-22 1.000000e+02
6.217090e-03 5.525341e-22 1.000000e+02
6.332908e-03 9.434216e-22 1.000000e+02
6.450884e-03 1.631546e-21 1.000000e+02
6.571058e-03 2.852533e-21 1.000000e+02
6.693470e-03 5.032582e-21 1.000000e+02
6.818162e-03 8.942748e-21 1.000000e+02
6.945178e-03 1.597578e-20 1.000000e+02
7.074559e-03 2.864036e-20 1.000000e+02
7.206351e-03 5.147744e-20 1.000000e+02
7.340598e-03 9.274485e-20 1.000000e+02
7.477346e-03 1.674630e-19 1.000000e+02
7.616642e-03 3.029886e-19 1.000000e+02
7.758532e-03 5.492039e-19 1.000000e+02
7.903066e-03 9.971551e-19 1.000000e+02
8.050292e-03 1.813191e-18 1.000000e+02
8.200261e-03 3.304989e-18 1.000000e+02
8.353023e-03 6.054005e-18 1.000000e+02
8.508632e-03 1.117436e-17 1.000000e+02
8.667139e-03 2.083866e-17 1.000000e+02
8.828599e-03 3.936814e-17 1.000000e+02
8.993067e-03 7.554543e-17 1.000000e+02
9.160598e-03 1.472851e-16 1.000000e+02
9.331251e-03 2.885897e-16 1.000000e+02
9.505083e-03 5.603966e-16 1.000000e+02
9.682153e-03 1.063466e-15 1.000000e+02
9.862522e-03 1.944847e-15 1.000000e+02
1.004625e-02 3.380154e-15 1.000000e+02
1.023340e-02 5.559121e-15 1.000000e+02
1.042404e-02 8.776687e-15 1.000000e+02
1.061823e-02 1.352313e-14 1.000000e+02
1.081604e-02 2.067350e-14 1.000000e+02
1.101753e-02 3.187918e-14 1.000000e+02
1.122277e-02 5.017894e-14 1.000000e+02
1.143184e-02 8.043190e-14 1.000000e+02
1.164481e-02 1.306187e-13 1.000000e+02
1.186174e-02 2.138110e-13 1.000000e+02
1.208271e-02 3.509977e-13 1.000000e+02
1.230780e-02 5.764488e-13 1.000000e+02
1.253708e-02 9.482269e-13 1.000000e+02
1.277063e-02 1.564550e-12 1.000000e+02
1.300854e-02 2.593122e-12 1.000000e+02
1.325087e-02 4.321954e-12 1.000000e+02
1.349772e-02 7.241716e-12 1.000000e+02
1.374917e-02 1.219146e-11 1.000000e+02
1.400531e-02 2.060970e-11 1.000000e+02
1.426621e-02 3.496870e-11 1.000000e+02
1.453198e-02 5.954237e-11 1.000000e+02
1.480269e-02 1.017409e-10 1.000000e+02
1.507845e-02 1.744500e-10 1.000000e+02
1.535935e-02 3.001348e-10 1.000000e+02
1.564548e-02 5.180353e-10 1.000000e+02
1.593694e-02 8.968593e-10 1.000000e+02
1.623382e-02 1.557143e-09 1.000000e+02
1.653624e-02 2.710408e-09 1.000000e+02
1.684430e-02 4.728038e-09 1.000000e+02
1.715809e-02 8.262373e-09 1.000000e+02
1.747773e-02 1.445918e-08 1.000000e+02
1.780332e-02 2.533002e-08 1.000000e+02
1.813498e-02 4.440373e-08 1.000000e+02
1.847281e-02 7.787665e-08 1.000000e+02
1.881694e-02 1.366478e-07 1.000000e+02
1.916748e-02 2.398918e-07 1.000000e+02
1.952456e-02 4.213623e-07 1.000000e+02
1.988828e-02 7.405138e-07 1.000000e+02
2.025878e-02 1.302054e-06 1.000000e+02
2.063618e-02 2.288877e-06 1.000000e+02
2.102061e-02 4.018032e-06 1.000000e+02
2.141220e-02 7.035571e-06 1.000000e+02
2.181109e-02 1.227376e-05 1.000000e+02
2.221741e-02 2.130813e-05 1.000000e+02
2.263130e-02 3.677056e-05 1.000000e+02
2.305289e-02 6.299986e-05 1.000000e+02
2.348235e-02 1.070436e-04 1.000000e+02
2.391980e-02 1.801612e-04 1.000000e+02
2.436540e-02 3.000118e-04 1.000000e+02
2.481930e-02 4.937300e-04 1.000000e+02
2.528166e-02 8.021446e-04 1.000000e+02
2.575263e-02 1.286933e-03 1.000000e+02
2.623238e-02 2.041614e-03 1.000000e+02
2.672106e-02 3.206941e-03 1.000000e+02
2.721885e-02 4.994516e-03 1.000000e+02
2.772591e-02 7.722643e-03 1.000000e+02
2.824241e-02 1.187118e-02 1.000000e+02
2.876854e-02 1.816615e-02 1.000000e+02
2.930447e-02 2.771136e-02 1.000000e+02
2.985038e-02 4.219530e-02 1.000000e+02
3.040646e-02 6.418593e-02 1.000000e+02
3.097291e-02 9.714575e-02 1.000000e+02
3.154990e-02 1.453112e-01 1.000000e+02
3.213764e-02 2.133717e-01 1.000000e+02
3.273634e-02 3.054981e-01 1.000000e+02
3.334618e-02 4.236288e-01 1.000000e+02
3.396739e-02 5.651183e-01 1.000000e+02
3.460016e-02 7.203462e-01 1.000000e+02
3.524473e-02 8.714907e-01 1.000000e+02
3.590130e-02 9.939743e-01 1.000000e+02
3.657011e-02 1.061573e+00 1.000000e+02
3.725137e-02 1.054528e+00 1.000000e+02
3.794533e-02 9.677687e-01 1.000000e+02
3.865221e-02 8.150073e-01 1.000000e+02
3.937226e-02 6.256036e-01 1.000000e+02
4.010573e-02 4.347725e-01 1.000000e+02
4.085286e-02 2.735938e-01 1.000000e+02
4.161391e-02 1.587456e-01 1.000000e+02
4.238913e-02 8.673273e-02 1.000000e+02
4.317880e-02 4.557070e-02 1.000000e+02
4.398317e-02 2.351499e-02 1.000000e+02
4.480254e-02 1.217014e-02 1.000000e+02
4.563716e-02 6.451677e-03 1.000000e+02
4.648734e-02 3.577763e-03 1.000000e+02
4.735335e-02 2.119568e-03 1.000000e+02
4.823549e-02 1.369983e-03 1.000000e+02
4.913407e-02 9.866201e-04 1.000000e+02
5.004939e-02 8.085121e-04 1.000000e+02
5.098176e-02 7.638560e-04 1.000000e+02
5.193150e-02 8.204619e-04 1.000000e+02
5.289893e-02 9.823339e-04 1.000000e+02
5.388438e-02 1.285421e-03 1.000000e+02
5.488820e-02 1.802389e-03 1.000000e+02
5.591071e-02 2.655222e-03 1.000000e+02
5.695227e-02 4.029336e-03 1.000000e+02
5.801323e-02 6.175592e-03 1.000000e+02
5.909396e-02 9.372763e-03 1.000000e+02
6.019482e-02 1.381155e-02 1.000000e+02
6.131619e-02 1.950917e-02 1.000000e+02
6.245845e-02 2.651220e-02 1.000000e+02
6.362198e-02 3.487380e-02 1.000000e+02
6.480720e-02 4.467195e-02 1.000000e+02
6.601449e-02 5.606454e-02 1.000000e+02
6.724427e-02 6.935775e-02 1.000000e+02
6.849697e-02 8.509241e-02 1.000000e+02
6.977300e-02 1.041625e-01 1.000000e+02
7.107280e-02 1.278985e-01 1.000000e+02
7.239681e-02 1.575527e-01 1.000000e+02
7.374549e-02 1.943248e-01 1.000000e+02
7.511929e-02 2.394999e-01 1.000000e+02
7.651869e-02 2.943674e-01 1.000000e+02
7.794416e-02 3.600924e-01 1.000000e+02
7.939618e-02 4.375331e-01 1.000000e+02
8.087525e-02 5.269697e-01 1.000000e+02
8.238187e-02 6.272159e-01 1.000000e+02
8.391656e-02 7.349313e-01 1.000000e+02
8.547985e-02 8.445138e-01 1.000000e+02
8.707225e-02 9.480460e-01 1.000000e+02
8.869432e-02 1.035731e+00 1.000000e+02
9.034660e-02 1.096993e+00 1.000000e+02
9.202967e-02 1.128290e+00 1.000000e+02
9.374409e-02 1.142347e+00 1.000000e+02
9.549045e-02 1.155897e+00 1.000000e+02
9.726934e-02 1.186771e+00 1.000000e+02
9.908137e-02 1.255233e+00 1.000000e+02
1.009272e-01 1.387772e+00 1.000000e+02
1.028073e-01 1.605361e+00 1.000000e+02
1.047225e-01 1.918721e+00 1.000000e+02
1.066734e-01 2.338310e+00 1.000000e+02
1.086606e-01 2.867544e+00 1.000000e+02
1.106848e-01 3.492603e+00 1.000000e+02
1.127468e-01 4.196350e+00 1.000000e+02
1.148472e-01 4.988181e+00 1.000000e+02
1.169866e-01 5.888216e+00 1.000000e+02
1.191660e-01 6.928185e+00 1.000000e+02
1.213859e-01 8.154301e+00 1.000000e+02
1.236472e-01 9.608286e+00 1.000000e+02
1.259506e-01 1.132147e+01 1.000000e+02
1.282970e-01 1.332428e+01 1.000000e+02
1.306870e-01 1.564428e+01 1.000000e+02
1.331216e-01 1.830354e+01 1.000000e+02
1.356015e-01 2.131558e+01 1.000000e+02
1.381276e-01 2.468072e+01 1.000000e+02
1.407008e-01 2.838193e+01 1.000000e+02
1.433219e-01 3.243854e+01 1.000000e+02
1.459919e-01 3.699762e+01 1.000000e+02
1.487115e-01 4.229530e+01 1.000000e+02
1.514819e-01 4.866837e+01 1.000000e+02
1.543038e-01 5.639379e+01 1.000000e+02
1.571784e-01 6.560487e+01 1.000000e+02
1.601064e-01 7.638286e+01 1.000000e+02
1.630891e-01 8.877702e+01 1.000000e+02
1.661273e-01 1.029572e+02 1.000000e+02
1.692220e-01 1.191450e+02 1.000000e+02
1.723745e-01 1.375849e+02 1.000000e+02
1.755856e-01 1.585453e+02 1.000000e+02
1.788566e-01 1.823205e+02 1.000000e+02
1.821885e-01 2.092355e+02 1.000000e+02
1.855825e-01 2.396873e+02 1.000000e+02
1.890397e-01 2.741609e+02 1.000000e+02
1.925614e-01 3.132269e+02 1.000000e+02
1.961486e-01 3.575589e+02 1.000000e+02
1.998026e-01 4.079557e+02 1.000000e+02
2.035248e-01 4.653424e+02 1.000000e+02
2.073162e-01 5.306726e+02 1.000000e+02
2.111783e-01 6.049799e+02 1.000000e+02
2.151123e-01 6.894164e+02 1.000000e+02
2.191197e-01 7.852617e+02 1.000000e+02
2.232016e-01 8.939338e+02 1.000000e+02
2.273597e-01 1.016999e+03 1.000000e+02
2.315951e-01 1.156180e+03 1.000000e+02
2.359095e-01 1.313368e+03 1.000000e+02
2.403043e-01 1.490629e+03 1.000000e+02
2.447809e-01 1.690209e+03 1.000000e+02
2.493409e-01 1.914543e+03 1.000000e+02
2.539859e-01 2.166282e+03 1.000000e+02
2.587174e-01 2.448481e+03 1.000000e+02
2.635371e-01 2.764583e+03 1.000000e+02
2.684465e-01 3.118410e+03 1.000000e+02
2.734474e-01 3.514207e+03 1.000000e+02
2.785414e-01 3.956684e+03 1.000000e+02
2.837304e-01 4.451075e+03 1.000000e+02
2.890160e-01 5.003196e+03 1.000000e+02
2.944000e-01 5.619515e+03 1.000000e+02
2.998844e-01 6.307226e+03 1.000000e+02
3.054710e-01 7.074241e+03 1.000000e+02
3.111616e-01 7.928875e+03 1.000000e+02
3.169582e-01 8.880042e+03 1.000000e+02
3.228628e-01 9.937379e+03 1.000000e+02
3.288774e-01 1.111127e+04 1.000000e+02
3.350041e-01 1.241286e+04 1.000000e+02
3.412449e-01 1.385411e+04 1.000000e+02
3.476019e-01 1.544773e+04 1.000000e+02
3.540774e-01 1.720737e+04 1.000000e+02
3.606735e-01 1.914883e+04 1.000000e+02
3.673925e-01 2.129046e+04 1.000000e+02
3.742366e-01 2.365264e+04 1.000000e+02
3.812083e-01 2.625808e+04 1.000000e+02
3.883098e-01 2.913213e+04 1.000000e+02
3.955436e-01 3.230314e+04 1.000000e+02
4.029122e-01 3.580274e+04 1.000000e+02
4.104181e-01 3.966301e+04 1.000000e+02
4.180637e-01 4.391389e+04 1.000000e+02
4.258518e-01 4.858597e+04 1.000000e+02
4.337850e-01 5.371035e+04 1.000000e+02
4.418660e-01 5.931835e+04 1.000000e+02
4.500975e-01 6.544098e+04 1.000000e+02
4.584824e-01 7.211150e+04 1.000000e+02
4.670234e-01 7.937622e+04 1.000000e+02
4.757236e-01 8.728948e+04 1.000000e+02
4.845859e-01 9.591217e+04 1.000000e+02
4.936132e-01 1.053126e+05 1.000000e+02
5.028087e-01 1.155675e+05 1.000000e+02
5.121755e-01 1.267569e+05 1.000000e+02
5.217169e-01 1.389565e+05 1.000000e+02
5.314359e-01 1.522460e+05 1.000000e+02
5.413360e-01 1.667096e+05 1.000000e+02
5.514206e-01 1.824363e+05 1.000000e+02
5.616930e-01 1.995196e+05 1.000000e+02
5.721568e-01 2.180578e+05 1.000000e+02
5.828155e-01 2.381539e+05 1.000000e+02
5.936727e-01 2.599151e+05 1.000000e+02
6.047322e-01 2.834531e+05 1.000000e+02
6.159978e-01 3.088894e+05 1.000000e+02
6.274732e-01 3.363581e+05 1.000000e+02
6.391624e-01 3.660021e+05 1.000000e+02
6.510694e-01 3.979730e+05 1.000000e+02
6.631981e-01 4.324321e+05 1.000000e+02
6.755528e-01 4.695502e+05 1.000000e+02
6.881377e-01 5.095089e+05 1.000000e+02
7.009570e-01 5.525006e+05 1.000000e+02
7.140151e-01 5.987277e+05 1.000000e+02
7.273165e-01 6.483982e+05 1.000000e+02
7.408657e-01 7.017286e+05 1.000000e+02
7.546673e-01 7.589458e+05 1.000000e+02
7.687260e-01 8.202871e+05 1.000000e+02
7.830465e-01 8.860000e+05 1.000000e+02
7.976339e-01 9.563427e+05 1.000000e+02
8.124930e-01 1.031585e+06 1.000000e+02
8.276289e-01 1.112010e+06 1.000000e+02
8.430468e-01 1.197916e+06 1.000000e+02
8.587519e-01 1.289614e+06 1.000000e+02
8.747496e-01 1.387428e+06 1.000000e+02
8.910453e-01 1.491695e+06 1.000000e+02
9.076446e-01 1.602765e+06 1.000000e+02
9.245531e-01 1.720999e+06 1.000000e+02
9.417766e-01 1.846766e+06 1.000000e+02
9.593209e-01 1.980446e+06 1.000000e+02
9.771921e-01 2.122429e+06 1.000000e+02
9.953962e-01 2.273119e+06 1.000000e+02
1.013939e+00 2.432928e+06 1.000000e+02
1.032828e+00 2.602287e+06 1.000000e+02
1.052069e+00 2.781641e+06 1.000000e+02
1.071668e+00 2.971447e+06 1.000000e+02
1.091632e+00 3.172176e+06 1.000000e+02
1.111968e+00 3.384310e+06 1.000000e+02
1.132683e+00 3.608341e+06 1.000000e+02
1.153783e+00 3.844774e+06 1.000000e+02
1.175277e+00 4.094125e+06 1.000000e+02
1.197171e+00 4.356920e+06 1.000000e+02
1.219473e+00 4.633695e+06 1.000000e+02
1.242191e+00 4.924995e+06 1.000000e+02
1.265332e+00 5.231382e+06 1.000000e+02
1.288904e+00 5.553499e+06 1.000000e+02
1.312915e+00 5.892070e+06 1.000000e+02
1.337373e+00 6.247861e+06 1.000000e+02
1.362287e+00 6.621683e+06 1.000000e+02
1.387665e+00 7.014397e+06 1.000000e+02
1.413516e+00 7.426916e+06 1.000000e+02
1.439848e+00 7.860213e+06 1.000000e+02
1.466671e+00 8.315320e+06 1.000000e+02
1.493993e+00 8.793341e+06 1.000000e+02
1.521825e+00 9.295371e+06 1.000000e+02
1.550175e+00 9.821934e+06 1.000000e+02
1.579053e+00 1.037316e+07 1.000000e+02
1.608469e+00 1.094900e+07 1.000000e+02
1.638434e+00 1.154926e+07 1.000000e+02
1.668956e+00 1.217350e+07 1.000000e+02
1.700047e+00 1.282109e+07 1.000000e+02
1.731717e+00 1.349115e+07 1.000000e+02
1.763977e+00 1.418254e+07 1.000000e+02
1.796838e+00 1.489504e+07 1.000000e+02
1.830312e+00 1.562981e+07 1.000000e+02
1.864409e+00 1.638832e+07 1.000000e+02
1.899141e+00 1.717229e+07 1.000000e+02
1.934520e+00 1.798370e+07 1.000000e+02
1.970558e+00 1.882485e+07 1.000000e+02
2.007267e+00 1.969833e+07 1.000000e+02
2.044661e+00 2.060640e+07 1.000000e+02
2.082751e+00 2.154983e+07 1.000000e+02
2.121550e+00 2.252911e+07 1.000000e+02
2.161073e+00 2.354466e+07 1.000000e+02
2.201331e+00 2.459681e+07 1.000000e+02
2.242340e+00 2.568578e+07 1.000000e+02
2.284112e+00 2.681168e+07 1.000000e+02
2.326663e+00 2.797449e+07 1.000000e+02
2.370006e+00 2.917405e+07 1.000000e+02
2.414157e+00 3.041008e+07 1.000000e+02
2.459130e+00 3.168211e+07 1.000000e+02
2.504942e+00 3.298954e+07 1.000000e+02
2.551606e+00 3.433185e+07 1.000000e+02
2.599140e+00 3.570927e+07 1.000000e+02
2.647559e+00 3.712218e+07 1.000000e+02
2.696881e+00 3.857096e+07 1.000000e+02
2.747121e+00 4.005604e+07 1.000000e+02
2.798297e+00 4.157785e+07 1.000000e+02
2.850426e+00 4.313684e+07 1.000000e+02
2.903527e+00 4.473350e+07 1.000000e+02
2.957617e+00 4.636834e+07 1.000000e+02
3.012714e+00 4.804190e+07 1.000000e+02
3.068838e+00 4.975457e+07 1.000000e+02
3.126007e+00 5.150629e+07 1.000000e+02
3.184242e+00 5.329691e+07 1.000000e+02
3.243561e+00 5.512621e+07 1.000000e+02
3.303985e+00 5.699391e+07 1.000000e+02
3.365535e+00 5.889970e+07 1.000000e+02
3.428231e+00 6.084316e+07 1.000000e+02
3.492096e+00 6.282385e+07 1.000000e+02
3.557150e+00 6.484128e+07 1.000000e+02
3.623416e+00 6.689507e+07 1.000000e+02
3.690917e+00 6.898489e+07 1.000000e+02
3.759675e+00 7.111038e+07 1.000000e+02
3.829714e+00 7.327113e+07 1.000000e+02
3.901058e+00 7.546672e+07 1.000000e+02
3.973730e+00 7.769670e+07 1.000000e+02
4.047757e+00 7.996056e+07 1.000000e+02
4.123163e+00 8.225769e+07 1.000000e+02
4.199973e+00 8.458733e+07 1.000000e+02
4.278214e+00 8.694868e+07 1.000000e+02
4.357913e+00 8.934091e+07 1.000000e+02
4.439097e+00 9.176313e+07 1.000000e+02
4.521792e+00 9.421439e+07 1.000000e+02
4.606029e+00 9.669371e+07 1.000000e+02
4.691835e+00 9.920006e+07 1.000000e+02
4.779239e+00 1.017324e+08 1.000000e+02
4.868271e+00 1.042895e+08 1.000000e+02
4.958962e+00 1.068703e+08 1.000000e+02
5.051342e+00 1.094736e+08 1.000000e+02
5.145444e+00 1.120980e+08 1.000000e+02
5.241298e+00 1.147421e+08 1.000000e+02
5.338938e+00 1.174044e+08 1.000000e+02
5.438397e+00 1.200834e+08 1.000000e+02
5.539709e+00 1.227774e+08 1.000000e+02
5.642908e+00 1.254849e+08 1.000000e+02
5.748030e+00 1.282040e+08 1.000000e+02
5.855110e+00 1.309332e+08 1.000000e+02
5.964185e+00 1.336706e+08 1.000000e+02
6.075292e+00 1.364144e+08 1.000000e+02
6.188468e+00 1.391626e+08 1.000000e+02
6.303753e+00 1.419133e+08 1.000000e+02
6.421186e+00 1.446643e+08 1.000000e+02
6.540806e+00 1.474136e+08 1.000000e+02
6.662655e+00 1.501591e+08 1.000000e+02
6.786773e+00 1.528985e+08 1.000000e+02
6.913204e+00 1.556296e+08 1.000000e+02
7.041990e+00 1.583503e+08 1.000000e+02
7.173175e+00 1.610582e+08 1.000000e+02
7.306804e+00 1.637513e+08 1.000000e+02
7.442922e+00 1.664275e+08 1.000000e+02
7.581576e+00 1.690846e+08 1.000000e+02
7.722814e+00 1.717206e+08 1.000000e+02
7.866682e+00 1.743333e+08 1.000000e+02
8.013230e+00 1.769205e+08 1.000000e+02
8.162509e+00 1.794802e+08 1.000000e+02
8.314568e+00 1.820103e+08 1.000000e+02
8.469460e+00 1.845084e+08 1.000000e+02
8.627237e+00 1.869725e+08 1.000000e+02
8.787954e+00 1.894005e+08 1.000000e+02
8.951665e+00 1.917903e+08 1.000000e+02
9.118425e+00 1.941397e+08 1.000000e+02
9.288292e+00 1.964467e+08 1.000000e+02
9.461324e+00 1.987092e+08 1.000000e+02
9.637579e+00 2.009252e+08 1.000000e+02
9.817117e+00 2.030928e+08 1.000000e+02
1.000000e+01 2.052100e+08 1.000000e+02
