# C11 + t > B11 + He3   [C11_t__B11_He3]   ref=TALYS2
# detailed balance: alpha=1.0003 beta=0 gamma=-23.2205  Q=2.001
# T9                 rate                error
1.000000e-03 1.000000e-35 1.000000e+02
1.018629e-03 1.010493e-35 1.000000e+02
1.037605e-03 1.018273e-35 1.000000e+02
1.056935e-03 1.023377e-35 1.000000e+02
1.076624e-03 1.025862e-35 1.000000e+02
1.096681e-03 1.025810e-35 1.000000e+02
1.117111e-03 1.023320e-35 1.000000e+02
1.137921e-03 1.018509e-35 1.000000e+02
1.159120e-03 1.011507e-35 1.000000e+02
1.180713e-03 1.002458e-35 1.000000e+02
1.202708e-03 9.915137e-36 1.000000e+02
1.225114e-03 9.788330e-36 1.000000e+02
1.247936e-03 9.645796e-36 1.000000e+02
1.271184e-03 9.489192e-36 1.000000e+02
1.294865e-03 9.320180e-36 1.000000e+02
1.318987e-03 9.140405e-36 1.000000e+02
1.343558e-03 8.951477e-36 1.000000e+02
1.368587e-03 8.754964e-36 1.000000e+02
1.394083e-03 8.552372e-36 1.000000e+02
1.420053e-03 8.345137e-36 1.000000e+02
1.446507e-03 8.134618e-36 1.000000e+02
1.473454e-03 7.922092e-36 1.000000e+02
1.500903e-03 7.708747e-36 1.000000e+02
1.528864e-03 7.495680e-36 1.000000e+02
1.557345e-03 7.283896e-36 1.000000e+02
1.586357e-03 7.074310e-36 1.000000e+02
1.615909e-03 6.867747e-36 1.000000e+02
1.646012e-03 6.664943e-36 1.000000e+02
1.676675e-03 6.466551e-36 1.000000e+02
1.707910e-03 6.273145e-36 1.000000e+02
1.739726e-03 6.085221e-36 1.000000e+02
1.772136e-03 5.903207e-36 1.000000e+02
1.805149e-03 5.727465e-36 1.000000e+02
1.838777e-03 5.558298e-36 1.000000e+02
1.873032e-03 5.395955e-36 1.000000e+02
1.907924e-03 5.240636e-36 1.000000e+02
1.943467e-03 5.092502e-36 1.000000e+02
1.979672e-03 4.951673e-36 1.000000e+02
2.016551e-03 4.818240e-36 1.000000e+02
2.054117e-03 4.692268e-36 1.000000e+02
2.092383e-03 4.573801e-36 1.000000e+02
2.131362e-03 4.462867e-36 1.000000e+02
2.171068e-03 4.359483e-36 1.000000e+02
2.211512e-03 4.263660e-36 1.000000e+02
2.252711e-03 4.175408e-36 1.000000e+02
2.294676e-03 4.094738e-36 1.000000e+02
2.337424e-03 4.021669e-36 1.000000e+02
2.380968e-03 3.956232e-36 1.000000e+02
2.425323e-03 3.898473e-36 1.000000e+02
2.470504e-03 3.848459e-36 1.000000e+02
2.516527e-03 3.806281e-36 1.000000e+02
2.563407e-03 3.772060e-36 1.000000e+02
2.611161e-03 3.745954e-36 1.000000e+02
2.659804e-03 3.728159e-36 1.000000e+02
2.709354e-03 3.718918e-36 1.000000e+02
2.759826e-03 3.718531e-36 1.000000e+02
2.811239e-03 3.727355e-36 1.000000e+02
2.863610e-03 3.745821e-36 1.000000e+02
2.916956e-03 3.774437e-36 1.000000e+02
2.971296e-03 3.813805e-36 1.000000e+02
3.026648e-03 3.864588e-36 1.000000e+02
3.083031e-03 3.926458e-36 1.000000e+02
3.140465e-03 3.997941e-36 1.000000e+02
3.198969e-03 4.077444e-36 1.000000e+02
3.258562e-03 4.163271e-36 1.000000e+02
3.319266e-03 4.253581e-36 1.000000e+02
3.381101e-03 4.346371e-36 1.000000e+02
3.444087e-03 4.439453e-36 1.000000e+02
3.508247e-03 4.530450e-36 1.000000e+02
3.573602e-03 4.616798e-36 1.000000e+02
3.640175e-03 4.695770e-36 1.000000e+02
3.707988e-03 4.764503e-36 1.000000e+02
3.777064e-03 4.820054e-36 1.000000e+02
3.847427e-03 4.859462e-36 1.000000e+02
3.919100e-03 4.879835e-36 1.000000e+02
3.992109e-03 4.878443e-36 1.000000e+02
4.066478e-03 4.855325e-36 1.000000e+02
4.142232e-03 4.824488e-36 1.000000e+02
4.219398e-03 4.804393e-36 1.000000e+02
4.298001e-03 4.813258e-36 1.000000e+02
4.378069e-03 4.869809e-36 1.000000e+02
4.459628e-03 4.994773e-36 1.000000e+02
4.542706e-03 5.213261e-36 1.000000e+02
4.627332e-03 5.558429e-36 1.000000e+02
4.713535e-03 6.077185e-36 1.000000e+02
4.801343e-03 6.839422e-36 1.000000e+02
4.890787e-03 7.953566e-36 1.000000e+02
4.981898e-03 9.593758e-36 1.000000e+02
5.074705e-03 1.204116e-35 1.000000e+02
5.169242e-03 1.569808e-35 1.000000e+02
5.265540e-03 2.117514e-35 1.000000e+02
5.363631e-03 2.943790e-35 1.000000e+02
5.463550e-03 4.201332e-35 1.000000e+02
5.565331e-03 6.131492e-35 1.000000e+02
5.669007e-03 9.114717e-35 1.000000e+02
5.774615e-03 1.374729e-34 1.000000e+02
5.882190e-03 2.095498e-34 1.000000e+02
5.991770e-03 3.215530e-34 1.000000e+02
6.103390e-03 4.951877e-34 1.000000e+02
6.217090e-03 7.661026e-34 1.000000e+02
6.332908e-03 1.193467e-33 1.000000e+02
6.450884e-03 1.876494e-33 1.000000e+02
6.571058e-03 2.984723e-33 1.000000e+02
6.693470e-03 4.813795e-33 1.000000e+02
6.818162e-03 7.890506e-33 1.000000e+02
6.945178e-03 1.317536e-32 1.000000e+02
7.074559e-03 2.246011e-32 1.000000e+02
7.206351e-03 3.909133e-32 1.000000e+02
7.340598e-03 6.934810e-32 1.000000e+02
7.477346e-03 1.251751e-31 1.000000e+02
7.616642e-03 2.294956e-31 1.000000e+02
7.758532e-03 4.266260e-31 1.000000e+02
7.903066e-03 8.027502e-31 1.000000e+02
8.050292e-03 1.526334e-30 1.000000e+02
8.200261e-03 2.940131e-30 1.000000e+02
8.353023e-03 5.789541e-30 1.000000e+02
8.508632e-03 1.176603e-29 1.000000e+02
8.667139e-03 2.491561e-29 1.000000e+02
8.828599e-03 5.550307e-29 1.000000e+02
8.993067e-03 1.313149e-28 1.000000e+02
9.160598e-03 3.308542e-28 1.000000e+02
9.331251e-03 8.629320e-28 1.000000e+02
9.505083e-03 2.244943e-27 1.000000e+02
9.682153e-03 5.612994e-27 1.000000e+02
9.862522e-03 1.299618e-26 1.000000e+02
1.004625e-02 2.685490e-26 1.000000e+02
1.023340e-02 4.885017e-26 1.000000e+02
1.042404e-02 8.072219e-26 1.000000e+02
1.061823e-02 1.256915e-25 1.000000e+02
1.081604e-02 1.912966e-25 1.000000e+02
1.101753e-02 2.951862e-25 1.000000e+02
1.122277e-02 4.741763e-25 1.000000e+02
1.143184e-02 7.888492e-25 1.000000e+02
1.164481e-02 1.343911e-24 1.000000e+02
1.186174e-02 2.318363e-24 1.000000e+02
1.208271e-02 4.004914e-24 1.000000e+02
1.230780e-02 6.891023e-24 1.000000e+02
1.253708e-02 1.184246e-23 1.000000e+02
1.277063e-02 2.039478e-23 1.000000e+02
1.300854e-02 3.531548e-23 1.000000e+02
1.325087e-02 6.164152e-23 1.000000e+02
1.349772e-02 1.084051e-22 1.000000e+02
1.374917e-02 1.918721e-22 1.000000e+02
1.400531e-02 3.414103e-22 1.000000e+02
1.426621e-02 6.101810e-22 1.000000e+02
1.453198e-02 1.095318e-21 1.000000e+02
1.480269e-02 1.975099e-21 1.000000e+02
1.507845e-02 3.578267e-21 1.000000e+02
1.535935e-02 6.513403e-21 1.000000e+02
1.564548e-02 1.191023e-20 1.000000e+02
1.593694e-02 2.187389e-20 1.000000e+02
1.623382e-02 4.034008e-20 1.000000e+02
1.653624e-02 7.468423e-20 1.000000e+02
1.684430e-02 1.387595e-19 1.000000e+02
1.715809e-02 2.586412e-19 1.000000e+02
1.747773e-02 4.834975e-19 1.000000e+02
1.780332e-02 9.061747e-19 1.000000e+02
1.813498e-02 1.702207e-18 1.000000e+02
1.847281e-02 3.204197e-18 1.000000e+02
1.881694e-02 6.044144e-18 1.000000e+02
1.916748e-02 1.142529e-17 1.000000e+02
1.952456e-02 2.164332e-17 1.000000e+02
1.988828e-02 4.108782e-17 1.000000e+02
2.025878e-02 7.816581e-17 1.000000e+02
2.063618e-02 1.489180e-16 1.000000e+02
2.102061e-02 2.838283e-16 1.000000e+02
2.141220e-02 5.406194e-16 1.000000e+02
2.181109e-02 1.028027e-15 1.000000e+02
2.221741e-02 1.949591e-15 1.000000e+02
2.263130e-02 3.683479e-15 1.000000e+02
2.305289e-02 6.926245e-15 1.000000e+02
2.348235e-02 1.294827e-14 1.000000e+02
2.391980e-02 2.404083e-14 1.000000e+02
2.436540e-02 4.428536e-14 1.000000e+02
2.481930e-02 8.085247e-14 1.000000e+02
2.528166e-02 1.461616e-13 1.000000e+02
2.575263e-02 2.616837e-13 1.000000e+02
2.623238e-02 4.645217e-13 1.000000e+02
2.672106e-02 8.184911e-13 1.000000e+02
2.721885e-02 1.433155e-12 1.000000e+02
2.772591e-02 2.496525e-12 1.000000e+02
2.824241e-02 4.331465e-12 1.000000e+02
2.876854e-02 7.493461e-12 1.000000e+02
2.930447e-02 1.294110e-11 1.000000e+02
2.985038e-02 2.233540e-11 1.000000e+02
3.040646e-02 3.855151e-11 1.000000e+02
3.097291e-02 6.630233e-11 1.000000e+02
3.154990e-02 1.129399e-10 1.000000e+02
3.213764e-02 1.893990e-10 1.000000e+02
3.273634e-02 3.108146e-10 1.000000e+02
3.334618e-02 4.961340e-10 1.000000e+02
3.396739e-02 7.656879e-10 1.000000e+02
3.460016e-02 1.135640e-09 1.000000e+02
3.524473e-02 1.608965e-09 1.000000e+02
3.590130e-02 2.164466e-09 1.000000e+02
3.657011e-02 2.748110e-09 1.000000e+02
3.725137e-02 3.273237e-09 1.000000e+02
3.794533e-02 3.635483e-09 1.000000e+02
3.865221e-02 3.742561e-09 1.000000e+02
3.937226e-02 3.549596e-09 1.000000e+02
4.010573e-02 3.083034e-09 1.000000e+02
4.085286e-02 2.452173e-09 1.000000e+02
4.161391e-02 1.814245e-09 1.000000e+02
4.238913e-02 1.271494e-09 1.000000e+02
4.317880e-02 8.596241e-10 1.000000e+02
4.398317e-02 5.709269e-10 1.000000e+02
4.480254e-02 3.793429e-10 1.000000e+02
4.563716e-02 2.567823e-10 1.000000e+02
4.648734e-02 1.803357e-10 1.000000e+02
4.735335e-02 1.338086e-10 1.000000e+02
4.823549e-02 1.068251e-10 1.000000e+02
4.913407e-02 9.344421e-11 1.000000e+02
5.004939e-02 9.120576e-11 1.000000e+02
5.098176e-02 1.004650e-10 1.000000e+02
5.193150e-02 1.234067e-10 1.000000e+02
5.289893e-02 1.662066e-10 1.000000e+02
5.388438e-02 2.413221e-10 1.000000e+02
5.488820e-02 3.713976e-10 1.000000e+02
5.591071e-02 5.957006e-10 1.000000e+02
5.695227e-02 9.790796e-10 1.000000e+02
5.801323e-02 1.621298e-09 1.000000e+02
5.909396e-02 2.659600e-09 1.000000e+02
6.019482e-02 4.249532e-09 1.000000e+02
6.131619e-02 6.540722e-09 1.000000e+02
6.245845e-02 9.725147e-09 1.000000e+02
6.362198e-02 1.403658e-08 1.000000e+02
6.480720e-02 1.976196e-08 1.000000e+02
6.601449e-02 2.727162e-08 1.000000e+02
6.724427e-02 3.706918e-08 1.000000e+02
6.849697e-02 4.987062e-08 1.000000e+02
6.977300e-02 6.672910e-08 1.000000e+02
7.107280e-02 8.918099e-08 1.000000e+02
7.239681e-02 1.190630e-07 1.000000e+02
7.374549e-02 1.585412e-07 1.000000e+02
7.511929e-02 2.102219e-07 1.000000e+02
7.651869e-02 2.771373e-07 1.000000e+02
7.794416e-02 3.626629e-07 1.000000e+02
7.939618e-02 4.703412e-07 1.000000e+02
8.087525e-02 6.034965e-07 1.000000e+02
8.238187e-02 7.631409e-07 1.000000e+02
8.391656e-02 9.457576e-07 1.000000e+02
8.547985e-02 1.142238e-06 1.000000e+02
8.707225e-02 1.336879e-06 1.000000e+02
8.869432e-02 1.507798e-06 1.000000e+02
9.034660e-02 1.629608e-06 1.000000e+02
9.202967e-02 1.691232e-06 1.000000e+02
9.374409e-02 1.717211e-06 1.000000e+02
9.549045e-02 1.741879e-06 1.000000e+02
9.726934e-02 1.802434e-06 1.000000e+02
9.908137e-02 1.942771e-06 1.000000e+02
1.009272e-01 2.225485e-06 1.000000e+02
1.028073e-01 2.713104e-06 1.000000e+02
1.047225e-01 3.459576e-06 1.000000e+02
1.066734e-01 4.531232e-06 1.000000e+02
1.086606e-01 5.986451e-06 1.000000e+02
1.106848e-01 7.835539e-06 1.000000e+02
1.127468e-01 1.006621e-05 1.000000e+02
1.148472e-01 1.274386e-05 1.000000e+02
1.169866e-01 1.598116e-05 1.000000e+02
1.191660e-01 1.995360e-05 1.000000e+02
1.213859e-01 2.492617e-05 1.000000e+02
1.236472e-01 3.118944e-05 1.000000e+02
1.259506e-01 3.902995e-05 1.000000e+02
1.282970e-01 4.876642e-05 1.000000e+02
1.306870e-01 6.073944e-05 1.000000e+02
1.331216e-01 7.529428e-05 1.000000e+02
1.356015e-01 9.275643e-05 1.000000e+02
1.381276e-01 1.133887e-04 1.000000e+02
1.407008e-01 1.373420e-04 1.000000e+02
1.433219e-01 1.649932e-04 1.000000e+02
1.459919e-01 1.976623e-04 1.000000e+02
1.487115e-01 2.375472e-04 1.000000e+02
1.514819e-01 2.880096e-04 1.000000e+02
1.543038e-01 3.524972e-04 1.000000e+02
1.571784e-01 4.337446e-04 1.000000e+02
1.601064e-01 5.343251e-04 1.000000e+02
1.630891e-01 6.567146e-04 1.000000e+02
1.661273e-01 8.047982e-04 1.000000e+02
1.692220e-01 9.834509e-04 1.000000e+02
1.723745e-01 1.198368e-03 1.000000e+02
1.755856e-01 1.456180e-03 1.000000e+02
1.788566e-01 1.764592e-03 1.000000e+02
1.821885e-01 2.132564e-03 1.000000e+02
1.855825e-01 2.571057e-03 1.000000e+02
1.890397e-01 3.093595e-03 1.000000e+02
1.925614e-01 3.716620e-03 1.000000e+02
1.961486e-01 4.460227e-03 1.000000e+02
1.998026e-01 5.349102e-03 1.000000e+02
2.035248e-01 6.413240e-03 1.000000e+02
2.073162e-01 7.686832e-03 1.000000e+02
2.111783e-01 9.209690e-03 1.000000e+02
2.151123e-01 1.102871e-02 1.000000e+02
2.191197e-01 1.319900e-02 1.000000e+02
2.232016e-01 1.578514e-02 1.000000e+02
2.273597e-01 1.886260e-02 1.000000e+02
2.315951e-01 2.251927e-02 1.000000e+02
2.359095e-01 2.685725e-02 1.000000e+02
2.403043e-01 3.199467e-02 1.000000e+02
2.447809e-01 3.806773e-02 1.000000e+02
2.493409e-01 4.523286e-02 1.000000e+02
2.539859e-01 5.366991e-02 1.000000e+02
2.587174e-01 6.359105e-02 1.000000e+02
2.635371e-01 7.524468e-02 1.000000e+02
2.684465e-01 8.891944e-02 1.000000e+02
2.734474e-01 1.049507e-01 1.000000e+02
2.785414e-01 1.237279e-01 1.000000e+02
2.837304e-01 1.457036e-01 1.000000e+02
2.890160e-01 1.714035e-01 1.000000e+02
2.944000e-01 2.014384e-01 1.000000e+02
2.998844e-01 2.365182e-01 1.000000e+02
3.054710e-01 2.774628e-01 1.000000e+02
3.111616e-01 3.251975e-01 1.000000e+02
3.169582e-01 3.807739e-01 1.000000e+02
3.228628e-01 4.453895e-01 1.000000e+02
3.288774e-01 5.204041e-01 1.000000e+02
3.350041e-01 6.073579e-01 1.000000e+02
3.412449e-01 7.079901e-01 1.000000e+02
3.476019e-01 8.242584e-01 1.000000e+02
3.540774e-01 9.583665e-01 1.000000e+02
3.606735e-01 1.112887e+00 1.000000e+02
3.673925e-01 1.290836e+00 1.000000e+02
3.742366e-01 1.495687e+00 1.000000e+02
3.812083e-01 1.731448e+00 1.000000e+02
3.883098e-01 2.002752e+00 1.000000e+02
3.955436e-01 2.314956e+00 1.000000e+02
4.029122e-01 2.674267e+00 1.000000e+02
4.104181e-01 3.087529e+00 1.000000e+02
4.180637e-01 3.561993e+00 1.000000e+02
4.258518e-01 4.105610e+00 1.000000e+02
4.337850e-01 4.727065e+00 1.000000e+02
4.418660e-01 5.435777e+00 1.000000e+02
4.500975e-01 6.241868e+00 1.000000e+02
4.584824e-01 7.156532e+00 1.000000e+02
4.670234e-01 8.193605e+00 1.000000e+02
4.757236e-01 9.369248e+00 1.000000e+02
4.845859e-01 1.070199e+01 1.000000e+02
4.936132e-01 1.221315e+01 1.000000e+02
5.028087e-01 1.392729e+01 1.000000e+02
5.121755e-01 1.587166e+01 1.000000e+02
5.217169e-01 1.807524e+01 1.000000e+02
5.314359e-01 2.057008e+01 1.000000e+02
5.413360e-01 2.339171e+01 1.000000e+02
5.514206e-01 2.657945e+01 1.000000e+02
5.616930e-01 3.017674e+01 1.000000e+02
5.721568e-01 3.423141e+01 1.000000e+02
5.828155e-01 3.879605e+01 1.000000e+02
5.936727e-01 4.392832e+01 1.000000e+02
6.047322e-01 4.969129e+01 1.000000e+02
6.159978e-01 5.615507e+01 1.000000e+02
6.274732e-01 6.339827e+01 1.000000e+02
6.391624e-01 7.150775e+01 1.000000e+02
6.510694e-01 8.057931e+01 1.000000e+02
6.631981e-01 9.071855e+01 1.000000e+02
6.755528e-01 1.020418e+02 1.000000e+02
6.881377e-01 1.146773e+02 1.000000e+02
7.009570e-01 1.287660e+02 1.000000e+02
7.140151e-01 1.444624e+02 1.000000e+02
7.273165e-01 1.619340e+02 1.000000e+02
7.408657e-01 1.813632e+02 1.000000e+02
7.546673e-01 2.029487e+02 1.000000e+02
7.687260e-01 2.269070e+02 1.000000e+02
7.830465e-01 2.534731e+02 1.000000e+02
7.976339e-01 2.829024e+02 1.000000e+02
8.124930e-01 3.154721e+02 1.000000e+02
8.276289e-01 3.514843e+02 1.000000e+02
8.430468e-01 3.912673e+02 1.000000e+02
8.587519e-01 4.351772e+02 1.000000e+02
8.747496e-01 4.835992e+02 1.000000e+02
8.910453e-01 5.369503e+02 1.000000e+02
9.076446e-01 5.956811e+02 1.000000e+02
9.245531e-01 6.602745e+02 1.000000e+02
9.417766e-01 7.312462e+02 1.000000e+02
9.593209e-01 8.091488e+02 1.000000e+02
9.771921e-01 8.945738e+02 1.000000e+02
9.953962e-01 9.881530e+02 1.000000e+02
1.013939e+00 1.090561e+03 1.000000e+02
1.032828e+00 1.202526e+03 1.000000e+02
1.052069e+00 1.324826e+03 1.000000e+02
1.071668e+00 1.458296e+03 1.000000e+02
1.091632e+00 1.603823e+03 1.000000e+02
1.111968e+00 1.762355e+03 1.000000e+02
1.132683e+00 1.934899e+03 1.000000e+02
1.153783e+00 2.122527e+03 1.000000e+02
1.175277e+00 2.326376e+03 1.000000e+02
1.197171e+00 2.547655e+03 1.000000e+02
1.219473e+00 2.787642e+03 1.000000e+02
1.242191e+00 3.047693e+03 1.000000e+02
1.265332e+00 3.329244e+03 1.000000e+02
1.288904e+00 3.633877e+03 1.000000e+02
1.312915e+00 3.963326e+03 1.000000e+02
1.337373e+00 4.319458e+03 1.000000e+02
1.362287e+00 4.704282e+03 1.000000e+02
1.387665e+00 5.119965e+03 1.000000e+02
1.413516e+00 5.568843e+03 1.000000e+02
1.439848e+00 6.053441e+03 1.000000e+02
1.466671e+00 6.576482e+03 1.000000e+02
1.493993e+00 7.140916e+03 1.000000e+02
1.521825e+00 7.749846e+03 1.000000e+02
1.550175e+00 8.405863e+03 1.000000e+02
1.579053e+00 9.111179e+03 1.000000e+02
1.608469e+00 9.867855e+03 1.000000e+02
1.638434e+00 1.067775e+04 1.000000e+02
1.668956e+00 1.154247e+04 1.000000e+02
1.700047e+00 1.246327e+04 1.000000e+02
1.731717e+00 1.344104e+04 1.000000e+02
1.763977e+00 1.447624e+04 1.000000e+02
1.796838e+00 1.557050e+04 1.000000e+02
1.830312e+00 1.672755e+04 1.000000e+02
1.864409e+00 1.795177e+04 1.000000e+02
1.899141e+00 1.924819e+04 1.000000e+02
1.934520e+00 2.062257e+04 1.000000e+02
1.970558e+00 2.208148e+04 1.000000e+02
2.007267e+00 2.363243e+04 1.000000e+02
2.044661e+00 2.528274e+04 1.000000e+02
2.082751e+00 2.703759e+04 1.000000e+02
2.121550e+00 2.890183e+04 1.000000e+02
2.161073e+00 3.088033e+04 1.000000e+02
2.201331e+00 3.297793e+04 1.000000e+02
2.242340e+00 3.519942e+04 1.000000e+02
2.284112e+00 3.754947e+04 1.000000e+02
2.326663e+00 4.003262e+04 1.000000e+02
2.370006e+00 4.265322e+04 1.000000e+02
2.414157e+00 4.541536e+04 1.000000e+02
2.459130e+00 4.832287e+04 1.000000e+02
2.504942e+00 5.137918e+04 1.000000e+02
2.551606e+00 5.458798e+04 1.000000e+02
2.599140e+00 5.795462e+04 1.000000e+02
2.647559e+00 6.148495e+04 1.000000e+02
2.696881e+00 6.518503e+04 1.000000e+02
2.747121e+00 6.906113e+04 1.000000e+02
2.798297e+00 7.311978e+04 1.000000e+02
2.850426e+00 7.736773e+04 1.000000e+02
2.903527e+00 8.181205e+04 1.000000e+02
2.957617e+00 8.646008e+04 1.000000e+02
3.012714e+00 9.131948e+04 1.000000e+02
3.068838e+00 9.639769e+04 1.000000e+02
3.126007e+00 1.017012e+05 1.000000e+02
3.184242e+00 1.072362e+05 1.000000e+02
3.243561e+00 1.130091e+05 1.000000e+02
3.303985e+00 1.190259e+05 1.000000e+02
3.365535e+00 1.252928e+05 1.000000e+02
3.428231e+00 1.318158e+05 1.000000e+02
3.492096e+00 1.386006e+05 1.000000e+02
3.557150e+00 1.456532e+05 1.000000e+02
3.623416e+00 1.529799e+05 1.000000e+02
3.690917e+00 1.605871e+05 1.000000e+02
3.759675e+00 1.684816e+05 1.000000e+02
3.829714e+00 1.766699e+05 1.000000e+02
3.901058e+00 1.851586e+05 1.000000e+02
3.973730e+00 1.939544e+05 1.000000e+02
4.047757e+00 2.030639e+05 1.000000e+02
4.123163e+00 2.124934e+05 1.000000e+02
4.199973e+00 2.222493e+05 1.000000e+02
4.278214e+00 2.323378e+05 1.000000e+02
4.357913e+00 2.427651e+05 1.000000e+02
4.439097e+00 2.535373e+05 1.000000e+02
4.521792e+00 2.646604e+05 1.000000e+02
4.606029e+00 2.761404e+05 1.000000e+02
4.691835e+00 2.879833e+05 1.000000e+02
4.779239e+00 3.001947e+05 1.000000e+02
4.868271e+00 3.127806e+05 1.000000e+02
4.958962e+00 3.257464e+05 1.000000e+02
5.051342e+00 3.390980e+05 1.000000e+02
5.145444e+00 3.528414e+05 1.000000e+02
5.241298e+00 3.669836e+05 1.000000e+02
5.338938e+00 3.815315e+05 1.000000e+02
5.438397e+00 3.964922e+05 1.000000e+02
5.539709e+00 4.118732e+05 1.000000e+02
5.642908e+00 4.276818e+05 1.000000e+02
5.748030e+00 4.439259e+05 1.000000e+02
5.855110e+00 4.606133e+05 1.000000e+02
5.964185e+00 4.777523e+05 1.000000e+02
6.075292e+00 4.953514e+05 1.000000e+02
6.188468e+00 5.134225e+05 1.000000e+02
6.303753e+00 5.319797e+05 1.000000e+02
6.421186e+00 5.510384e+05 1.000000e+02
6.540806e+00 5.706150e+05 1.000000e+02
6.662655e+00 5.907271e+05 1.000000e+02
6.786773e+00 6.113936e+05 1.000000e+02
6.913204e+00 6.326349e+05 1.000000e+02
7.041990e+00 6.544726e+05 1.000000e+02
7.173175e+00 6.769333e+05 1.000000e+02
7.306804e+00 7.000503e+05 1.000000e+02
7.442922e+00 7.238605e+05 1.000000e+02
7.581576e+00 7.484040e+05 1.000000e+02
7.722814e+00 7.737240e+05 1.000000e+02
7.866682e+00 7.998677e+05 1.000000e+02
8.013230e+00 8.268858e+05 1.000000e+02
8.162509e+00 8.548363e+05 1.000000e+02
8.314568e+00 8.837906e+05 1.000000e+02
8.469460e+00 9.138285e+05 1.000000e+02
8.627237e+00 9.450369e+05 1.000000e+02
8.787954e+00 9.775106e+05 1.000000e+02
8.951665e+00 1.011353e+06 1.000000e+02
9.118425e+00 1.046676e+06 1.000000e+02
9.288292e+00 1.083602e+06 1.000000e+02
9.461324e+00 1.122265e+06 1.000000e+02
9.637579e+00 1.162811e+06 1.000000e+02
9.817117e+00 1.205398e+06 1.000000e+02
1.000000e+01 1.250200e+06 1.000000e+02
