# C14 + He3 > C13 + a   [C14He3TOC13a]   ref=TALYS2
# detailed balance: alpha=0.73097 beta=0 gamma=-143.91  Q=12.4012
# T9                 rate                error
1.000000e-03 1.000000e-35 1.000000e+02
1.018629e-03 9.995735e-36 1.000000e+02
1.037605e-03 9.991847e-36 1.000000e+02
1.056935e-03 9.988323e-36 1.000000e+02
1.076624e-03 9.985151e-36 1.000000e+02
1.096681e-03 9.982319e-36 1.000000e+02
1.117111e-03 9.979814e-36 1.000000e+02
1.137921e-03 9.977625e-36 1.000000e+02
1.159120e-03 9.975738e-36 1.000000e+02
1.180713e-03 9.974143e-36 1.000000e+02
1.202708e-03 9.972827e-36 1.000000e+02
1.225114e-03 9.971777e-36 1.000000e+02
1.247936e-03 9.970983e-36 1.000000e+02
1.271184e-03 9.970431e-36 1.000000e+02
1.294865e-03 9.970111e-36 1.000000e+02
1.318987e-03 9.970009e-36 1.000000e+02
1.343558e-03 9.970115e-36 1.000000e+02
1.368587e-03 9.970416e-36 1.000000e+02
1.394083e-03 9.970900e-36 1.000000e+02
1.420053e-03 9.971555e-36 1.000000e+02
1.446507e-03 9.972370e-36 1.000000e+02
1.473454e-03 9.973332e-36 1.000000e+02
1.500903e-03 9.974430e-36 1.000000e+02
1.528864e-03 9.975651e-36 1.000000e+02
1.557345e-03 9.976985e-36 1.000000e+02
1.586357e-03 9.978418e-36 1.000000e+02
1.615909e-03 9.979940e-36 1.000000e+02
1.646012e-03 9.981538e-36 1.000000e+02
1.676675e-03 9.983200e-36 1.000000e+02
1.707910e-03 9.984914e-36 1.000000e+02
1.739726e-03 9.986669e-36 1.000000e+02
1.772136e-03 9.988452e-36 1.000000e+02
1.805149e-03 9.990252e-36 1.000000e+02
1.838777e-03 9.992056e-36 1.000000e+02
1.873032e-03 9.993853e-36 1.000000e+02
1.907924e-03 9.995631e-36 1.000000e+02
1.943467e-03 9.997377e-36 1.000000e+02
1.979672e-03 9.999080e-36 1.000000e+02
2.016551e-03 1.000073e-35 1.000000e+02
2.054117e-03 1.000231e-35 1.000000e+02
2.092383e-03 1.000381e-35 1.000000e+02
2.131362e-03 1.000522e-35 1.000000e+02
2.171068e-03 1.000653e-35 1.000000e+02
2.211512e-03 1.000772e-35 1.000000e+02
2.252711e-03 1.000878e-35 1.000000e+02
2.294676e-03 1.000971e-35 1.000000e+02
2.337424e-03 1.001048e-35 1.000000e+02
2.380968e-03 1.001109e-35 1.000000e+02
2.425323e-03 1.001153e-35 1.000000e+02
2.470504e-03 1.001177e-35 1.000000e+02
2.516527e-03 1.001182e-35 1.000000e+02
2.563407e-03 1.001166e-35 1.000000e+02
2.611161e-03 1.001127e-35 1.000000e+02
2.659804e-03 1.001065e-35 1.000000e+02
2.709354e-03 1.000978e-35 1.000000e+02
2.759826e-03 1.000865e-35 1.000000e+02
2.811239e-03 1.000726e-35 1.000000e+02
2.863610e-03 1.000557e-35 1.000000e+02
2.916956e-03 1.000360e-35 1.000000e+02
2.971296e-03 1.000131e-35 1.000000e+02
3.026648e-03 9.998716e-36 1.000000e+02
3.083031e-03 9.995857e-36 1.000000e+02
3.140465e-03 9.992862e-36 1.000000e+02
3.198969e-03 9.989858e-36 1.000000e+02
3.258562e-03 9.986971e-36 1.000000e+02
3.319266e-03 9.984328e-36 1.000000e+02
3.381101e-03 9.982056e-36 1.000000e+02
3.444087e-03 9.980280e-36 1.000000e+02
3.508247e-03 9.979129e-36 1.000000e+02
3.573602e-03 9.978727e-36 1.000000e+02
3.640175e-03 9.979202e-36 1.000000e+02
3.707988e-03 9.980681e-36 1.000000e+02
3.777064e-03 9.983290e-36 1.000000e+02
3.847427e-03 9.987157e-36 1.000000e+02
3.919100e-03 9.992411e-36 1.000000e+02
3.992109e-03 9.999181e-36 1.000000e+02
4.066478e-03 1.000749e-35 1.000000e+02
4.142232e-03 1.001682e-35 1.000000e+02
4.219398e-03 1.002643e-35 1.000000e+02
4.298001e-03 1.003559e-35 1.000000e+02
4.378069e-03 1.004358e-35 1.000000e+02
4.459628e-03 1.004965e-35 1.000000e+02
4.542706e-03 1.005307e-35 1.000000e+02
4.627332e-03 1.005311e-35 1.000000e+02
4.713535e-03 1.004903e-35 1.000000e+02
4.801343e-03 1.004011e-35 1.000000e+02
4.890787e-03 1.002562e-35 1.000000e+02
4.981898e-03 1.000487e-35 1.000000e+02
5.074705e-03 9.977343e-36 1.000000e+02
5.169242e-03 9.943788e-36 1.000000e+02
5.265540e-03 9.905518e-36 1.000000e+02
5.363631e-03 9.863837e-36 1.000000e+02
5.463550e-03 9.820032e-36 1.000000e+02
5.565331e-03 9.775367e-36 1.000000e+02
5.669007e-03 9.731087e-36 1.000000e+02
5.774615e-03 9.688415e-36 1.000000e+02
5.882190e-03 9.648550e-36 1.000000e+02
5.991770e-03 9.612676e-36 1.000000e+02
6.103390e-03 9.581674e-36 1.000000e+02
6.217090e-03 9.554986e-36 1.000000e+02
6.332908e-03 9.531623e-36 1.000000e+02
6.450884e-03 9.510607e-36 1.000000e+02
6.571058e-03 9.490971e-36 1.000000e+02
6.693470e-03 9.471759e-36 1.000000e+02
6.818162e-03 9.452019e-36 1.000000e+02
6.945178e-03 9.430810e-36 1.000000e+02
7.074559e-03 9.407351e-36 1.000000e+02
7.206351e-03 9.383377e-36 1.000000e+02
7.340598e-03 9.362668e-36 1.000000e+02
7.477346e-03 9.349033e-36 1.000000e+02
7.616642e-03 9.346274e-36 1.000000e+02
7.758532e-03 9.358215e-36 1.000000e+02
7.903066e-03 9.388761e-36 1.000000e+02
8.050292e-03 9.441835e-36 1.000000e+02
8.200261e-03 9.514122e-36 1.000000e+02
8.353023e-03 9.590849e-36 1.000000e+02
8.508632e-03 9.655829e-36 1.000000e+02
8.667139e-03 9.692469e-36 1.000000e+02
8.828599e-03 9.684110e-36 1.000000e+02
8.993067e-03 9.614653e-36 1.000000e+02
9.160598e-03 9.482355e-36 1.000000e+02
9.331251e-03 9.344403e-36 1.000000e+02
9.505083e-03 9.271375e-36 1.000000e+02
9.682153e-03 9.332509e-36 1.000000e+02
9.862522e-03 9.603265e-36 1.000000e+02
1.004625e-02 1.017870e-35 1.000000e+02
1.023340e-02 1.114199e-35 1.000000e+02
1.042404e-02 1.250866e-35 1.000000e+02
1.061823e-02 1.428696e-35 1.000000e+02
1.081604e-02 1.646847e-35 1.000000e+02
1.101753e-02 1.900440e-35 1.000000e+02
1.122277e-02 2.182881e-35 1.000000e+02
1.143184e-02 2.498680e-35 1.000000e+02
1.164481e-02 2.857672e-35 1.000000e+02
1.186174e-02 3.273795e-35 1.000000e+02
1.208271e-02 3.766453e-35 1.000000e+02
1.230780e-02 4.357157e-35 1.000000e+02
1.253708e-02 5.065619e-35 1.000000e+02
1.277063e-02 5.914689e-35 1.000000e+02
1.300854e-02 6.931268e-35 1.000000e+02
1.325087e-02 8.148288e-35 1.000000e+02
1.349772e-02 9.611087e-35 1.000000e+02
1.374917e-02 1.137825e-34 1.000000e+02
1.400531e-02 1.352446e-34 1.000000e+02
1.426621e-02 1.614464e-34 1.000000e+02
1.453198e-02 1.935719e-34 1.000000e+02
1.480269e-02 2.331223e-34 1.000000e+02
1.507845e-02 2.820170e-34 1.000000e+02
1.535935e-02 3.427282e-34 1.000000e+02
1.564548e-02 4.184646e-34 1.000000e+02
1.593694e-02 5.133997e-34 1.000000e+02
1.623382e-02 6.329892e-34 1.000000e+02
1.653624e-02 7.844306e-34 1.000000e+02
1.684430e-02 9.772658e-34 1.000000e+02
1.715809e-02 1.224202e-33 1.000000e+02
1.747773e-02 1.542260e-33 1.000000e+02
1.780332e-02 1.954380e-33 1.000000e+02
1.813498e-02 2.491659e-33 1.000000e+02
1.847281e-02 3.196283e-33 1.000000e+02
1.881694e-02 4.125589e-33 1.000000e+02
1.916748e-02 5.358152e-33 1.000000e+02
1.952456e-02 7.002238e-33 1.000000e+02
1.988828e-02 9.207801e-33 1.000000e+02
2.025878e-02 1.218394e-32 1.000000e+02
2.063618e-02 1.622800e-32 1.000000e+02
2.102061e-02 2.176663e-32 1.000000e+02
2.141220e-02 2.941507e-32 1.000000e+02
2.181109e-02 4.006868e-32 1.000000e+02
2.221741e-02 5.504279e-32 1.000000e+02
2.263130e-02 7.628867e-32 1.000000e+02
2.305289e-02 1.067303e-31 1.000000e+02
2.348235e-02 1.507951e-31 1.000000e+02
2.391980e-02 2.152597e-31 1.000000e+02
2.436540e-02 3.106118e-31 1.000000e+02
2.481930e-02 4.532697e-31 1.000000e+02
2.528166e-02 6.692121e-31 1.000000e+02
2.575263e-02 9.994177e-31 1.000000e+02
2.623238e-02 1.508706e-30 1.000000e+02
2.672106e-02 2.300540e-30 1.000000e+02
2.721885e-02 3.540913e-30 1.000000e+02
2.772591e-02 5.497363e-30 1.000000e+02
2.824241e-02 8.602808e-30 1.000000e+02
2.876854e-02 1.356019e-29 1.000000e+02
2.930447e-02 2.151415e-29 1.000000e+02
2.985038e-02 3.433274e-29 1.000000e+02
3.040646e-02 5.508155e-29 1.000000e+02
3.097291e-02 8.897894e-29 1.000000e+02
3.154990e-02 1.451118e-28 1.000000e+02
3.213764e-02 2.395567e-28 1.000000e+02
3.273634e-02 4.013837e-28 1.000000e+02
3.334618e-02 6.844047e-28 1.000000e+02
3.396739e-02 1.190759e-27 1.000000e+02
3.460016e-02 2.119570e-27 1.000000e+02
3.524473e-02 3.870266e-27 1.000000e+02
3.590130e-02 7.268736e-27 1.000000e+02
3.657011e-02 1.407854e-26 1.000000e+02
3.725137e-02 2.819634e-26 1.000000e+02
3.794533e-02 5.854910e-26 1.000000e+02
3.865221e-02 1.263851e-25 1.000000e+02
3.937226e-02 2.843644e-25 1.000000e+02
4.010573e-02 6.686696e-25 1.000000e+02
4.085286e-02 1.642483e-24 1.000000e+02
4.161391e-02 4.178112e-24 1.000000e+02
4.238913e-02 1.089705e-23 1.000000e+02
4.317880e-02 2.885017e-23 1.000000e+02
4.398317e-02 7.676405e-23 1.000000e+02
4.480254e-02 2.032348e-22 1.000000e+02
4.563716e-02 5.300648e-22 1.000000e+02
4.648734e-02 1.348376e-21 1.000000e+02
4.735335e-02 3.312106e-21 1.000000e+02
4.823549e-02 7.778018e-21 1.000000e+02
4.913407e-02 1.728882e-20 1.000000e+02
5.004939e-02 3.601255e-20 1.000000e+02
5.098176e-02 6.986589e-20 1.000000e+02
5.193150e-02 1.271227e-19 1.000000e+02
5.289893e-02 2.190602e-19 1.000000e+02
5.388438e-02 3.610123e-19 1.000000e+02
5.488820e-02 5.745588e-19 1.000000e+02
5.591071e-02 8.917369e-19 1.000000e+02
5.695227e-02 1.362901e-18 1.000000e+02
5.801323e-02 2.071350e-18 1.000000e+02
5.909396e-02 3.161110e-18 1.000000e+02
6.019482e-02 4.891624e-18 1.000000e+02
6.131619e-02 7.721893e-18 1.000000e+02
6.245845e-02 1.240100e-17 1.000000e+02
6.362198e-02 2.017888e-17 1.000000e+02
6.480720e-02 3.313528e-17 1.000000e+02
6.601449e-02 5.468685e-17 1.000000e+02
6.724427e-02 9.034819e-17 1.000000e+02
6.849697e-02 1.488147e-16 1.000000e+02
6.977300e-02 2.433926e-16 1.000000e+02
7.107280e-02 3.938753e-16 1.000000e+02
7.239681e-02 6.304985e-16 1.000000e+02
7.374549e-02 9.994626e-16 1.000000e+02
7.511929e-02 1.570693e-15 1.000000e+02
7.651869e-02 2.449875e-15 1.000000e+02
7.794416e-02 3.796726e-15 1.000000e+02
7.939618e-02 5.852921e-15 1.000000e+02
8.087525e-02 8.983337e-15 1.000000e+02
8.238187e-02 1.370040e-14 1.000000e+02
8.391656e-02 2.067185e-14 1.000000e+02
8.547985e-02 3.072339e-14 1.000000e+02
8.707225e-02 4.478114e-14 1.000000e+02
8.869432e-02 6.373089e-14 1.000000e+02
9.034660e-02 8.817338e-14 1.000000e+02
9.202967e-02 1.186500e-13 1.000000e+02
9.374409e-02 1.570160e-13 1.000000e+02
9.549045e-02 2.069063e-13 1.000000e+02
9.726934e-02 2.748940e-13 1.000000e+02
9.908137e-02 3.728437e-13 1.000000e+02
1.009272e-01 5.224701e-13 1.000000e+02
1.028073e-01 7.572952e-13 1.000000e+02
1.047225e-01 1.124415e-12 1.000000e+02
1.066734e-01 1.692895e-12 1.000000e+02
1.086606e-01 2.558342e-12 1.000000e+02
1.106848e-01 3.841772e-12 1.000000e+02
1.127468e-01 5.701720e-12 1.000000e+02
1.148472e-01 8.378643e-12 1.000000e+02
1.169866e-01 1.222065e-11 1.000000e+02
1.191660e-01 1.773481e-11 1.000000e+02
1.213859e-01 2.566683e-11 1.000000e+02
1.236472e-01 3.706349e-11 1.000000e+02
1.259506e-01 5.335710e-11 1.000000e+02
1.282970e-01 7.651390e-11 1.000000e+02
1.306870e-01 1.091988e-10 1.000000e+02
1.331216e-01 1.548605e-10 1.000000e+02
1.356015e-01 2.176086e-10 1.000000e+02
1.381276e-01 3.020897e-10 1.000000e+02
1.407008e-01 4.130953e-10 1.000000e+02
1.433219e-01 5.571525e-10 1.000000e+02
1.459919e-01 7.478469e-10 1.000000e+02
1.487115e-01 1.008860e-09 1.000000e+02
1.514819e-01 1.380734e-09 1.000000e+02
1.543038e-01 1.919102e-09 1.000000e+02
1.571784e-01 2.690949e-09 1.000000e+02
1.601064e-01 3.780241e-09 1.000000e+02
1.630891e-01 5.290420e-09 1.000000e+02
1.661273e-01 7.368706e-09 1.000000e+02
1.692220e-01 1.021528e-08 1.000000e+02
1.723745e-01 1.409598e-08 1.000000e+02
1.755856e-01 1.936214e-08 1.000000e+02
1.788566e-01 2.647601e-08 1.000000e+02
1.821885e-01 3.604405e-08 1.000000e+02
1.855825e-01 4.887633e-08 1.000000e+02
1.890397e-01 6.606282e-08 1.000000e+02
1.925614e-01 8.906778e-08 1.000000e+02
1.961486e-01 1.198673e-07 1.000000e+02
1.998026e-01 1.611419e-07 1.000000e+02
2.035248e-01 2.165215e-07 1.000000e+02
2.073162e-01 2.907899e-07 1.000000e+02
2.111783e-01 3.902732e-07 1.000000e+02
2.151123e-01 5.233535e-07 1.000000e+02
2.191197e-01 7.011065e-07 1.000000e+02
2.232016e-01 9.381254e-07 1.000000e+02
2.273597e-01 1.253579e-06 1.000000e+02
2.315951e-01 1.672559e-06 1.000000e+02
2.359095e-01 2.227802e-06 1.000000e+02
2.403043e-01 2.961843e-06 1.000000e+02
2.447809e-01 3.929740e-06 1.000000e+02
2.493409e-01 5.202444e-06 1.000000e+02
2.539859e-01 6.871171e-06 1.000000e+02
2.587174e-01 9.054158e-06 1.000000e+02
2.635371e-01 1.190426e-05 1.000000e+02
2.684465e-01 1.561843e-05 1.000000e+02
2.734474e-01 2.045012e-05 1.000000e+02
2.785414e-01 2.672522e-05 1.000000e+02
2.837304e-01 3.486236e-05 1.000000e+02
2.890160e-01 4.539895e-05 1.000000e+02
2.944000e-01 5.902439e-05 1.000000e+02
2.998844e-01 7.662265e-05 1.000000e+02
3.054710e-01 9.932371e-05 1.000000e+02
3.111616e-01 1.285563e-04 1.000000e+02
3.169582e-01 1.661264e-04 1.000000e+02
3.228628e-01 2.143129e-04 1.000000e+02
3.288774e-01 2.759828e-04 1.000000e+02
3.350041e-01 3.547317e-04 1.000000e+02
3.412449e-01 4.550528e-04 1.000000e+02
3.476019e-01 5.825421e-04 1.000000e+02
3.540774e-01 7.441515e-04 1.000000e+02
3.606735e-01 9.486281e-04 1.000000e+02
3.673925e-01 1.207011e-03 1.000000e+02
3.742366e-01 1.533163e-03 1.000000e+02
3.812083e-01 1.944501e-03 1.000000e+02
3.883098e-01 2.462929e-03 1.000000e+02
3.955436e-01 3.116025e-03 1.000000e+02
4.029122e-01 3.938530e-03 1.000000e+02
4.104181e-01 4.973344e-03 1.000000e+02
4.180637e-01 6.272374e-03 1.000000e+02
4.258518e-01 7.898872e-03 1.000000e+02
4.337850e-01 9.929525e-03 1.000000e+02
4.418660e-01 1.245669e-02 1.000000e+02
4.500975e-01 1.559079e-02 1.000000e+02
4.584824e-01 1.946467e-02 1.000000e+02
4.670234e-01 2.424489e-02 1.000000e+02
4.757236e-01 3.013751e-02 1.000000e+02
4.845859e-01 3.739627e-02 1.000000e+02
4.936132e-01 4.633428e-02 1.000000e+02
5.028087e-01 5.733884e-02 1.000000e+02
5.121755e-01 7.088198e-02 1.000000e+02
5.217169e-01 8.752790e-02 1.000000e+02
5.314359e-01 1.079582e-01 1.000000e+02
5.413360e-01 1.329960e-01 1.000000e+02
5.514206e-01 1.636326e-01 1.000000e+02
5.616930e-01 2.010595e-01 1.000000e+02
5.721568e-01 2.467048e-01 1.000000e+02
5.828155e-01 3.022764e-01 1.000000e+02
5.936727e-01 3.698103e-01 1.000000e+02
6.047322e-01 4.517286e-01 1.000000e+02
6.159978e-01 5.509246e-01 1.000000e+02
6.274732e-01 6.708656e-01 1.000000e+02
6.391624e-01 8.156830e-01 1.000000e+02
6.510694e-01 9.902932e-01 1.000000e+02
6.631981e-01 1.200540e+00 1.000000e+02
6.755528e-01 1.453362e+00 1.000000e+02
6.881377e-01 1.756989e+00 1.000000e+02
7.009570e-01 2.121175e+00 1.000000e+02
7.140151e-01 2.557448e+00 1.000000e+02
7.273165e-01 3.079363e+00 1.000000e+02
7.408657e-01 3.702865e+00 1.000000e+02
7.546673e-01 4.446689e+00 1.000000e+02
7.687260e-01 5.332813e+00 1.000000e+02
7.830465e-01 6.386981e+00 1.000000e+02
7.976339e-01 7.639302e+00 1.000000e+02
8.124930e-01 9.124939e+00 1.000000e+02
8.276289e-01 1.088497e+01 1.000000e+02
8.430468e-01 1.296731e+01 1.000000e+02
8.587519e-01 1.542772e+01 1.000000e+02
8.747496e-01 1.833106e+01 1.000000e+02
8.910453e-01 2.175260e+01 1.000000e+02
9.076446e-01 2.577964e+01 1.000000e+02
9.245531e-01 3.051302e+01 1.000000e+02
9.417766e-01 3.606894e+01 1.000000e+02
9.593209e-01 4.258124e+01 1.000000e+02
9.771921e-01 5.020383e+01 1.000000e+02
9.953962e-01 5.911340e+01 1.000000e+02
1.013939e+00 6.951250e+01 1.000000e+02
1.032828e+00 8.163353e+01 1.000000e+02
1.052069e+00 9.574275e+01 1.000000e+02
1.071668e+00 1.121444e+02 1.000000e+02
1.091632e+00 1.311857e+02 1.000000e+02
1.111968e+00 1.532624e+02 1.000000e+02
1.132683e+00 1.788247e+02 1.000000e+02
1.153783e+00 2.083844e+02 1.000000e+02
1.175277e+00 2.425221e+02 1.000000e+02
1.197171e+00 2.818960e+02 1.000000e+02
1.219473e+00 3.272507e+02 1.000000e+02
1.242191e+00 3.794281e+02 1.000000e+02
1.265332e+00 4.393788e+02 1.000000e+02
1.288904e+00 5.081887e+02 1.000000e+02
1.312915e+00 5.870979e+02 1.000000e+02
1.337373e+00 6.775147e+02 1.000000e+02
1.362287e+00 7.810394e+02 1.000000e+02
1.387665e+00 8.994905e+02 1.000000e+02
1.413516e+00 1.034934e+03 1.000000e+02
1.439848e+00 1.189720e+03 1.000000e+02
1.466671e+00 1.366521e+03 1.000000e+02
1.493993e+00 1.568375e+03 1.000000e+02
1.521825e+00 1.798711e+03 1.000000e+02
1.550175e+00 2.061124e+03 1.000000e+02
1.579053e+00 2.359403e+03 1.000000e+02
1.608469e+00 2.697611e+03 1.000000e+02
1.638434e+00 3.080063e+03 1.000000e+02
1.668956e+00 3.511292e+03 1.000000e+02
1.700047e+00 3.995999e+03 1.000000e+02
1.731717e+00 4.538985e+03 1.000000e+02
1.763977e+00 5.145094e+03 1.000000e+02
1.796838e+00 5.820101e+03 1.000000e+02
1.830312e+00 6.571455e+03 1.000000e+02
1.864409e+00 7.407693e+03 1.000000e+02
1.899141e+00 8.338565e+03 1.000000e+02
1.934520e+00 9.375257e+03 1.000000e+02
1.970558e+00 1.053065e+04 1.000000e+02
2.007267e+00 1.181962e+04 1.000000e+02
2.044661e+00 1.325838e+04 1.000000e+02
2.082751e+00 1.486285e+04 1.000000e+02
2.121550e+00 1.664996e+04 1.000000e+02
2.161073e+00 1.863798e+04 1.000000e+02
2.201331e+00 2.084655e+04 1.000000e+02
2.242340e+00 2.329669e+04 1.000000e+02
2.284112e+00 2.601084e+04 1.000000e+02
2.326663e+00 2.901279e+04 1.000000e+02
2.370006e+00 3.232769e+04 1.000000e+02
2.414157e+00 3.598198e+04 1.000000e+02
2.459130e+00 4.000329e+04 1.000000e+02
2.504942e+00 4.442034e+04 1.000000e+02
2.551606e+00 4.926367e+04 1.000000e+02
2.599140e+00 5.456791e+04 1.000000e+02
2.647559e+00 6.037052e+04 1.000000e+02
2.696881e+00 6.671153e+04 1.000000e+02
2.747121e+00 7.363367e+04 1.000000e+02
2.798297e+00 8.118260e+04 1.000000e+02
2.850426e+00 8.940705e+04 1.000000e+02
2.903527e+00 9.835901e+04 1.000000e+02
2.957617e+00 1.080940e+05 1.000000e+02
3.012714e+00 1.186711e+05 1.000000e+02
3.068838e+00 1.301523e+05 1.000000e+02
3.126007e+00 1.426010e+05 1.000000e+02
3.184242e+00 1.560831e+05 1.000000e+02
3.243561e+00 1.706673e+05 1.000000e+02
3.303985e+00 1.864255e+05 1.000000e+02
3.365535e+00 2.034320e+05 1.000000e+02
3.428231e+00 2.217641e+05 1.000000e+02
3.492096e+00 2.415018e+05 1.000000e+02
3.557150e+00 2.627276e+05 1.000000e+02
3.623416e+00 2.855289e+05 1.000000e+02
3.690917e+00 3.099964e+05 1.000000e+02
3.759675e+00 3.362244e+05 1.000000e+02
3.829714e+00 3.643101e+05 1.000000e+02
3.901058e+00 3.943539e+05 1.000000e+02
3.973730e+00 4.264594e+05 1.000000e+02
4.047757e+00 4.607328e+05 1.000000e+02
4.123163e+00 4.972830e+05 1.000000e+02
4.199973e+00 5.362207e+05 1.000000e+02
4.278214e+00 5.776592e+05 1.000000e+02
4.357913e+00 6.217138e+05 1.000000e+02
4.439097e+00 6.685020e+05 1.000000e+02
4.521792e+00 7.181426e+05 1.000000e+02
4.606029e+00 7.707565e+05 1.000000e+02
4.691835e+00 8.264655e+05 1.000000e+02
4.779239e+00 8.853926e+05 1.000000e+02
4.868271e+00 9.476616e+05 1.000000e+02
4.958962e+00 1.013397e+06 1.000000e+02
5.051342e+00 1.082722e+06 1.000000e+02
5.145444e+00 1.155763e+06 1.000000e+02
5.241298e+00 1.232645e+06 1.000000e+02
5.338938e+00 1.313492e+06 1.000000e+02
5.438397e+00 1.398429e+06 1.000000e+02
5.539709e+00 1.487578e+06 1.000000e+02
5.642908e+00 1.581062e+06 1.000000e+02
5.748030e+00 1.678999e+06 1.000000e+02
5.855110e+00 1.781508e+06 1.000000e+02
5.964185e+00 1.888704e+06 1.000000e+02
6.075292e+00 2.000699e+06 1.000000e+02
6.188468e+00 2.117601e+06 1.000000e+02
6.303753e+00 2.239516e+06 1.000000e+02
6.421186e+00 2.366541e+06 1.000000e+02
6.540806e+00 2.498772e+06 1.000000e+02
6.662655e+00 2.636300e+06 1.000000e+02
6.786773e+00 2.779208e+06 1.000000e+02
6.913204e+00 2.927576e+06 1.000000e+02
7.041990e+00 3.081477e+06 1.000000e+02
7.173175e+00 3.240974e+06 1.000000e+02
7.306804e+00 3.406122e+06 1.000000e+02
7.442922e+00 3.576966e+06 1.000000e+02
7.581576e+00 3.753543e+06 1.000000e+02
7.722814e+00 3.935879e+06 1.000000e+02
7.866682e+00 4.123994e+06 1.000000e+02
8.013230e+00 4.317895e+06 1.000000e+02
8.162509e+00 4.517576e+06 1.000000e+02
8.314568e+00 4.723009e+06 1.000000e+02
8.469460e+00 4.934147e+06 1.000000e+02
8.627237e+00 5.150930e+06 1.000000e+02
8.787954e+00 5.373282e+06 1.000000e+02
8.951665e+00 5.601112e+06 1.000000e+02
9.118425e+00 5.834314e+06 1.000000e+02
9.288292e+00 6.072764e+06 1.000000e+02
9.461324e+00 6.316323e+06 1.000000e+02
9.637579e+00 6.564834e+06 1.000000e+02
9.817117e+00 6.818123e+06 1.000000e+02
1.000000e+01 7.076000e+06 1.000000e+02
