# T[K] Gamma_nTOp[1/tau_n] Gamma_pTOn[1/tau_n]
# fingerprint_hash: 551bff84dac003ac
# fingerprint: {"QED_corrections":true,"T_end_MeV":0.001,"T_start_cosmo_MeV":40.0,"analytic_distortions":false,"delta_xi_nu":0.0,"finite_mass_corrections":true,"format_version":1,"incomplete_decoupling":true,"munuOverTnu":0.040000000000000015,"nevo_file":null,"nevo_file_prefix":"NEVOPRIMAT","nevo_spectral_file":null,"radiative_corrections":true,"sampling_nTOp_per_decade":80,"spectral_distortions":true,"y_SZ":0.0}
1.160451812155007198e+07 9.999972331251478774e-01 0.000000000000000000e+00
1.194445382843508385e+07 9.999971869058028595e-01 0.000000000000000000e+00
1.229434740548801981e+07 9.999971391864148629e-01 0.000000000000000000e+00
1.265449055251050368e+07 9.999970899283016079e-01 0.000000000000000000e+00
1.302518351418111660e+07 9.999970390914844076e-01 0.000000000000000000e+00
1.340673533036361635e+07 9.999969866346497538e-01 0.000000000000000000e+00
1.379946409374797717e+07 9.999969325151137900e-01 0.000000000000000000e+00
1.420369721503815055e+07 9.999968766887831206e-01 0.000000000000000000e+00
1.461977169590851478e+07 9.999968191101163972e-01 0.000000000000000000e+00
1.504803440995584987e+07 9.999967597320844614e-01 0.000000000000000000e+00
1.548884239188134670e+07 9.999966985061309321e-01 0.000000000000000000e+00
1.594256313514404185e+07 9.999966353821296838e-01 0.000000000000000000e+00
1.640957489833307080e+07 9.999965703083426583e-01 0.000000000000000000e+00
1.689026702051510662e+07 9.999965032313771207e-01 0.000000000000000000e+00
1.738504024581887946e+07 9.999964340961395859e-01 0.000000000000000000e+00
1.789430705752837285e+07 9.999963628457908538e-01 0.000000000000000000e+00
1.841849202196240798e+07 9.999962894216988252e-01 0.000000000000000000e+00
1.895803214242760837e+07 9.999962137633892079e-01 0.000000000000000000e+00
1.951337722354025394e+07 9.999961358084954455e-01 0.000000000000000000e+00
2.008499024621973559e+07 9.999960554927077583e-01 0.000000000000000000e+00
2.067334775366751477e+07 9.999959727497188533e-01 0.000000000000000000e+00
2.127894024865204096e+07 9.999958875111694123e-01 0.000000000000000000e+00
2.190227260243212804e+07 9.999957997065906934e-01 0.000000000000000000e+00
2.254386447565865889e+07 9.999957092633451339e-01 0.000000000000000000e+00
2.320425075160592049e+07 9.999956161065647331e-01 0.000000000000000000e+00
2.388398198209420219e+07 9.999955201590859932e-01 0.000000000000000000e+00
2.458362484647430480e+07 9.999954213413823068e-01 0.000000000000000000e+00
2.530376262405800447e+07 9.999953195714912368e-01 0.000000000000000000e+00
2.604499568038682267e+07 9.999952147649382450e-01 0.000000000000000000e+00
2.680794196774604172e+07 9.999951068346534244e-01 0.000000000000000000e+00
2.759323754033992812e+07 9.999949956908829041e-01 0.000000000000000000e+00
2.840153708455819264e+07 9.999948812410910381e-01 0.000000000000000000e+00
2.923351446477630734e+07 9.999947633898558230e-01 0.000000000000000000e+00
3.008986328514331579e+07 9.999946420387516577e-01 0.000000000000000000e+00
3.097129746782724559e+07 9.999945170862247767e-01 0.000000000000000000e+00
3.187855184819832072e+07 9.999943884274561379e-01 0.000000000000000000e+00
3.281238278744807094e+07 9.999942559542175369e-01 0.000000000000000000e+00
3.377356880315344781e+07 9.999941195547190631e-01 0.000000000000000000e+00
3.476291121831235290e+07 9.999939791134558886e-01 0.000000000000000000e+00
3.578123482939223200e+07 9.999938345110587212e-01 0.000000000000000000e+00
3.682938859394711256e+07 9.999936856241603556e-01 0.000000000000000000e+00
3.790824633837836981e+07 9.999935323252867603e-01 0.000000000000000000e+00
3.901870748642701656e+07 9.999933744827965709e-01 0.000000000000000000e+00
4.016169780900728703e+07 9.999932119608844205e-01 0.000000000000000000e+00
4.133817019600404054e+07 9.999930446196789724e-01 0.000000000000000000e+00
4.254910545068005472e+07 9.999928723154601906e-01 0.000000000000000000e+00
4.379551310735325515e+07 9.999926949010393695e-01 0.000000000000000000e+00
4.507843227302657813e+07 9.999925122263317867e-01 0.000000000000000000e+00
4.639893249367284775e+07 9.999923241391673878e-01 0.000000000000000000e+00
4.775811464589476585e+07 9.999921304863840232e-01 0.000000000000000000e+00
4.915711185470598191e+07 9.999919311152394297e-01 0.000000000000000000e+00
5.059709043819620460e+07 9.999917258751915838e-01 0.000000000000000000e+00
5.207925087986870110e+07 9.999915146200786253e-01 0.000000000000000000e+00
5.360482882946188748e+07 9.999912972107316556e-01 0.000000000000000000e+00
5.517509613308683038e+07 9.999910735180465027e-01 0.000000000000000000e+00
5.679136189354267716e+07 9.999908434265282198e-01 0.000000000000000000e+00
5.845497356169053912e+07 9.999906068383141999e-01 0.000000000000000000e+00
6.016731805979927629e+07 9.999903636776681370e-01 0.000000000000000000e+00
6.192982293779598922e+07 9.999901138959269575e-01 0.000000000000000000e+00
6.374395756338880956e+07 9.999898574768750770e-01 0.000000000000000000e+00
6.561123434705124050e+07 9.999895944425022387e-01 0.000000000000000000e+00
6.753321000289034843e+07 9.999893248591021910e-01 0.000000000000000000e+00
6.951148684645150602e+07 9.999890488436630198e-01 0.000000000000000000e+00
7.154771413053803146e+07 9.999887665704908501e-01 0.000000000000000000e+00
7.364358942016379535e+07 9.999884782780272818e-01 0.000000000000000000e+00
7.580086000778134167e+07 9.999881842758086004e-01 0.000000000000000000e+00
7.802132436996677518e+07 9.999878849515474455e-01 0.000000000000000000e+00
8.030683366677752137e+07 9.999875807783151771e-01 0.000000000000000000e+00
8.265929328502891958e+07 9.999872723218373727e-01 0.000000000000000000e+00
8.508066442678131163e+07 9.999869602479362074e-01 0.000000000000000000e+00
8.757296574435649812e+07 9.999866453301747837e-01 0.000000000000000000e+00
9.013827502325230837e+07 9.999863284578035527e-01 0.000000000000000000e+00
9.277873091435243189e+07 9.999860106441267327e-01 0.000000000000000000e+00
9.549653471688136458e+07 9.999856930354552587e-01 0.000000000000000000e+00
9.829395221358637512e+07 9.999853769208368881e-01 0.000000000000000000e+00
1.011733155596781969e+08 9.999850637428018274e-01 0.000000000000000000e+00
1.041370252271060497e+08 9.999847551093880016e-01 0.000000000000000000e+00
1.071875520057871491e+08 9.999844528077570516e-01 0.000000000000000000e+00
1.103274390634579509e+08 9.999841588197426745e-01 0.000000000000000000e+00
1.135593040658666492e+08 9.999838753397118918e-01 0.000000000000000000e+00
1.168858413590708673e+08 9.999836047951580209e-01 0.000000000000000000e+00
1.203098242156668752e+08 9.999833498704838730e-01 0.000000000000000000e+00
1.238341071468138248e+08 9.999831135344651178e-01 0.000000000000000000e+00
1.274616282819872946e+08 9.999828990719348276e-01 0.000000000000000000e+00
1.311954118184435666e+08 9.999827101202615198e-01 0.000000000000000000e+00
1.350385705424373746e+08 9.999825507112417577e-01 0.000000000000000000e+00
1.389943084242920876e+08 9.999824253190705559e-01 0.000000000000000000e+00
1.430659232894937396e+08 9.999823389151059061e-01 0.000000000000000000e+00
1.472568095680249631e+08 9.999822970301930347e-01 0.000000000000000000e+00
1.515704611242395937e+08 9.999823058253740626e-01 0.000000000000000000e+00
1.560104741696303487e+08 9.999823721718767988e-01 0.000000000000000000e+00
1.605805502609273791e+08 9.999825037413494488e-01 0.000000000000000000e+00
1.652844993860153258e+08 9.999827062700366032e-01 0.000000000000000000e+00
1.701262431402502060e+08 9.999829950760720232e-01 0.000000000000000000e+00
1.751098179958217144e+08 9.999833777665468881e-01 0.000000000000000000e+00
1.802393786668825150e+08 9.999838667610587706e-01 0.000000000000000000e+00
1.855192015732608140e+08 9.999844753376964102e-01 0.000000000000000000e+00
1.909536884056296647e+08 9.999852187361115696e-01 0.000000000000000000e+00
1.965473697951165140e+08 9.999861136015073537e-01 0.000000000000000000e+00
2.023049090904033780e+08 9.999871790389407433e-01 0.000000000000000000e+00
2.082311062454790771e+08 9.999884365883484616e-01 0.000000000000000000e+00
2.143309018212690055e+08 9.999899094803853528e-01 0.000000000000000000e+00
2.206093811044900417e+08 9.999916247966375016e-01 0.000000000000000000e+00
2.270717783471610248e+08 9.999936126605496467e-01 0.000000000000000000e+00
2.337234811302981079e+08 9.999959057994032285e-01 0.000000000000000000e+00
2.405700348554467559e+08 9.999985427693609541e-01 0.000000000000000000e+00
2.476171473677769899e+08 1.000001564069150861e+00 0.000000000000000000e+00
2.548706937146100700e+08 1.000005019185675081e+00 1.921376989523898147e-28
2.623367210433326662e+08 1.000008958394342562e+00 1.110089439329648578e-27
2.700214536427979469e+08 1.000013441922000590e+00 6.112937580285087918e-27
2.779312981323959827e+08 1.000018535742644321e+00 3.212774465617224614e-26
2.860728488031346798e+08 1.000024313586840075e+00 1.614209397109761890e-25
2.944528931151782870e+08 1.000030858321797389e+00 7.757989136633162229e-25
3.030784173564286828e+08 1.000038262741831607e+00 3.572982236673942807e-24
3.119566124668592215e+08 1.000046630076986354e+00 1.578126241958395057e-23
3.210948800334758162e+08 1.000056077313101088e+00 6.694892646291752460e-23
3.305008384608782530e+08 1.000066734431802828e+00 2.730784795699289472e-22
3.401823293225855827e+08 1.000078746057532220e+00 1.072052952128896910e-21
3.501474238984055519e+08 1.000092276558814275e+00 4.055000409246186403e-21
3.604044299033194184e+08 1.000107510803163846e+00 1.479314735493383573e-20
3.709618984134646654e+08 1.000124648574578723e+00 5.210718366014220190e-20
3.818286309950104952e+08 1.000143927514449249e+00 1.773924864222666373e-19
3.930136870418622494e+08 1.000165603156015992e+00 5.842278321314439403e-19
4.045263913283039927e+08 1.000189966210330406e+00 1.863129440823121539e-18
4.163763417829000354e+08 1.000217349314502346e+00 5.758511216580787628e-18
4.285734174901039600e+08 1.000248119383430723e+00 1.726490234430119581e-17
4.411277869262718558e+08 1.000282699947142362e+00 5.025481831338141235e-17
4.540499164369260669e+08 1.000321565184268513e+00 1.421397165468614785e-16
4.673505789623640776e+08 1.000365255440097023e+00 3.909575844958562888e-16
4.810408630188527703e+08 1.000414394132151497e+00 1.046571645492640543e-15
4.951321819429209232e+08 1.000469680145110285e+00 2.728796799080896849e-15
5.096362834064487815e+08 1.000531929539639764e+00 6.935362112963300341e-15
5.245652592104764581e+08 1.000602081149431388e+00 1.719458479937060118e-14
5.399315553659272194e+08 1.000681213585277618e+00 4.161543184982521753e-14
5.557479824696080685e+08 1.000770589025809842e+00 9.839434127481273971e-14
5.720277263841720819e+08 1.000871667864505099e+00 2.274279621230663625e-13
5.887843592309185266e+08 1.000986177351788076e+00 5.142541901151784080e-13
6.060318507046331167e+08 1.001116125348486374e+00 1.138318661800223958e-12
6.237845797198551893e+08 1.001263878626940995e+00 2.468247663418952397e-12
6.420573463983147144e+08 1.001432262620362001e+00 5.246045488957950326e-12
6.608653844075227976e+08 1.001624592826931393e+00 1.093642041629290200e-11
6.802243736607878208e+08 1.001844791409454816e+00 2.237581898446825067e-11
7.001504533892848492e+08 1.002097550877298016e+00 4.495685809058889279e-11
7.206602355970234871e+08 1.002388392536910589e+00 8.875160913055342044e-11
7.417708189099742174e+08 1.002723912256201277e+00 1.722481415527233319e-10
7.634998028308640718e+08 1.003111964745659446e+00 3.288241586914292019e-10
7.858653024115747213e+08 1.003561924937015126e+00 6.177810773710174199e-10
8.088859633553140163e+08 1.004084776823486846e+00 1.142762589180457004e-09
8.325809775611968040e+08 1.004693647147192781e+00 2.082212983814401562e-09
8.569700991241761446e+08 1.005404103141482430e+00 3.738775098140839481e-09
8.820736608036700487e+08 1.006234665731469580e+00 6.618397959543092134e-09
9.079125909745934010e+08 1.007206888557254265e+00 1.155417938445698980e-08
9.345084310749771595e+08 1.008346482308080772e+00 1.989940885346379285e-08
9.618833535646533966e+08 1.009683814841763505e+00 3.382304452939829723e-08
9.900601804100320339e+08 1.011254078329630879e+00 5.674989623134056178e-08
1.019062402110335708e+09 1.013099137780528292e+00 9.402245288408826132e-08
1.048914197281219006e+09 1.015267602949369019e+00 1.538585545894733873e-07
1.079640452812016487e+09 1.017816303410160828e+00 2.487370922965993617e-07
1.111266784613485813e+09 1.020811836655183269e+00 3.973707788167305890e-07
1.143819558973324299e+09 1.024331135955275141e+00 6.274539087911801360e-07
1.177325914537234783e+09 1.028464028776801431e+00 9.794889995803210259e-07
1.211813784933942080e+09 1.033314408633266179e+00 1.511974659664110007e-06
1.247311922062922478e+09 1.039002472284676681e+00 2.308419681156736593e-06
1.283849920064341068e+09 1.045667066775546550e+00 3.486699571413162594e-06
1.321458239991118431e+09 1.053468214369141842e+00 5.211307252960079685e-06
1.360168235203776360e+09 1.062590104222365106e+00 7.709469518872940521e-06
1.400012177509135485e+09 1.073245178325953120e+00 1.129192870790307550e-05
1.441023284064728022e+09 1.085673898512685254e+00 1.637934259257490112e-05
1.483235745071326971e+09 1.100156571140660011e+00 2.353722291534570289e-05
1.526684752276691675e+09 1.117007998240175271e+00 3.351750977927153474e-05
1.571406528314249754e+09 1.136594184349862591e+00 4.731672417743643414e-05
1.617438356901275635e+09 1.159327091881240834e+00 6.624262224086123366e-05
1.664818613921616554e+09 1.185678251986880705e+00 9.200558987665510098e-05
1.713586799418937206e+09 1.216186374183628960e+00 1.268325325191590395e-04
1.763783570527214289e+09 1.251455159964634412e+00 1.736056386529778218e-04
1.815450775365811586e+09 1.292188613903257455e+00 2.360626260008918205e-04
1.868631487927488089e+09 1.339157757959154704e+00 3.190084126119198567e-04
1.923370043988390207e+09 1.393267449540996461e+00 4.286577196336128310e-04
1.979712078069975138e+09 1.455516829836998038e+00 5.729869071197949077e-04
2.037704561483635664e+09 1.527057888475136682e+00 7.622827404420575792e-04
2.097395841489860296e+09 1.609178349194632540e+00 1.009754035404239079e-03
2.158835681604428291e+09 1.703351155958343410e+00 1.332407056083378906e-03
2.222075303085304260e+09 1.811224834569270525e+00 1.752075639760386234e-03
2.287167427634904385e+09 1.934683500513773469e+00 2.296829910444564589e-03
2.354166321353172302e+09 2.075831774047302680e+00 3.002649167195141008e-03
2.423127839978229046e+09 2.237092251073396376e+00 3.915732466169535159e-03
2.494109475452268600e+09 2.421135120477764691e+00 5.095037496027427643e-03
2.567170403851538181e+09 2.631078216134604908e+00 6.616148591942383646e-03
2.642371534720295429e+09 2.870306235507197989e+00 8.574884203004761937e-03
2.719775561850031853e+09 3.142814848201883393e+00 1.109373160759687289e-02
2.799447015546083927e+09 3.452976904716278828e+00 1.432732359123471862e-02
2.881452316425378323e+09 3.805815763806039698e+00 1.847146192513854368e-02
2.965859830790022850e+09 4.207040974903937247e+00 2.377322668388031496e-02
3.052739927623100281e+09 4.662941537230824274e+00 3.054146849969695265e-02
3.142165037253938198e+09 5.180884680167268108e+00 3.916527864758325567e-02
3.234209711741948128e+09 5.769070268126164969e+00 5.012905989088449477e-02
3.328950687029297352e+09 6.436669005200449156e+00 6.403404170061137435e-02
3.426466946914258480e+09 7.194346657808166512e+00 8.162954334796186651e-02
3.526839788898484230e+09 8.054012440238732751e+00 1.038404607845271471e-01
3.630152891963314533e+09 9.029008980900334436e+00 1.318030863546991727e-01
3.736492386331355095e+09 1.013480245557264325e+01 1.669219813786859408e-01
3.845946925271603107e+09 1.138877074676824108e+01 2.109157504489777846e-01
3.958607759008128166e+09 1.281046326594620410e+01 2.658811630323713593e-01
4.074568810793635368e+09 1.442220264280284425e+01 3.343792786449727994e-01
4.193926755211558819e+09 1.624945255499341101e+01 4.195291362331900475e-01
4.316781098771873474e+09 1.832095269201179377e+01 5.251134137398182355e-01
4.443234262867848396e+09 2.066916432959012084e+01 6.557016999532383483e-01
4.573391669162797928e+09 2.333121945973881495e+01 8.168282897847850554e-01
4.707361827478274345e+09 2.634932994219155589e+01 1.015169379046911180e+00
4.845256426256653786e+09 2.977138975560577450e+01 1.258754527967887560e+00
4.987190425673658371e+09 3.365170584425044353e+01 1.557225154367412934e+00
5.133282153478646278e+09 3.805184023413482208e+01 1.922126190176927318e+00
5.283653403642189980e+09 4.304247054146102869e+01 2.367324150666853644e+00
5.438429537893475533e+09 4.870359755541032598e+01 2.909370604684168971e+00
5.597739590232056618e+09 5.512628297514394404e+01 3.568023245099931628e+00
5.761716374501134872e+09 6.241419548208214252e+01 4.366826477146162233e+00
5.930496595111913681e+09 7.068480923596138155e+01 5.333748461804444396e+00
6.104220961011671066e+09 8.007299429478338482e+01 6.502150653806280545e+00
6.283034302990117073e+09 9.073190003310223517e+01 7.911588351769662353e+00
6.467085694422193527e+09 1.028359829242743473e+02 9.608973869237702914e+00
6.656528575547679901e+09 1.165841049443739195e+02 1.164988046135618482e+01
6.851520881391641617e+09 1.322029939904387277e+02 1.410007670124337942e+01
7.052225173431834221e+09 1.499505028524461920e+02 1.703719743089672178e+01
7.258808775123225212e+09 1.701221732408442051e+02 2.055317911718397283e+01
7.471443911392463684e+09 1.930545619695616608e+02 2.475639503198379998e+01
7.690307852218645096e+09 2.191317173992511016e+02 2.977463632396376525e+01
7.915583060419889450e+09 2.487920116394591332e+02 3.575845529349826535e+01
8.147457343769403458e+09 2.825360087237563107e+02 4.288507901820002388e+01
8.386124011567255020e+09 3.209353327193039718e+02 5.136299865494129335e+01
8.631782035798656464e+09 3.646419841710027754e+02 6.143702979755332905e+01
8.884636217013431549e+09 4.144030708750175904e+02 7.339527117878108697e+01
9.144897355064310074e+09 4.710712780362694048e+02 8.757570782773572660e+01
9.412782424846891403e+09 5.356214214321257714e+02 1.043748412510779531e+02
9.688514757187610626e+09 6.091679920334452163e+02 1.242576259861113783e+02
9.972324225030553818e+09 6.929853875490094879e+02 1.477689034265375767e+02
1.026444743507811546e+10 7.885314391206310347e+02 1.755468165640820075e+02
1.056512792504586601e+10 8.974740112907870753e+02 2.083383906974920592e+02
1.087461636669533730e+10 1.021719563998614149e+03 2.470170581116942969e+02
1.119317077481427765e+10 1.163453733677354649e+03 2.926054932517697011e+02
1.152105672231908607e+10 1.325176927095662222e+03 3.462985176364304607e+02
1.185854756165785217e+10 1.509751750601843014e+03 4.094921688485770801e+02
1.220592465269928932e+10 1.720456288271059975e+03 4.838169129735119895e+02
1.256347759729724312e+10 1.961045048415393467e+03 5.711762336402689471e+02
1.293150448072645378e+10 2.235819160565737548e+03 6.737914193970320866e+02
1.331031212019052696e+10 2.549706372083833230e+03 7.942536849690397958e+02
1.370021632061007500e+10 2.908353759411015744e+03 9.355846012709054094e+02
1.410154213790321732e+10 3.318230623267652845e+03 1.101305092900474847e+03
1.451462414997881317e+10 3.786757943563209210e+03 1.295520370124049350e+03
1.493980673566762352e+10 4.322441995968808442e+03 1.523011758176185140e+03
1.537744436182493210e+10 4.935035910615391913e+03 1.789346981736389580e+03
1.582790187884276772e+10 5.635725014850469961e+03 2.101007901385804416e+03
1.629155482481897926e+10 6.437338564719741044e+03 2.465538147706948621e+03
1.676878973863648033e+10 7.354593578054273166e+03 2.891714726363371028e+03
1.726000448221327972e+10 8.404375064174995714e+03 3.389746693691432029e+03
1.776560857219301224e+10 9.606057360585637070e+03 3.971505701675682303e+03
1.828602352135112762e+10 1.098187483022674678e+04 4.650792656695669393e+03
1.882168319000241089e+10 1.255734086029224818e+04 5.443644684725773914e+03
1.937303414770203400e+10 1.436175143140913133e+04 6.368702114862516282e+03
1.994053604554274368e+10 1.642873527798075156e+04 7.447616264066030453e+03
2.052466199935720444e+10 1.879690148140942983e+04 8.705532482474565768e+03
2.112589898414597702e+10 2.151058240891271635e+04 1.017164820331946430e+04
2.174474824005956650e+10 2.462068807792728330e+04 1.187985783838531461e+04
2.238172569027315521e+10 2.818568771107806242e+04 1.386950010964823196e+04
2.303736237110184479e+10 3.227273823365501084e+04 1.618622306271717571e+04
2.371220487471634674e+10 3.695898206070195010e+04 1.888298490830610535e+04
2.440681580482650757e+10 4.233304122505400301e+04 2.202121226517205287e+04
2.512177424571330261e+10 4.849672822854886181e+04 2.567214004293136895e+04
2.585767624500127792e+10 5.556702126044121542e+04 2.991836081726580960e+04
2.661513531057204056e+10 6.367835692140652827e+04 3.485562932902432658e+04
2.739478292203451920e+10 7.298521407611868926e+04 4.059492549466367200e+04
2.819726905717783356e+10 8.366512723942106823e+04 4.726485818110826222e+04
2.902326273384587479e+10 9.592214257103763521e+04 5.501443838688937103e+04
2.987345256768461609e+10 1.099907914214182238e+05 6.401628752361051011e+04
3.074854734622896576e+10 1.261406607893070905e+05 7.447034470199605857e+04
3.164927661980533600e+10 1.446816500529743789e+05 8.660815117066315725e+04
3.257639130974450684e+10 1.659700180467343307e+05 1.006978016316863941e+05
3.353066433441031647e+10 1.904153364848731726e+05 1.170496664059022587e+05
3.451289125356819153e+10 2.184884861355141911e+05 1.360229919439620862e+05
3.552389093162808228e+10 2.507308534118510725e+05 1.580335368155761971e+05
3.656450622031669617e+10 2.877649463870009640e+05 1.835624166069790081e+05
3.763560466134754944e+10 3.303065238242287887e+05 2.131662468855468906e+05
3.873807920967382812e+10 3.791786069246948464e+05 2.474889129106343607e+05
3.987284897792932892e+10 4.353275766517763841e+05 2.872751406176789314e+05
4.104086000267502594e+10 4.998416871560753207e+05 3.333861606086933170e+05
4.224308603309262085e+10 5.739723570789099904e+05 3.868177861716664047e+05
4.348052934278048706e+10 6.591586536596036749e+05 4.487212754228767008e+05
4.475422156533167267e+10 7.570554467038909206e+05 5.204274024742534966e+05
4.606522455438705444e+10 8.695657863919008523e+05 6.034742179191325558e+05
4.741463126888324738e+10 9.988781194477420067e+05 6.996390835148826009e+05
4.880356668423223877e+10 1.147509055756373098e+06 8.109755873150768457e+05
5.023318873019279480e+10 1.318352692451397888e+06 9.398561884626414394e+05
5.170468925621424103e+10 1.514737059394823387e+06 1.089021266683699097e+06
5.321929502506053925e+10 1.740489182803692296e+06 1.261635742753731553e+06
5.477826873553909302e+10 2.000009832520820433e+06 1.461354303885404486e+06
5.638291007518873596e+10 2.298359426530376542e+06 1.692396585434624460e+06
5.803455680380647278e+10 2.641356756908630487e+06 1.959633775955762248e+06
5.973458586871220398e+10 3.035692437955153175e+06 2.268688384703877382e+06
6.148441455268445587e+10 3.489059291063467506e+06 2.626049162537587807e+06
6.328550165552282715e+10 4.010302102643342223e+06 3.039203419006227516e+06
6.513934871022261047e+10 4.609589671163372695e+06 3.516789349228742998e+06
6.704750123477406311e+10 5.298612413120443933e+06 4.068771368280246854e+06
6.901155002063371277e+10 6.090809538197432645e+06 4.706642092621367425e+06
7.103313245893699646e+10 7.001629592332477681e+06 5.443654451764855534e+06
7.311393390556010437e+10 8.048829781398891471e+06 6.295088859401118010e+06
7.525568908617167664e+10 9.252819630887059495e+06 7.278560530128993094e+06
7.746018354244035339e+10 1.063705545783281326e+07 8.414372851957162842e+06
7.972925512060813904e+10 1.222849311743224971e+07 9.725923645446835086e+06
8.206479550366879272e+10 1.405810757431682386e+07 1.124017215281126834e+07
8.446875178842932129e+10 1.616148886754671670e+07 1.298817559324665368e+07
8.694312810876712036e+10 1.857952587690763175e+07 1.500570563578856550e+07
8.948998730644142151e+10 2.135919053852241486e+07 1.733395650453990325e+07
9.211145265084492493e+10 2.455443696674779430e+07 2.002035797248103097e+07
9.480970960913493347e+10 2.822723249184346572e+07 2.311950875244000182e+07
9.758700766821530151e+10 3.244873914845822379e+07 2.669424769735614210e+07
1.004456622100944519e+11 3.730066742769878358e+07 3.081688254805153236e+07
1.033880564421748657e+11 4.287682741452673078e+07 3.557059940926464647e+07
1.064166433840895081e+11 4.928490510037911683e+07 4.105107878504377604e+07
1.095339479127387848e+11 5.664849637206962705e+07 4.736834786573082954e+07
1.127425688672342987e+11 6.510943524587464333e+07 5.464890288370297849e+07
1.160451812155009613e+11 7.483045805180093646e+07 6.303814000327998400e+07
