# T[K] Gamma_nTOp[1/tau_n] Gamma_pTOn[1/tau_n]
# fingerprint_hash: 1f3753971afba7b6
# fingerprint: {"QED_corrections":true,"T_end_MeV":0.001,"T_start_cosmo_MeV":40.0,"analytic_distortions":false,"delta_xi_nu":0.0,"finite_mass_corrections":true,"format_version":2,"incomplete_decoupling":true,"munuOverTnu":0.0,"nevo_file":null,"nevo_file_prefix":"NEVOPRIMAT","nevo_spectral_file":null,"radiative_corrections":true,"sampling_nTOp_per_decade":50,"spectral_distortions":true,"y_SZ":0.0}
1.160451812155007198e+07 9.933143470736334191e-01 0.000000000000000000e+00
1.215423456535459310e+07 9.934429320013701270e-01 0.000000000000000000e+00
1.272999157072523609e+07 9.935841959022663206e-01 0.000000000000000000e+00
1.333302270244670287e+07 9.937393783698277305e-01 0.000000000000000000e+00
1.396461996037534624e+07 9.939096709989670986e-01 0.000000000000000000e+00
1.462613654756076634e+07 9.940963368579418535e-01 0.000000000000000000e+00
1.531898976949623041e+07 9.942996361360511015e-01 0.000000000000000000e+00
1.604466407070890814e+07 9.945194426417560685e-01 0.000000000000000000e+00
1.680471421519609168e+07 9.947573545029303466e-01 0.000000000000000000e+00
1.760076861752187833e+07 9.950151763432005803e-01 0.000000000000000000e+00
1.843453283171037212e+07 9.952919796169621414e-01 0.000000000000000000e+00
1.930779320541143045e+07 9.955856263291384955e-01 0.000000000000000000e+00
2.022242070716715232e+07 9.958959396000376385e-01 0.000000000000000000e+00
2.118037493497940898e+07 9.962221090738094809e-01 0.000000000000000000e+00
2.218370831476723030e+07 9.965620700278897681e-01 0.000000000000000000e+00
2.323457049770824239e+07 9.969120354408904650e-01 0.000000000000000000e+00
2.433521296588684618e+07 9.972698480158289636e-01 0.000000000000000000e+00
2.548799385611532256e+07 9.976319766567928182e-01 0.000000000000000000e+00
2.669538301226441562e+07 9.979929759772429021e-01 0.000000000000000000e+00
2.795996727692684904e+07 9.983440840918686998e-01 0.000000000000000000e+00
2.928445603375167400e+07 9.986798527943078208e-01 0.000000000000000000e+00
3.067168701232454926e+07 9.989927131103579772e-01 0.000000000000000000e+00
3.212463236802952364e+07 9.992753141554496787e-01 0.000000000000000000e+00
3.364640504992025346e+07 9.995176925735094198e-01 0.000000000000000000e+00
3.524026547024237365e+07 9.997135984612712800e-01 0.000000000000000000e+00
3.690962848989710957e+07 9.998568138038018693e-01 0.000000000000000000e+00
3.865807073481325805e+07 9.999463354955753225e-01 0.000000000000000000e+00
4.048933825890124589e+07 9.999873408006458853e-01 0.000000000000000000e+00
4.240735457000926137e+07 9.999924517531272317e-01 0.000000000000000000e+00
4.441622903607542068e+07 9.999935257828830304e-01 0.000000000000000000e+00
4.652026568948684633e+07 9.999923570851705357e-01 0.000000000000000000e+00
4.872397244851007313e+07 9.999917662973053512e-01 0.000000000000000000e+00
5.103207077554742992e+07 9.999916058696971533e-01 0.000000000000000000e+00
5.344950579291524738e+07 9.999913142703281688e-01 0.000000000000000000e+00
5.598145687781451643e+07 9.999909165842879588e-01 0.000000000000000000e+00
5.863334875919473916e+07 9.999905235037966911e-01 0.000000000000000000e+00
6.141086314028744400e+07 9.999901296997276701e-01 0.000000000000000000e+00
6.431995087170767039e+07 9.999897121385723509e-01 0.000000000000000000e+00
6.736684470120808482e+07 9.999892710523297090e-01 0.000000000000000000e+00
7.055807262739917636e+07 9.999888106120822240e-01 0.000000000000000000e+00
7.390047188604708016e+07 9.999883305052200688e-01 0.000000000000000000e+00
7.740120359891627729e+07 9.999878299611645316e-01 0.000000000000000000e+00
8.106776811653904617e+07 9.999873092324780277e-01 0.000000000000000000e+00
8.490802108778786659e+07 9.999867688581410841e-01 0.000000000000000000e+00
8.893019029067637026e+07 9.999862103339768327e-01 0.000000000000000000e+00
9.314289326045034826e+07 9.999856361870903543e-01 0.000000000000000000e+00
9.755515575273916125e+07 9.999850488807706661e-01 0.000000000000000000e+00
1.021764310813202858e+08 9.999844513936009260e-01 0.000000000000000000e+00
1.070166203719341457e+08 9.999838475357958334e-01 0.000000000000000000e+00
1.120860937755381018e+08 9.999832416126148704e-01 0.000000000000000000e+00
1.173957126864527911e+08 9.999826404156583193e-01 0.000000000000000000e+00
1.229568530129994899e+08 9.999820534937818861e-01 0.000000000000000000e+00
1.287814295504932255e+08 9.999814897300823846e-01 0.000000000000000000e+00
1.348819215088015497e+08 9.999809585819489088e-01 0.000000000000000000e+00
1.412713992491699457e+08 9.999804735539762346e-01 0.000000000000000000e+00
1.479635522875908911e+08 9.999800517020753787e-01 0.000000000000000000e+00
1.549727186247239113e+08 9.999797126971031735e-01 0.000000000000000000e+00
1.623139154651940763e+08 9.999794805897571637e-01 0.000000000000000000e+00
1.700028713920943439e+08 9.999793806061421098e-01 0.000000000000000000e+00
1.780560600656225383e+08 9.999794512234445598e-01 0.000000000000000000e+00
1.864907355180533528e+08 9.999797314460662223e-01 0.000000000000000000e+00
1.953249691206615865e+08 9.999802726297495337e-01 0.000000000000000000e+00
2.045776883018089235e+08 9.999811341364247541e-01 0.000000000000000000e+00
2.142687170991337895e+08 9.999823856890582841e-01 1.350172000170206038e-28
2.244188186327397525e+08 9.999841167719801804e-01 2.096568761684001466e-28
2.350497395903712809e+08 9.999864394171606996e-01 0.000000000000000000e+00
2.461842568199017346e+08 9.999894813165899343e-01 0.000000000000000000e+00
2.578462261289400160e+08 9.999933931264008979e-01 6.242104573215397125e-27
2.700606333961229920e+08 9.999983602725264209e-01 1.625116645627020499e-26
2.828536481035947800e+08 1.000004616100000909e+00 5.118999160093422874e-26
2.962526794053691626e+08 1.000012432660491557e+00 1.051812746640515006e-24
3.102864348516941667e+08 1.000022140441111818e+00 1.273122981627391404e-23
3.249849818952549100e+08 1.000034136229556170e+00 1.262807547881162779e-22
3.403798123109682798e+08 1.000048900323005530e+00 1.142965773471899960e-21
3.565039096674089432e+08 1.000067011594200084e+00 9.483621212044845006e-21
3.733918199944082499e+08 1.000089165278331693e+00 7.165329508873606242e-20
3.910797257982562184e+08 1.000116213416514688e+00 4.966289431688202832e-19
4.096055235830545425e+08 1.000149185270958085e+00 3.164565486809422896e-18
4.290089050443339944e+08 1.000189333865045382e+00 1.863700614799322135e-17
4.493314421088839173e+08 1.000238188271856510e+00 1.017017864353408899e-16
4.706166760029976964e+08 1.000297622183410784e+00 5.162148005799584917e-16
4.929102105399506092e+08 1.000369980013892990e+00 2.445177427476764196e-15
5.162598098266089559e+08 1.000458162574533905e+00 1.084001918010829397e-14
5.407155005984696150e+08 1.000565867199123771e+00 4.513821825660363783e-14
5.663296794024143219e+08 1.000697766474488493e+00 1.769536224306882012e-13
5.931572248567932844e+08 1.000859897913538132e+00 6.554633782890355572e-13
6.212556152293941975e+08 1.001060065493278417e+00 2.298764511888354030e-12
6.506850515851603746e+08 1.001308523412356433e+00 7.659342056876421022e-12
6.815085867675396204e+08 1.001618715458305164e+00 2.429088153327257359e-11
7.137922604897956848e+08 1.002008394475577990e+00 7.355559159982986304e-11
7.476052408257019520e+08 1.002501063515168100e+00 2.130272385342578455e-10
7.830199724028053284e+08 1.003127760003668545e+00 5.917007775387425897e-10
8.201123316157089472e+08 1.003929648328537150e+00 1.578567982201636488e-09
8.589617891919622421e+08 1.004960793749735570e+00 4.054376689501644105e-09
8.996515804588438272e+08 1.006292302154091711e+00 1.003678940469433089e-08
9.422688836758164167e+08 1.008017462326649349e+00 2.399559499350273969e-08
9.869050068147871494e+08 1.010257237907522310e+00 5.545255701786686437e-08
1.033655583188279390e+09 1.013168960315587563e+00 1.240614207938523839e-07
1.082620776344705820e+09 1.016954917568574146e+00 2.689044778236564991e-07
1.133905494669714689e+09 1.021874797233856880e+00 5.653958103935368690e-07
1.187619616153371811e+09 1.028259517842623039e+00 1.153980711763655999e-06
1.243878223804812670e+09 1.036529796710642382e+00 2.288950801879589677e-06
1.302801852218650818e+09 1.047216220289539423e+00 4.415542936615603443e-06
1.364516745821486712e+09 1.060986079314808928e+00 8.293901086611046427e-06
1.429155129351755381e+09 1.078674602024601192e+00 1.518344000669779658e-05
1.496855491152500153e+09 1.101320639835607684e+00 2.712801650750770052e-05
1.567762879883925438e+09 1.130215097870645113e+00 4.736204137923747092e-05
1.642029215291518450e+09 1.166952061571707500e+00 8.093117009511887250e-05
1.719813613695526361e+09 1.213499453704359077e+00 1.355624075593549042e-04
1.801282728899175167e+09 1.272275594770204243e+00 2.230121266249137052e-04
1.886611109245975256e+09 1.346244098658779809e+00 3.609565874154098300e-04
1.975981571591228724e+09 1.439034461560067868e+00 5.759862038623654763e-04
2.069585592988827705e+09 1.555074623368987163e+00 9.078244911834918839e-04
2.167623720932655334e+09 1.699770657706155985e+00 1.416036421304233328e-03
2.270306003031436920e+09 1.879711489258147239e+00 2.189486688501004509e-03
2.377852437037762642e+09 2.102919660374404032e+00 3.361092113217957564e-03
2.490493442195304871e+09 2.379163760342910994e+00 5.128414540234197197e-03
2.608470352914214611e+09 2.720334001864101570e+00 7.784852178363007615e-03
2.732035935832361221e+09 3.140911340384400230e+00 1.176261216337785853e-02
2.861454931370234489e+09 3.658522365029370782e+00 1.769565759753256515e-02
2.997004620939734936e+09 4.294594407897494470e+00 2.650493391694409145e-02
3.138975421022267342e+09 5.075299568304606268e+00 3.952063467573978250e-02
3.287671505388730526e+09 6.032567090353488481e+00 5.864597226628671250e-02
3.443411456794701099e+09 7.205339859572909234e+00 8.658375467825023264e-02
3.606528949546919346e+09 8.641023112809365969e+00 1.271370681324443808e-01
3.777373464403704166e+09 1.039769868874587289e+01 1.856249247831557869e-01
3.956311037340701103e+09 1.254645622909006519e+01 2.694282841425268415e-01
4.143725043786407948e+09 1.517392179963533927e+01 3.887053442871654663e-01
4.340017020007625580e+09 1.838659784229233907e+01 5.573771155537394772e-01
4.545607523404695511e+09 2.231486485432284539e+01 7.943860209908827352e-01
4.760937033559601784e+09 2.711815040311035929e+01 1.125343933570353228e+00
4.986466895967714310e+09 3.299311998765728049e+01 1.584790676291982114e+00
5.222680310474769592e+09 4.017985346814486292e+01 2.218923567059380986e+00
5.470083366537114143e+09 4.897530405763232864e+01 3.089519521208234476e+00
5.729206127523020744e+09 5.974273759477205203e+01 4.278528635449434070e+00
6.000603766378561974e+09 7.293126089811403290e+01 5.894667039908146222e+00
6.284857755090764046e+09 8.909183658868026612e+01 8.081176861390241939e+00
6.582577110496818542e+09 1.089063481059662166e+02 1.102687404736159316e+01
6.894399699108365059e+09 1.332123340925855075e+02 1.497901479743178221e+01
7.220993603746511459e+09 1.630478119459755817e+02 2.026182039138669921e+01
7.563058554915418625e+09 1.996902874187770180e+02 2.729780477647305048e+01
7.921327429981652260e+09 2.447227486321178560e+02 3.663802210935921266e+01
8.296567823370694160e+09 3.000995025026138592e+02 4.899815087867596475e+01
8.689583691145269394e+09 3.682405426421415200e+02 6.530711935811632429e+01
9.101217073488599777e+09 4.521426799156402581e+02 8.676801776797253751e+01
9.532349898783620834e+09 5.555150565525013917e+02 1.149353645331755587e+02
9.983905873152660370e+09 6.829610634894492023e+02 1.518173696771192454e+02
1.045685245950651550e+10 8.401837025403857524e+02 2.000015629320666051e+02
1.095220295034280777e+10 1.034261539522412249e+03 2.628187881783826469e+02
1.147101863873471642e+10 1.273988288238280575e+03 3.445533424776652396e+02
1.201441109216115379e+10 1.570271500703037873e+03 4.507012792028396575e+02
1.258354453405078697e+10 1.936685963644727281e+03 5.883213884205134718e+02
1.317963833814153862e+10 2.390088437449297089e+03 7.664494561480776156e+02
1.380396964100008011e+10 2.951461848066817311e+03 9.966578164210031900e+02
1.445787607829922104e+10 3.646908391869775187e+03 1.293742360972166580e+03
1.514275865071468735e+10 4.508920448519608726e+03 1.676614978995939964e+03
1.586008472558225250e+10 5.577954398981264603e+03 2.169412426417158258e+03
1.661139118074601936e+10 6.904439797086985891e+03 2.802942882813104006e+03
1.739828769733362579e+10 8.551158490592948510e+03 3.616443866654424710e+03
1.822246020851322174e+10 1.059646898125984626e+04 4.659953521538799578e+03
1.908567451162081528e+10 1.313799596152087906e+04 5.997112979616857956e+03
1.998978005139805222e+10 1.629760904683795889e+04 7.708941732670054080e+03
2.093671388244474030e+10 2.022729772632755703e+04 9.898388706542944419e+03
2.192850481937620163e+10 2.511685474871025144e+04 1.269634409026313006e+04
2.296727778357814789e+10 3.120306779402462416e+04 1.626890937608888089e+04
2.405525835587034225e+10 3.878191915070331743e+04 2.082711186112412906e+04
2.519477754483444977e+10 4.822274764966329531e+04 2.663840763859532672e+04
2.638827678102181244e+10 5.998735601204477280e+04 3.404219015617643163e+04
2.763831314774128723e+10 7.465235607084694493e+04 4.346826647671678074e+04
2.894756485963434601e+10 9.293902847998353536e+04 5.546164689312567498e+04
3.031883700077460480e+10 1.157483109062055009e+05 7.071188224613748025e+04
3.175506753458745575e+10 1.442072978127554234e+05 9.009244542397397163e+04
3.325933359846393585e+10 1.797240820892987831e+05 1.147073907135575719e+05
3.483485809655603027e+10 2.240616893466918555e+05 1.459541773857949593e+05
3.648501660487985992e+10 2.794229868402223801e+05 1.855978312344507431e+05
3.821334460351841736e+10 3.485650984862188343e+05 2.358712564929229557e+05
4.002354505142093658e+10 4.349342273164879298e+05 2.995923853770362330e+05
4.191949632002719116e+10 5.428455757903910708e+05 3.803215254517592257e+05
4.390526050271486664e+10 6.776928067432962125e+05 4.825486921949681710e+05
4.598509211787198639e+10 8.462300531193906209e+05 6.119449765861826017e+05
4.816344722424354553e+10 1.056899705362205394e+06 7.756566441113679903e+05
5.044499296807847595e+10 1.320271521543920506e+06 9.827024130509726238e+05
5.283461758253464508e+10 1.649558160041158088e+06 1.244438864964258624e+06
5.533744086076338196e+10 2.061306641023816075e+06 1.575184260950966040e+06
5.795882512511563110e+10 2.576198526936977170e+06 1.992956192023073556e+06
6.070438671596701050e+10 3.220116453146600164e+06 2.520459570327692665e+06
6.358000802477999878e+10 4.025408253571623471e+06 3.186243601503646001e+06
6.659185009718277740e+10 5.032577008303144015e+06 4.026248103264258709e+06
6.974636583306761169e+10 6.292229147085265256e+06 5.085632102656039409e+06
7.305031381198823547e+10 7.867664348748866469e+06 6.421214142979578115e+06
7.651077277348162842e+10 9.837956085995351896e+06 8.104331684802131727e+06
8.013515678333279419e+10 1.230200296980207972e+07 1.022462357231093012e+07
8.393123111828080750e+10 1.538330398128245771e+07 1.289454877468959242e+07
8.790712890319580078e+10 1.923629068297360092e+07 1.625535430098730139e+07
9.207136853637718201e+10 2.405372036547944695e+07 2.048409367925581336e+07
9.643287194030070496e+10 3.007629661229104921e+07 2.580279963658709824e+07
1.010009836769212646e+11 3.760431294823403656e+07 3.248955037282397971e+07
1.057854909684846497e+11 4.701304265854145586e+07 4.089318162043624371e+07
1.107966446667433624e+11 5.877035655551245064e+07 5.145014834607507288e+07
1.160451812155009613e+11 7.345760517696361244e+07 6.470456382772146910e+07
