# T[K] Gamma_nTOp[1/tau_n] Gamma_pTOn[1/tau_n]
# fingerprint_hash: 2a3a1e36c38f1704
# fingerprint: {"QED_corrections":false,"T_end_MeV":0.001,"T_start_cosmo_MeV":40.0,"analytic_distortions":false,"delta_xi_nu":0.0,"finite_mass_corrections":true,"format_version":1,"incomplete_decoupling":false,"munuOverTnu":0.0,"nevo_file":null,"nevo_file_prefix":"NEVOPRIMAT","nevo_spectral_file":null,"radiative_corrections":true,"sampling_nTOp_per_decade":80,"spectral_distortions":false,"y_SZ":0.0}
1.160451812155007198e+07 9.999972335328572992e-01 0.000000000000000000e+00
1.194445382843508385e+07 9.999971873267733402e-01 0.000000000000000000e+00
1.229434740548801981e+07 9.999971396201399187e-01 0.000000000000000000e+00
1.265449055251050368e+07 9.999970903742905204e-01 0.000000000000000000e+00
1.302518351418111660e+07 9.999970395492621122e-01 0.000000000000000000e+00
1.340673533036361635e+07 9.999969871037570623e-01 0.000000000000000000e+00
1.379946409374797717e+07 9.999969329951069463e-01 0.000000000000000000e+00
1.420369721503815055e+07 9.999968771792340227e-01 0.000000000000000000e+00
1.461977169590851478e+07 9.999968196106118201e-01 0.000000000000000000e+00
1.504803440995584987e+07 9.999967602422267232e-01 0.000000000000000000e+00
1.548884239188134670e+07 9.999966990255364507e-01 0.000000000000000000e+00
1.594256313514404185e+07 9.999966359104294211e-01 0.000000000000000000e+00
1.640957489833307080e+07 9.999965708451814539e-01 0.000000000000000000e+00
1.689026702051510662e+07 9.999965037764133591e-01 0.000000000000000000e+00
1.738504024581887946e+07 9.999964346490450851e-01 0.000000000000000000e+00
1.789430705752837285e+07 9.999963634062503104e-01 0.000000000000000000e+00
1.841849202196240798e+07 9.999962899894091484e-01 0.000000000000000000e+00
1.895803214242760837e+07 9.999962143380592972e-01 0.000000000000000000e+00
1.951337722354025394e+07 9.999961363898463018e-01 0.000000000000000000e+00
2.008499024621973559e+07 9.999960560804710408e-01 0.000000000000000000e+00
2.067334775366751477e+07 9.999959733436373233e-01 0.000000000000000000e+00
2.127894024865204096e+07 9.999958881109954900e-01 0.000000000000000000e+00
2.190227260243212804e+07 9.999958003120867911e-01 0.000000000000000000e+00
2.254386447565865889e+07 9.999957098742815464e-01 0.000000000000000000e+00
2.320425075160592049e+07 9.999956167227190829e-01 0.000000000000000000e+00
2.388398198209420219e+07 9.999955207802404544e-01 0.000000000000000000e+00
2.458362484647430480e+07 9.999954219673207190e-01 0.000000000000000000e+00
2.530376262405800447e+07 9.999953202019931098e-01 0.000000000000000000e+00
2.604499568038682267e+07 9.999952153997703208e-01 0.000000000000000000e+00
2.680794196774604172e+07 9.999951074735564660e-01 0.000000000000000000e+00
2.759323754033992812e+07 9.999949963335508230e-01 0.000000000000000000e+00
2.840153708455819264e+07 9.999948818871390310e-01 0.000000000000000000e+00
2.923351446477630734e+07 9.999947640387732983e-01 0.000000000000000000e+00
3.008986328514331579e+07 9.999946426898316254e-01 0.000000000000000000e+00
3.097129746782724559e+07 9.999945177384619299e-01 0.000000000000000000e+00
3.187855184819832072e+07 9.999943890794010803e-01 0.000000000000000000e+00
3.281238278744807094e+07 9.999942566037693936e-01 0.000000000000000000e+00
3.377356880315344781e+07 9.999941201988383765e-01 0.000000000000000000e+00
3.476291121831235290e+07 9.999939797477701564e-01 0.000000000000000000e+00
3.578123482939223200e+07 9.999938351293280459e-01 0.000000000000000000e+00
3.682938859394711256e+07 9.999936862175644592e-01 0.000000000000000000e+00
3.790824633837836981e+07 9.999935328814850699e-01 0.000000000000000000e+00
3.901870748642701656e+07 9.999933749847058628e-01 0.000000000000000000e+00
4.016169780900728703e+07 9.999932123851064114e-01 0.000000000000000000e+00
4.133817019600404054e+07 9.999930449345040273e-01 0.000000000000000000e+00
4.254910545068005472e+07 9.999928724783654355e-01 0.000000000000000000e+00
4.379551310735325515e+07 9.999926948555813988e-01 0.000000000000000000e+00
4.507843227302657813e+07 9.999925118983370442e-01 0.000000000000000000e+00
4.639893249367284775e+07 9.999923234321130838e-01 0.000000000000000000e+00
4.775811464589476585e+07 9.999921292758504610e-01 0.000000000000000000e+00
4.915711185470598191e+07 9.999919292423258277e-01 0.000000000000000000e+00
5.059709043819620460e+07 9.999917231387752681e-01 0.000000000000000000e+00
5.207925087986870110e+07 9.999915107678057913e-01 0.000000000000000000e+00
5.360482882946188748e+07 9.999912919286388924e-01 0.000000000000000000e+00
5.517509613308683038e+07 9.999910664187146025e-01 0.000000000000000000e+00
5.679136189354267716e+07 9.999908340356894465e-01 0.000000000000000000e+00
5.845497356169053912e+07 9.999905945798509554e-01 0.000000000000000000e+00
6.016731805979927629e+07 9.999903478569580617e-01 0.000000000000000000e+00
6.192982293779598922e+07 9.999900936815178110e-01 0.000000000000000000e+00
6.374395756338880956e+07 9.999898318804900654e-01 0.000000000000000000e+00
6.561123434705124050e+07 9.999895622974088738e-01 0.000000000000000000e+00
6.753321000289034843e+07 9.999892847968991916e-01 0.000000000000000000e+00
6.951148684645150602e+07 9.999889992695620844e-01 0.000000000000000000e+00
7.154771413053803146e+07 9.999887056371964400e-01 0.000000000000000000e+00
7.364358942016379535e+07 9.999884038583305434e-01 0.000000000000000000e+00
7.580086000778134167e+07 9.999880939340286545e-01 0.000000000000000000e+00
7.802132436996677518e+07 9.999877759139553790e-01 0.000000000000000000e+00
8.030683366677752137e+07 9.999874499026810692e-01 0.000000000000000000e+00
8.265929328502891958e+07 9.999871160662319181e-01 0.000000000000000000e+00
8.508066442678131163e+07 9.999867746388970691e-01 0.000000000000000000e+00
8.757296574435649812e+07 9.999864259303320457e-01 0.000000000000000000e+00
9.013827502325230837e+07 9.999860703330119005e-01 0.000000000000000000e+00
9.277873091435243189e+07 9.999857083301165739e-01 0.000000000000000000e+00
9.549653471688136458e+07 9.999853405039508258e-01 0.000000000000000000e+00
9.829395221358637512e+07 9.999849675450317443e-01 0.000000000000000000e+00
1.011733155596781969e+08 9.999845902619970417e-01 0.000000000000000000e+00
1.041370252271060497e+08 9.999842095925207675e-01 0.000000000000000000e+00
1.071875520057871491e+08 9.999838266154478239e-01 0.000000000000000000e+00
1.103274390634579509e+08 9.999834425643872038e-01 0.000000000000000000e+00
1.135593040658666492e+08 9.999830588430361766e-01 0.000000000000000000e+00
1.168858413590708673e+08 9.999826770425370714e-01 0.000000000000000000e+00
1.203098242156668752e+08 9.999822989612058288e-01 0.000000000000000000e+00
1.238341071468138248e+08 9.999819266270051354e-01 0.000000000000000000e+00
1.274616282819872946e+08 9.999815623231786965e-01 0.000000000000000000e+00
1.311954118184435666e+08 9.999812086175039472e-01 0.000000000000000000e+00
1.350385705424373746e+08 9.999808683956735722e-01 0.000000000000000000e+00
1.389943084242920876e+08 9.999805448993636103e-01 0.000000000000000000e+00
1.430659232894937396e+08 9.999802417696131984e-01 0.000000000000000000e+00
1.472568095680249631e+08 9.999799630961950792e-01 0.000000000000000000e+00
1.515704611242395937e+08 9.999797134737374860e-01 0.000000000000000000e+00
1.560104741696303487e+08 9.999794980654310717e-01 0.000000000000000000e+00
1.605805502609273791e+08 9.999793226752414776e-01 0.000000000000000000e+00
1.652844993860153258e+08 9.999791938296506144e-01 0.000000000000000000e+00
1.701262431402502060e+08 9.999791188700518640e-01 0.000000000000000000e+00
1.751098179958217144e+08 9.999791060570548673e-01 0.000000000000000000e+00
1.802393786668825150e+08 9.999791646880851204e-01 0.000000000000000000e+00
1.855192015732608140e+08 9.999793052298322493e-01 0.000000000000000000e+00
1.909536884056296647e+08 9.999795394672724713e-01 0.000000000000000000e+00
1.965473697951165140e+08 9.999798806711961419e-01 0.000000000000000000e+00
2.023049090904033780e+08 9.999803437864175359e-01 0.000000000000000000e+00
2.082311062454790771e+08 9.999809456430741594e-01 0.000000000000000000e+00
2.143309018212690055e+08 9.999817051938010293e-01 0.000000000000000000e+00
2.206093811044900417e+08 9.999826437798107204e-01 0.000000000000000000e+00
2.270717783471610248e+08 9.999837854293899264e-01 0.000000000000000000e+00
2.337234811302981079e+08 9.999851571927185212e-01 0.000000000000000000e+00
2.405700348554467559e+08 9.999867895174401333e-01 0.000000000000000000e+00
2.476171473677769899e+08 9.999887166699803487e-01 0.000000000000000000e+00
2.548706937146100700e+08 9.999909772082639092e-01 1.876448276691839637e-28
2.623367210433326662e+08 9.999936145122152453e-01 1.084685340367302503e-27
2.700214536427979469e+08 9.999966773793024233e-01 5.976464929040862332e-27
2.779312981323959827e+08 1.000000220693377351e+00 3.142999092620893141e-26
2.860728488031346798e+08 1.000004306176223823e+00 1.579691665903495514e-25
2.944528931151782870e+08 1.000009003232644078e+00 7.597681200873323095e-25
3.030784173564286828e+08 1.000014389901602518e+00 3.501119993408598884e-24
3.119566124668592215e+08 1.000020553928256950e+00 1.547644310569927466e-23
3.210948800334758162e+08 1.000027593973385365e+00 6.570214888423184397e-23
3.305008384608782530e+08 1.000035620981311713e+00 2.681783605864944546e-22
3.401823293225855827e+08 1.000044759730895683e+00 1.053612781298394452e-21
3.501474238984055519e+08 1.000055150598947673e+00 3.988552039889838608e-21
3.604044299033194184e+08 1.000066951572942786e+00 1.456387977404124986e-20
3.709618984134646654e+08 1.000080340558080483e+00 5.134574963799027879e-20
3.818286309950104952e+08 1.000095518040442943e+00 1.749537968228397325e-19
3.930136870418622494e+08 1.000112710160331320e+00 5.766972716402180844e-19
4.045263913283039927e+08 1.000132172294999178e+00 1.840691836697238999e-18
4.163763417829000354e+08 1.000154193271116432e+00 5.693972100928540246e-18
4.285734174901039600e+08 1.000179100322000414e+00 1.708570584360950120e-17
4.411277869262718558e+08 1.000207264973696386e+00 4.977445949797273241e-17
4.540499164369260669e+08 1.000239110069040205e+00 1.408963840043229549e-16
4.673505789623640776e+08 1.000275118224809301e+00 3.878537157008778216e-16
4.810408630188527703e+08 1.000315842041132885e+00 1.039101838100665049e-15
4.951321819429209232e+08 1.000361916118403860e+00 2.711499583154432754e-15
5.096362834064487815e+08 1.000414072150262124e+00 6.896908151031029986e-15
5.245652592104764581e+08 1.000473156883592729e+00 1.711268500596166021e-14
5.399315553659272194e+08 1.000540154010217231e+00 4.144951527273645430e-14
5.557479824696080685e+08 1.000616210737650169e+00 9.807780700749684874e-14
5.720277263841720819e+08 1.000702670011627271e+00 2.268705788281881644e-13
5.887843592309185266e+08 1.000801109529121602e+00 5.133832153533100620e-13
6.060318507046331167e+08 1.000913388870816156e+00 1.137246969011720363e-12
6.237845797198551893e+08 1.001041706295859868e+00 2.467769540830327930e-12
6.420573463983147144e+08 1.001188666975221464e+00 5.248936517021677860e-12
6.608653844075227976e+08 1.001357364705927511e+00 1.095034831444698154e-11
6.802243736607878208e+08 1.001551479433193670e+00 2.242021097698765847e-11
7.001504533892848492e+08 1.001775393231646438e+00 4.507788912976371032e-11
7.206602355970234871e+08 1.002034327746972764e+00 8.905281115985450752e-11
7.417708189099742174e+08 1.002334506493036237e+00 1.729539308868918486e-10
7.634998028308640718e+08 1.002683345832811712e+00 3.304002859706949438e-10
7.858653024115747213e+08 1.003089678957660436e+00 6.211483377378447815e-10
8.088859633553140163e+08 1.003564017713934886e+00 1.149745736573358540e-09
8.325809775611968040e+08 1.004118874716322996e+00 2.096320293373676295e-09
8.569700991241761446e+08 1.004769092121870599e+00 3.766572825823139652e-09
8.820736608036700487e+08 1.005532244871296887e+00 6.671718984005062321e-09
9.079125909745934010e+08 1.006429184361705920e+00 1.165456642007241592e-08
9.345084310749771595e+08 1.007484493107316359e+00 2.008487855144081398e-08
9.618833535646533966e+08 1.008727181289109209e+00 3.415833918095966828e-08
9.900601804100320339e+08 1.010191377415669667e+00 5.734663136398775456e-08
1.019062402110335708e+09 1.011917181472699934e+00 9.506578620752533889e-08
1.048914197281219006e+09 1.013951528924445844e+00 1.556526647988690885e-07
1.079640452812016487e+09 1.016349404312508975e+00 2.517756358832322140e-07
1.111266784613485813e+09 1.019174902802639116e+00 4.024353711910014687e-07
1.143819558973324299e+09 1.022502686235681857e+00 6.357724194353373692e-07
1.177325914537234783e+09 1.026419558296391754e+00 9.929490026504723215e-07
1.211813784933942080e+09 1.031026210354903716e+00 1.533444711769846105e-06
1.247311922062922478e+09 1.036439219620689078e+00 2.342192851224849346e-06
1.283849920064341068e+09 1.042793278018111280e+00 3.539080277658645676e-06
1.321458239991118431e+09 1.050243750296621315e+00 5.291461595103862113e-06
1.360168235203776360e+09 1.058969523147942127e+00 7.830475155236284510e-06
1.400012177509135485e+09 1.069176930540944426e+00 1.147215312740884750e-05
1.441023284064728022e+09 1.081100492585933770e+00 1.664443425422852546e-05
1.483235745071326971e+09 1.095011217285120964e+00 2.392177145272842337e-05
1.526684752276691675e+09 1.111218341141966715e+00 3.406900515304852207e-05
1.571406528314249754e+09 1.130075128857991773e+00 4.809706332171275205e-05
1.617438356901275635e+09 1.151984607685214046e+00 6.733356174473876556e-05
1.664818613921616554e+09 1.177406004841279108e+00 9.351238246791289930e-05
1.713586799418937206e+09 1.206861958777472932e+00 1.288875578909430249e-04
1.763783570527214289e+09 1.240946170352886790e+00 1.763783566046026562e-04
1.815450775365811586e+09 1.280335984271812055e+00 2.397556572972002269e-04
1.868631487927488089e+09 1.325795354173319840e+00 3.238785003978094431e-04
1.923370043988390207e+09 1.378193652215019327e+00 4.350013650032505158e-04
1.979712078069975138e+09 1.438515729220667838e+00 5.811671751339789888e-04
2.037704561483635664e+09 1.507876952661713288e+00 7.727138425025694042e-04
2.097395841489860296e+09 1.587539530447778402e+00 1.022925332740391496e-03
2.158835681604428291e+09 1.678935034024124473e+00 1.348871025464737708e-03
2.222075303085304260e+09 1.783675249449793832e+00 1.772465831831736933e-03
2.287167427634904385e+09 1.903590518036810009e+00 2.321853007997723602e-03
2.354166321353172302e+09 2.040747446605236881e+00 3.033130731749487594e-03
2.423127839978229046e+09 2.197488669760925717e+00 3.952566762214818410e-03
2.494109475452268600e+09 2.376447315951859096e+00 5.139328178113700303e-03
2.567170403851538181e+09 2.580614443422745374e+00 6.669020434839732260e-03
2.642371534720295429e+09 2.813371877429636569e+00 8.638014870525272809e-03
2.719775561850031853e+09 3.078528254413793519e+00 1.116877976896974052e-02
2.799447015546083927e+09 3.380408453643060529e+00 1.441670130314147771e-02
2.881452316425378323e+09 3.723895154885380254e+00 1.857822398439257922e-02
2.965859830790022850e+09 4.114505829732802766e+00 2.390096204883506228e-02
3.052739927623100281e+09 4.558497019913580139e+00 3.069623083832017860e-02
3.142165037253938198e+09 5.062932102847238269e+00 3.935389510983962336e-02
3.234209711741948128e+09 5.635821656313939165e+00 5.036102125157369824e-02
3.328950687029297352e+09 6.286221304334016047e+00 6.432378455740547785e-02
3.426466946914258480e+09 7.024390692472353592e+00 8.199449088507353156e-02
3.526839788898484230e+09 7.861967543827254268e+00 1.043042134757384692e-01
3.630152891963314533e+09 8.812092554160185998e+00 1.324004670254486926e-01
3.736492386331355095e+09 9.889716782826274866e+00 1.676958543724506867e-01
3.845946925271603107e+09 1.111176894638692048e+01 2.119224467538763645e-01
3.958607759008128166e+09 1.249739605177398971e+01 2.671973034501753386e-01
4.074568810793635368e+09 1.406840219663017244e+01 3.361055993178379553e-01
4.193926755211558819e+09 1.584949029864792536e+01 4.217923374418159899e-01
4.316781098771873474e+09 1.786869242637466471e+01 5.280754414447643708e-01
4.443234262867848396e+09 2.015779875954802236e+01 6.595777235087419976e-01
4.573391669162797928e+09 2.275299913311921784e+01 8.218906859836699885e-01
4.707361827478274345e+09 2.569536123461830357e+01 1.021756980129371106e+00
4.845256426256653786e+09 2.903155305405882913e+01 1.267293883118703279e+00
4.987190425673658371e+09 3.281462124030969107e+01 1.568255431269194533e+00
5.133282153478646278e+09 3.710486302242233592e+01 1.936340496649846088e+00
5.283653403642189980e+09 4.197086838824967714e+01 2.385559452066500441e+00
5.438429537893475533e+09 4.749071170297249722e+01 2.932667141598560789e+00
5.597739590232056618e+09 5.375320551509258848e+01 3.597663847267584813e+00
5.761716374501134872e+09 6.085946019268011753e+01 4.404393993745023828e+00
5.930496595111913681e+09 6.892458642446534611e+01 5.381244389851171483e+00
6.104220961011671066e+09 7.807970759098517988e+01 6.561969084828313648e+00
6.283034302990117073e+09 8.847419460840747263e+01 7.986652801296068027e+00
6.467085694422193527e+09 1.002782728320529770e+02 9.702845085227339794e+00
6.656528575547679901e+09 1.136859787031843609e+02 1.176688808686355792e+01
6.851520881391641617e+09 1.289185370018865342e+02 1.424547155727947434e+01
7.052225173431834221e+09 1.462282753700893068e+02 1.721745934797562327e+01
7.258808775123225212e+09 1.659029998057430930e+02 2.077601562727757667e+01
7.471443911392463684e+09 1.882711347745730848e+02 2.503110699453121413e+01
7.690307852218645096e+09 2.137075188204224503e+02 3.011241825379355319e+01
7.915583060419889450e+09 2.426400607139522663e+02 3.617276196369905961e+01
8.147457343769403458e+09 2.755573909446555945e+02 4.339206557603244363e+01
8.386124011567255020e+09 3.130175906864818671e+02 5.198202219392209145e+01
8.631782035798656464e+09 3.556582170240541814e+02 6.219152244802652518e+01
8.884636217013431549e+09 4.042078104433789463e+02 7.431299605151131971e+01
9.144897355064310074e+09 4.594990104883360118e+02 8.868979516078844938e+01
9.412782424846891403e+09 5.224836836235807596e+02 1.057248188328355241e+02
9.688514757187610626e+09 5.942502553698222982e+02 1.258905643197534232e+02
9.972324225030553818e+09 6.760434611347889131e+02 1.497408119164444429e+02
1.026444743507811546e+10 7.692871934084968188e+02 1.779242743773866948e+02
1.056512792504586601e+10 8.756105981228313340e+02 2.112004683393713265e+02
1.087461636669533730e+10 9.968779695504520078e+02 2.504581770821826865e+02
1.119317077481427765e+10 1.135223178258827147e+03 2.967369646777518710e+02
1.152105672231908607e+10 1.293089041759963720e+03 3.512521681484700480e+02
1.185854756165785217e+10 1.473272436518568611e+03 4.154239351443983423e+02
1.220592465269928932e+10 1.678976910450142896e+03 4.909112614413466531e+02
1.256347759729724312e+10 1.913871638898668152e+03 5.796510866766687968e+02
1.293150448072645378e+10 2.182160147323416822e+03 6.839040602843087981e+02
1.331031212019052696e+10 2.488658900272476330e+03 8.063076125939395524e+02
1.370021632061007500e+10 2.838887631303839044e+03 9.499376243593280833e+02
1.410154213790321732e+10 3.239173051547939849e+03 1.118380033626865270e+03
1.451462414997881317e+10 3.696767921750791629e+03 1.315813957010256672e+03
1.493980673566762352e+10 4.219987912661174050e+03 1.547108202045587177e+03
1.537744436182493210e+10 4.818368744462841278e+03 1.817933242244905841e+03
1.582790187884276772e+10 5.502846139661532106e+03 2.134890880890137851e+03
1.629155482481897926e+10 6.285965112635691185e+03 2.505665750789750291e+03
1.676878973863648033e+10 7.182117041734373743e+03 2.939199579759991138e+03
1.726000448221327972e+10 8.207813746771975275e+03 3.445893954838908485e+03
1.776560857219301224e+10 9.382002758421846011e+03 4.037845523384412445e+03
1.828602352135112762e+10 1.072642892724647209e+04 4.729118321558978096e+03
1.882168319000241089e+10 1.226605083187326454e+04 5.536059716845764342e+03
1.937303414770203400e+10 1.402951885136145938e+04 6.477666264171989496e+03
1.994053604554274368e+10 1.604972468517903690e+04 7.576007530694193520e+03
2.052466199935720444e+10 1.836443261614367657e+04 8.856716798790757821e+03
2.112589898414597702e+10 2.101701033102919246e+04 1.034956190012984553e+04
2.174474824005956650e+10 2.405725999442320972e+04 1.208910173069630400e+04
2.238172569027315521e+10 2.754238048046761469e+04 1.411544961902631985e+04
2.303736237110184479e+10 3.153807215801259008e+04 1.647515623678164047e+04
2.371220487471634674e+10 3.611980709150283656e+04 1.922223143218960831e+04
2.440681580482650757e+10 4.137428999519231729e+04 2.241932693263637702e+04
2.512177424571330261e+10 4.740113729469829559e+04 2.613910432444680555e+04
2.585767624500127792e+10 5.431480793729158177e+04 3.046581762341783542e+04
2.661513531057204056e+10 6.224683311546147161e+04 3.549714898255933804e+04
2.739478292203451920e+10 7.134836277641945344e+04 4.134632221388763719e+04
2.819726905717783356e+10 8.179310767352175026e+04 4.814455414020641911e+04
2.902326273384587479e+10 9.378071944711777905e+04 5.604388709964540612e+04
2.987345256768461609e+10 1.075406782431482861e+05 6.522046370290499908e+04
3.074854734622896576e+10 1.233367641211971641e+05 7.587831237291131401e+04
3.164927661980533600e+10 1.414721948899383424e+05 8.825371980548869760e+04
3.257639130974450684e+10 1.622955504710056121e+05 1.026202926166679099e+05
3.353066433441031647e+10 1.862075740978629037e+05 1.192947987528056256e+05
3.451289125356819153e+10 2.136689902997864701e+05 1.386439135825098201e+05
3.552389093162808228e+10 2.452095070875707315e+05 1.610920187878310971e+05
3.656450622031669617e+10 2.814381654885747703e+05 1.871302077793982753e+05
3.763560466134754944e+10 3.230552426002441207e+05 2.173266856001633569e+05
3.873807920967382812e+10 3.708659386581731378e+05 2.523387761568800197e+05
3.987284897792932892e+10 4.257961116729945643e+05 2.929267811920568929e+05
4.104086000267502594e+10 4.889104156968956231e+05 3.399700044102303800e+05
4.224308603309262085e+10 5.614330840634711785e+05 3.944852016126481467e+05
4.348052934278048706e+10 6.447718808110228274e+05 4.576479039006194216e+05
4.475422156533167267e+10 7.405456279047621647e+05 5.308170135082366178e+05
4.606522455438705444e+10 8.506158561128255678e+05 6.155631797126379097e+05
4.741463126888324738e+10 9.771231951937336707e+05 7.137015307888967218e+05
4.880356668423223877e+10 1.122529185838916339e+06 8.273294101796364412e+05
5.023318873019279480e+10 1.289664439601325663e+06 9.588699485217843903e+05
5.170468925621424103e+10 1.481783875914680073e+06 1.111122226977997692e+06
5.321929502506053925e+10 1.702630276800640626e+06 1.287319143893674482e+06
5.477826873553909302e+10 1.956507332220954355e+06 1.491194112584483577e+06
5.638291007518873596e+10 2.248363582555462141e+06 1.727057923093168763e+06
5.803455680380647278e+10 2.583888881062897854e+06 1.999887305642150342e+06
5.973458586871220398e+10 2.969625201921571977e+06 2.315426941508377902e+06
6.148441455268445587e+10 3.413094056590728927e+06 2.680307027417861391e+06
6.328550165552282715e+10 3.922942773878579959e+06 3.102178610408441629e+06
6.513934871022261047e+10 4.509112514499305747e+06 3.589869409952905960e+06
6.704750123477406311e+10 5.183031306863289326e+06 4.153563242576840334e+06
6.901155002063371277e+10 5.957835706576523371e+06 4.805006528177706525e+06
7.103313245893699646e+10 6.848625318060564809e+06 5.557745935497491620e+06
7.311393390556010437e+10 7.872754965474586003e+06 6.427401782701448537e+06
7.525568908617167664e+10 9.050170188762409613e+06 7.431982597568876110e+06
7.746018354244035339e+10 1.040379230848191120e+07 8.592246885349286720e+06
7.972925512060813904e+10 1.195996010240154527e+07 9.932118982094425708e+06
8.206479550366879272e+10 1.374893677462408878e+07 1.147916722524902225e+07
8.446875178842932129e+10 1.580549146791554242e+07 1.326515348159657046e+07
8.694312810876712036e+10 1.816956622214148566e+07 1.532666457068362832e+07
8.948998730644142151e+10 2.088704073266787082e+07 1.770583758138956502e+07
9.211145265084492493e+10 2.401060917616595328e+07 2.045119289086744934e+07
9.480970960913493347e+10 2.760078552877789363e+07 2.361859073755380511e+07
9.758700766821530151e+10 3.172705493957071751e+07 2.727232884445849434e+07
1.004456622100944519e+11 3.646919335949265957e+07 3.148640222455864772e+07
1.033880564421748657e+11 4.191877886879938096e+07 3.634594829576861113e+07
1.064166433840895081e+11 4.818092226505857706e+07 4.194890414839033782e+07
1.095339479127387848e+11 5.537624808684442192e+07 4.840790646367255598e+07
1.127425688672342987e+11 6.364316161955045909e+07 5.585246887723223120e+07
1.160451812155009613e+11 7.314044339643667638e+07 6.443147691906034946e+07
