# T[K] Gamma_nTOp[1/tau_n] Gamma_pTOn[1/tau_n]
# fingerprint_hash: d8f17ae77b80ef36
# fingerprint: {"QED_corrections":true,"T_end_MeV":0.001,"T_start_cosmo_MeV":40.0,"analytic_distortions":false,"delta_xi_nu":0.0,"finite_mass_corrections":true,"format_version":1,"incomplete_decoupling":true,"munuOverTnu":-0.009999999999999995,"nevo_file":null,"nevo_file_prefix":"NEVOPRIMAT","nevo_spectral_file":null,"radiative_corrections":true,"sampling_nTOp_per_decade":80,"spectral_distortions":true,"y_SZ":0.0}
1.160451812155007198e+07 9.999972322784026479e-01 0.000000000000000000e+00
1.194445382843508385e+07 9.999971860569237814e-01 0.000000000000000000e+00
1.229434740548801981e+07 9.999971383355129584e-01 0.000000000000000000e+00
1.265449055251050368e+07 9.999970890754825703e-01 0.000000000000000000e+00
1.302518351418111660e+07 9.999970382368482680e-01 0.000000000000000000e+00
1.340673533036361635e+07 9.999969857782921023e-01 0.000000000000000000e+00
1.379946409374797717e+07 9.999969316571248878e-01 0.000000000000000000e+00
1.420369721503815055e+07 9.999968758292490101e-01 0.000000000000000000e+00
1.461977169590851478e+07 9.999968182491185686e-01 0.000000000000000000e+00
1.504803440995584987e+07 9.999967588697004084e-01 0.000000000000000000e+00
1.548884239188134670e+07 9.999966976424338183e-01 0.000000000000000000e+00
1.594256313514404185e+07 9.999966345171892312e-01 0.000000000000000000e+00
1.640957489833307080e+07 9.999965694422248141e-01 0.000000000000000000e+00
1.689026702051510662e+07 9.999965023641442796e-01 0.000000000000000000e+00
1.738504024581887946e+07 9.999964332278512558e-01 0.000000000000000000e+00
1.789430705752837285e+07 9.999963619765031009e-01 0.000000000000000000e+00
1.841849202196240798e+07 9.999962885514647182e-01 0.000000000000000000e+00
1.895803214242760837e+07 9.999962128922592619e-01 0.000000000000000000e+00
1.951337722354025394e+07 9.999961349365170671e-01 0.000000000000000000e+00
2.008499024621973559e+07 9.999960546199258005e-01 0.000000000000000000e+00
2.067334775366751477e+07 9.999959718761752825e-01 0.000000000000000000e+00
2.127894024865204096e+07 9.999958866369029753e-01 0.000000000000000000e+00
2.190227260243212804e+07 9.999957988316366952e-01 0.000000000000000000e+00
2.254386447565865889e+07 9.999957083877343278e-01 0.000000000000000000e+00
2.320425075160592049e+07 9.999956152303212109e-01 0.000000000000000000e+00
2.388398198209420219e+07 9.999955192822248540e-01 0.000000000000000000e+00
2.458362484647430480e+07 9.999954204639036615e-01 0.000000000000000000e+00
2.530376262405800447e+07 9.999953186933727700e-01 0.000000000000000000e+00
2.604499568038682267e+07 9.999952138861220030e-01 0.000000000000000000e+00
2.680794196774604172e+07 9.999951059550257204e-01 0.000000000000000000e+00
2.759323754033992812e+07 9.999949948102438979e-01 0.000000000000000000e+00
2.840153708455819264e+07 9.999948803591082180e-01 0.000000000000000000e+00
2.923351446477630734e+07 9.999947625059959488e-01 0.000000000000000000e+00
3.008986328514331579e+07 9.999946411521811740e-01 0.000000000000000000e+00
3.097129746782724559e+07 9.999945161956673712e-01 0.000000000000000000e+00
3.187855184819832072e+07 9.999943875309910135e-01 0.000000000000000000e+00
3.281238278744807094e+07 9.999942550489978599e-01 0.000000000000000000e+00
3.377356880315344781e+07 9.999941186365851609e-01 0.000000000000000000e+00
3.476291121831235290e+07 9.999939781764091151e-01 0.000000000000000000e+00
3.578123482939223200e+07 9.999938335465585748e-01 0.000000000000000000e+00
3.682938859394711256e+07 9.999936846201911145e-01 0.000000000000000000e+00
3.790824633837836981e+07 9.999935312651417885e-01 0.000000000000000000e+00
3.901870748642701656e+07 9.999933733435052430e-01 0.000000000000000000e+00
4.016169780900728703e+07 9.999932107112061708e-01 0.000000000000000000e+00
4.133817019600404054e+07 9.999930432175725414e-01 0.000000000000000000e+00
4.254910545068005472e+07 9.999928707049272614e-01 0.000000000000000000e+00
4.379551310735325515e+07 9.999926930082301268e-01 0.000000000000000000e+00
4.507843227302657813e+07 9.999925099547899432e-01 0.000000000000000000e+00
4.639893249367284775e+07 9.999923213640906638e-01 0.000000000000000000e+00
4.775811464589476585e+07 9.999921270477583057e-01 0.000000000000000000e+00
4.915711185470598191e+07 9.999919268097170466e-01 0.000000000000000000e+00
5.059709043819620460e+07 9.999917204465725851e-01 0.000000000000000000e+00
5.207925087986870110e+07 9.999915077482629533e-01 0.000000000000000000e+00
5.360482882946188748e+07 9.999912884990203032e-01 0.000000000000000000e+00
5.517509613308683038e+07 9.999910624786776392e-01 0.000000000000000000e+00
5.679136189354267716e+07 9.999908294643521378e-01 0.000000000000000000e+00
5.845497356169053912e+07 9.999905892325336998e-01 0.000000000000000000e+00
6.016731805979927629e+07 9.999903415615909452e-01 0.000000000000000000e+00
6.192982293779598922e+07 9.999900862347070873e-01 0.000000000000000000e+00
6.374395756338880956e+07 9.999898230432456847e-01 0.000000000000000000e+00
6.561123434705124050e+07 9.999895517905369458e-01 0.000000000000000000e+00
6.753321000289034843e+07 9.999892722960670444e-01 0.000000000000000000e+00
6.951148684645150602e+07 9.999889844000536820e-01 0.000000000000000000e+00
7.154771413053803146e+07 9.999886879683769214e-01 0.000000000000000000e+00
7.364358942016379535e+07 9.999883828978415323e-01 0.000000000000000000e+00
7.580086000778134167e+07 9.999880691217447604e-01 0.000000000000000000e+00
7.802132436996677518e+07 9.999877466157328643e-01 0.000000000000000000e+00
8.030683366677752137e+07 9.999874154039292140e-01 0.000000000000000000e+00
8.265929328502891958e+07 9.999870755653431642e-01 0.000000000000000000e+00
8.508066442678131163e+07 9.999867272405658092e-01 0.000000000000000000e+00
8.757296574435649812e+07 9.999863706387925877e-01 0.000000000000000000e+00
9.013827502325230837e+07 9.999860060452183674e-01 0.000000000000000000e+00
9.277873091435243189e+07 9.999856338288837243e-01 0.000000000000000000e+00
9.549653471688136458e+07 9.999852544510597907e-01 0.000000000000000000e+00
9.829395221358637512e+07 9.999848684742999039e-01 0.000000000000000000e+00
1.011733155596781969e+08 9.999844765722876172e-01 0.000000000000000000e+00
1.041370252271060497e+08 9.999840795406624849e-01 0.000000000000000000e+00
1.071875520057871491e+08 9.999836783090066961e-01 0.000000000000000000e+00
1.103274390634579509e+08 9.999832739542156013e-01 0.000000000000000000e+00
1.135593040658666492e+08 9.999828677155045975e-01 0.000000000000000000e+00
1.168858413590708673e+08 9.999824610113280388e-01 0.000000000000000000e+00
1.203098242156668752e+08 9.999820554585283627e-01 0.000000000000000000e+00
1.238341071468138248e+08 9.999816528940634885e-01 0.000000000000000000e+00
1.274616282819872946e+08 9.999812553997071696e-01 0.000000000000000000e+00
1.311954118184435666e+08 9.999808653301605066e-01 0.000000000000000000e+00
1.350385705424373746e+08 9.999804853450623421e-01 0.000000000000000000e+00
1.389943084242920876e+08 9.999801184454468750e-01 0.000000000000000000e+00
1.430659232894937396e+08 9.999797680152526791e-01 0.000000000000000000e+00
1.472568095680249631e+08 9.999794378685618046e-01 0.000000000000000000e+00
1.515704611242395937e+08 9.999791323033204726e-01 0.000000000000000000e+00
1.560104741696303487e+08 9.999788561623754735e-01 0.000000000000000000e+00
1.605805502609273791e+08 9.999786149027547477e-01 0.000000000000000000e+00
1.652844993860153258e+08 9.999784118368578723e-01 0.000000000000000000e+00
1.701262431402502060e+08 9.999782596247164257e-01 0.000000000000000000e+00
1.751098179958217144e+08 9.999781629539683525e-01 0.000000000000000000e+00
1.802393786668825150e+08 9.999781310342397145e-01 0.000000000000000000e+00
1.855192015732608140e+08 9.999781736118646958e-01 0.000000000000000000e+00
1.909536884056296647e+08 9.999783020395585087e-01 0.000000000000000000e+00
1.965473697951165140e+08 9.999785286847993060e-01 0.000000000000000000e+00
2.023049090904033780e+08 9.999788679462261465e-01 0.000000000000000000e+00
2.082311062454790771e+08 9.999793361883093645e-01 0.000000000000000000e+00
2.143309018212690055e+08 9.999799509541847931e-01 0.000000000000000000e+00
2.206093811044900417e+08 9.999807330799881377e-01 0.000000000000000000e+00
2.270717783471610248e+08 9.999817058366274880e-01 0.000000000000000000e+00
2.337234811302981079e+08 9.999828944390526386e-01 0.000000000000000000e+00
2.405700348554467559e+08 9.999843292145468299e-01 0.000000000000000000e+00
2.476171473677769899e+08 9.999860416549951614e-01 0.000000000000000000e+00
2.548706937146100700e+08 9.999880713959137246e-01 2.008623584056148716e-28
2.623367210433326662e+08 9.999904579442956409e-01 1.160461618692549675e-27
2.700214536427979469e+08 9.999932497625072525e-01 6.390132455594743119e-27
2.779312981323959827e+08 9.999964999772658070e-01 3.358359351992297778e-26
2.860728488031346798e+08 1.000000268294471972e+00 1.687281479256527512e-25
2.944528931151782870e+08 1.000004622274714539e+00 8.108936307404680593e-25
3.030784173564286828e+08 1.000009638009273560e+00 3.734463462700934396e-24
3.119566124668592215e+08 1.000015400502109797e+00 1.649397065971233433e-23
3.210948800334758162e+08 1.000022006851093659e+00 6.996968002598085376e-23
3.305008384608782530e+08 1.000029565334088710e+00 2.853874658812017596e-22
3.401823293225855827e+08 1.000038196885832953e+00 1.120326398437410301e-21
3.501474238984055519e+08 1.000048040010460548e+00 4.237404771966575783e-21
3.604044299033194184e+08 1.000059251329347365e+00 1.545788712800560827e-20
3.709618984134646654e+08 1.000071999768122666e+00 5.444598571099617684e-20
3.818286309950104952e+08 1.000086489228764419e+00 1.853446336359255683e-19
3.930136870418622494e+08 1.000102938337953828e+00 6.103817405405976657e-19
4.045263913283039927e+08 1.000121597428110798e+00 1.946411328554476776e-18
4.163763417829000354e+08 1.000142754889997043e+00 6.015501345011658361e-18
4.285734174901039600e+08 1.000166729118832976e+00 1.803405809429343523e-17
4.411277869262718558e+08 1.000193890389415641e+00 5.248949385055221904e-17
4.540499164369260669e+08 1.000224654342673825e+00 1.484475234348119352e-16
4.673505789623640776e+08 1.000259496876204413e+00 4.082700581881303346e-16
4.810408630188527703e+08 1.000298970417324185e+00 1.092809870966741472e-15
4.951321819429209232e+08 1.000343695357367002e+00 2.849062704111421652e-15
5.096362834064487815e+08 1.000394400666841044e+00 7.240233168122165459e-15
5.245652592104764581e+08 1.000451929178007182e+00 1.794836302579779306e-14
5.399315553659272194e+08 1.000517252625671372e+00 4.343447090276433640e-14
5.557479824696080685e+08 1.000591513669061738e+00 1.026820593227531869e-13
5.720277263841720819e+08 1.000676040010996193e+00 2.373066742469065023e-13
5.887843592309185266e+08 1.000772410287818381e+00 5.365161946983978566e-13
6.060318507046331167e+08 1.000882465759604489e+00 1.187422147089529908e-12
6.237845797198551893e+08 1.001008386009420992e+00 2.574327557770916152e-12
6.420573463983147144e+08 1.001152786491752433e+00 5.470643651292488174e-12
6.608653844075227976e+08 1.001318744749698952e+00 1.140276777086164591e-11
6.802243736607878208e+08 1.001509913507779403e+00 2.332601955845086462e-11
7.001504533892848492e+08 1.001730684869089227e+00 4.685782607997412766e-11
7.206602355970234871e+08 1.001986238479376734e+00 9.248786931193702059e-11
7.417708189099742174e+08 1.002282782285227158e+00 1.794666000899890082e-10
7.634998028308640718e+08 1.002627730686582730e+00 3.425402378290360191e-10
7.858653024115747213e+08 1.003029962095625782e+00 6.434265211689924527e-10
8.088859633553140163e+08 1.003499896618170961e+00 1.189968044962077754e-09
8.325809775611968040e+08 1.004050024658256879e+00 2.167791806119978658e-09
8.569700991241761446e+08 1.004695187339091911e+00 3.891643437679875878e-09
8.820736608036700487e+08 1.005453085665644952e+00 6.887559798261590280e-09
9.079125909745934010e+08 1.006344349303836427e+00 1.202148803117505486e-08
9.345084310749771595e+08 1.007393639482223824e+00 2.069966667202655629e-08
9.618833535646533966e+08 1.008630125136084077e+00 3.517521037646288988e-08
9.900601804100320339e+08 1.010087678905318365e+00 5.900466186604466041e-08
1.019062402110335708e+09 1.011806632575455778e+00 9.773407124338374682e-08
1.048914197281219006e+09 1.013833896166660420e+00 1.598911319158903575e-07
1.079640452812016487e+09 1.016224379402526967e+00 2.584199193784875449e-07
1.111266784613485813e+09 1.019042491558295627e+00 4.127221589469381529e-07
1.143819558973324299e+09 1.022362740274647352e+00 6.514976241192956844e-07
1.177325914537234783e+09 1.026272190578949584e+00 1.016697063241667796e-06
1.211813784933942080e+09 1.030871649961882186e+00 1.568875156930000044e-06
1.247311922062922478e+09 1.036277818990541943e+00 2.394421495861814989e-06
1.283849920064341068e+09 1.042625643087154774e+00 3.615190936939098516e-06
1.321458239991118431e+09 1.050070738119982527e+00 5.401102484976997403e-06
1.360168235203776360e+09 1.058792349806538358e+00 7.986682993885631124e-06
1.400012177509135485e+09 1.068997349029997990e+00 1.169237340163932652e-05
1.441023284064728022e+09 1.080919971374355582e+00 1.695154926109094265e-05
1.483235745071326971e+09 1.094833438292792893e+00 2.434622474019209723e-05
1.526684752276691675e+09 1.111044724078978030e+00 3.464947075082598166e-05
1.571406528314249754e+09 1.129910851362710078e+00 4.888466004028966454e-05
1.617438356901275635e+09 1.151833805379894216e+00 6.839328260073128927e-05
1.664818613921616554e+09 1.177273851441296371e+00 9.492781595690812698e-05
1.713586799418937206e+09 1.206756860694637057e+00 1.307674207271206264e-04
1.763783570527214289e+09 1.240872463782242363e+00 1.788586137194471165e-04
1.815450775365811586e+09 1.280308168292221938e+00 2.430186736342039566e-04
1.868631487927488089e+09 1.325817047957994932e+00 3.281501508947793993e-04
1.923370043988390207e+09 1.378283113353980793e+00 4.405886920165927420e-04
1.979712078069975138e+09 1.438682340363111711e+00 5.884603656766005048e-04
2.037704561483635664e+09 1.508140299322449529e+00 7.822389789733462774e-04
2.097395841489860296e+09 1.587915177495986319e+00 1.035368150578093883e-03
2.158835681604428291e+09 1.679446018389310735e+00 1.365152314788060754e-03
2.222075303085304260e+09 1.784343506928589784e+00 1.793805468254573232e-03
2.287167427634904385e+09 1.904448500295004232e+00 2.349887407722019064e-03
2.354166321353172302e+09 2.041816816105000321e+00 3.070010735132444688e-03
2.423127839978229046e+09 2.198815457963674724e+00 4.001198211664338047e-03
2.494109475452268600e+09 2.378053173819744348e+00 5.203475999642870158e-03
2.567170403851538181e+09 2.582575473254301812e+00 6.753829605624065043e-03
2.642371534720295429e+09 2.815687547965439741e+00 8.749895303711787212e-03
2.719775561850031853e+09 3.081292978883674483e+00 1.131653322514754485e-02
2.799447015546083927e+09 3.383662751344716391e+00 1.461144174525938824e-02
2.881452316425378323e+09 3.727702566467776535e+00 1.883439704851579480e-02
2.965859830790022850e+09 4.118988526943191175e+00 2.423759976438490810e-02
3.052739927623100281e+09 4.563659767222738139e+00 3.113645461390471963e-02
3.142165037253938198e+09 5.068912054062739259e+00 3.992843249366836988e-02
3.234209711741948128e+09 5.642750983244616769e+00 5.110858366281066656e-02
3.328950687029297352e+09 6.294130229623981165e+00 6.529155411520574936e-02
3.426466946914258480e+09 7.033462109453973987e+00 8.324366219478376849e-02
3.526839788898484230e+09 7.872372164040847942e+00 1.059110625318873261e-01
3.630152891963314533e+09 8.823886939476661695e+00 1.344564431431128637e-01
3.736492386331355095e+09 9.903101390732999221e+00 1.703174456348412469e-01
3.845946925271603107e+09 1.112697767976487384e+01 2.152535257127610735e-01
3.958607759008128166e+09 1.251459654752484063e+01 2.714117291388365438e-01
4.074568810793635368e+09 1.408774578938663957e+01 3.414149641859961504e-01
4.193926755211558819e+09 1.587127423258508507e+01 4.284583256431380160e-01
4.316781098771873474e+09 1.789322945081340066e+01 5.364171450577642775e-01
4.443234262867848396e+09 2.018528727156239100e+01 6.699737390997588804e-01
4.573391669162797928e+09 2.278368559401320326e+01 8.347992860905125712e-01
4.707361827478274345e+09 2.572960858737435075e+01 1.037736394939451356e+00
4.845256426256653786e+09 2.906978808223145450e+01 1.287015338135173659e+00
4.987190425673658371e+09 3.285721147516099450e+01 1.592519247417017336e+00
5.133282153478646278e+09 3.715194740463718404e+01 1.966082999426447930e+00
5.283653403642189980e+09 4.202294414829037805e+01 2.421923431852186948e+00
5.438429537893475533e+09 4.754824798507733163e+01 2.977010747150030223e+00
5.597739590232056618e+09 5.381669640537254651e+01 3.651603046593614454e+00
5.761716374501134872e+09 6.092942458946343010e+01 4.469842012354122929e+00
5.930496595111913681e+09 6.900100853411859703e+01 5.460408904923400364e+00
6.104220961011671066e+09 7.816302161548897232e+01 6.657513168535192705e+00
6.283034302990117073e+09 8.856484741791372528e+01 8.101718811483868521e+00
6.467085694422193527e+09 1.003766424087876459e+02 9.841136287484186340e+00
6.656528575547679901e+09 1.137923663450958998e+02 1.193275897810495323e+01
6.851520881391641617e+09 1.290331679627778101e+02 1.444403476062114855e+01
7.052225173431834221e+09 1.463505083390927837e+02 1.745458850748591217e+01
7.258808775123225212e+09 1.660326237653834482e+02 2.105870990766870676e+01
7.471443911392463684e+09 1.884077423079867515e+02 2.536754808074539014e+01
7.690307852218645096e+09 2.138503875699791195e+02 3.051217032175410182e+01
7.915583060419889450e+09 2.427880478839719558e+02 3.664699015867005727e+01
8.147457343769403458e+09 2.757088492001159352e+02 4.395378138466060136e+01
8.386124011567255020e+09 3.131702321348751070e+02 5.264637689599535264e+01
8.631782035798656464e+09 3.558079048450815094e+02 6.297588961319449652e+01
8.884636217013431549e+09 4.043503693691227454e+02 7.523781171651337729e+01
9.144897355064310074e+09 4.596290613107503873e+02 8.977880073903968139e+01
9.412782424846891403e+09 5.225944282839466268e+02 1.070055485580310375e+02
9.688514757187610626e+09 5.943330954277597584e+02 1.273949549456856829e+02
9.972324225030553818e+09 6.760875667377054015e+02 1.515058607095991192e+02
1.026444743507811546e+10 7.692791726210562047e+02 1.799928033444967923e+02
1.056512792504586601e+10 8.755339142687238336e+02 2.136220224067993456e+02
1.087461636669533730e+10 9.967103632137637987e+02 2.532894169850808623e+02
1.119317077481427765e+10 1.134939339714413336e+03 3.000439245564428461e+02
1.152105672231908607e+10 1.292658303094949815e+03 3.551111168043029807e+02
1.185854756165785217e+10 1.472657789072350852e+03 4.199229447032583380e+02
1.220592465269928932e+10 1.678133269960665530e+03 4.961518265748200633e+02
1.256347759729724312e+10 1.912744542896698704e+03 5.857502328212249267e+02
1.293150448072645378e+10 2.180684135331311609e+03 6.909966310089970420e+02
1.331031212019052696e+10 2.486755298105871134e+03 8.145489306881390803e+02
1.370021632061007500e+10 2.836462219832375013e+03 9.595065270329062059e+02
1.410154213790321732e+10 3.236110223985829180e+03 1.129481109264020915e+03
1.451462414997881317e+10 3.692932320730246374e+03 1.328683609151878727e+03
1.493980673566762352e+10 4.215218968963962652e+03 1.562018584418744013e+03
1.537744436182493210e+10 4.812475499836477866e+03 1.835197352144990646e+03
1.582790187884276772e+10 5.495602841938668462e+03 2.154868968537919500e+03
1.629155482481897926e+10 6.277103714662289349e+03 2.528771724810161686e+03
1.676878973863648033e+10 7.171320162560614335e+03 2.965909203920919481e+03
1.726000448221327972e+10 8.194706537158559513e+03 3.476754122437582282e+03
1.776560857219301224e+10 9.366142655085221122e+03 4.073484789856017869e+03
1.828602352135112762e+10 1.070729436707465175e+04 4.770258981667963781e+03
1.882168319000241089e+10 1.224302202728468546e+04 5.583528722866371027e+03
1.937303414770203400e+10 1.400187168449093588e+04 6.532416444033732660e+03
1.994053604554274368e+10 1.601660945251717931e+04 7.639134207882314513e+03
2.052466199935720444e+10 1.832485309630325719e+04 8.929478909106919673e+03
2.112589898414597702e+10 2.096979552265011080e+04 1.043340492827160051e+04
2.174474824005956650e+10 2.400103661355368240e+04 1.218568603792097019e+04
2.238172569027315521e+10 2.747553914904859266e+04 1.422668228433956938e+04
2.303736237110184479e+10 3.145872771924307017e+04 1.660322769298091953e+04
2.371220487471634674e+10 3.602575233340881823e+04 1.936965746618153207e+04
2.440681580482650757e+10 4.126294290121469385e+04 2.258899693612820920e+04
2.512177424571330261e+10 4.726947586904182390e+04 2.633433617192337988e+04
2.585767624500127792e+10 5.415929669787032617e+04 3.069042063314663392e+04
2.661513531057204056e+10 6.206335101262902026e+04 3.575550402134972683e+04
2.739478292203451920e+10 7.113210159949051740e+04 4.164346481223856972e+04
2.819726905717783356e+10 8.153846113965220866e+04 4.848627419628784264e+04
2.902326273384587479e+10 9.348115558311998029e+04 5.643684341680386569e+04
2.987345256768461609e+10 1.071885924430839514e+05 6.567231699962951825e+04
3.074854734622896576e+10 1.229233089369520894e+05 7.639787904029140191e+04
3.164927661980533600e+10 1.409870878727551026e+05 8.885115219918766525e+04
3.257639130974450684e+10 1.617268426370236266e+05 1.033072814882372186e+05
3.353066433441031647e+10 1.855413840960188245e+05 1.200848095841012400e+05
3.451289125356819153e+10 2.128891992940415221e+05 1.395524562909895321e+05
3.552389093162808228e+10 2.442974009441183007e+05 1.621369592723927053e+05
3.656450622031669617e+10 2.803720582424573367e+05 1.883321561023644754e+05
3.763560466134754944e+10 3.218099926680068602e+05 2.187094047645293467e+05
3.873807920967382812e+10 3.694124101307088858e+05 2.539296714195952518e+05
3.987284897792932892e+10 4.241005592371459934e+05 2.947574703896448482e+05
4.104086000267502594e+10 4.869337381180438679e+05 3.420769553865576745e+05
4.224308603309262085e+10 5.591300014353814768e+05 3.969104919978471589e+05
4.348052934278048706e+10 6.420899709541022312e+05 4.604400917771479581e+05
4.475422156533167267e+10 7.374242130919824122e+05 5.340321449216690380e+05
4.606522455438705444e+10 8.469847185102871154e+05 6.192659481473367196e+05
4.741463126888324738e+10 9.729010880183191039e+05 7.179666229955743765e+05
4.880356668423223877e+10 1.117622107665408868e+06 8.322430555119784549e+05
5.023318873019279480e+10 1.283963690308009973e+06 9.645317324145431630e+05
5.170468925621424103e+10 1.475163743347226642e+06 1.117647156010282924e+06
5.321929502506053925e+10 1.694945400432863273e+06 1.294840052951221354e+06
5.477826873553909302e+10 1.947589655244563939e+06 1.499864436985374661e+06
5.638291007518873596e+10 2.238018832906015683e+06 1.737054911933370866e+06
5.803455680380647278e+10 2.571892505957454909e+06 2.011415732425689232e+06
5.973458586871220398e+10 2.955717701115940697e+06 2.328723411089028232e+06
6.148441455268445587e+10 3.396975543112475425e+06 2.695644924555770122e+06
6.328550165552282715e+10 3.904266698927817866e+06 3.119873827534830663e+06
6.513934871022261047e+10 4.487478444277305156e+06 3.610286973187664058e+06
6.704750123477406311e+10 5.157976523644114845e+06 4.177124927342199255e+06
6.901155002063371277e+10 5.928825697322898544e+06 4.832199822251576930e+06
7.103313245893699646e+10 6.815042631638611667e+06 5.589134262039916590e+06
7.311393390556010437e+10 7.833886394001751207e+06 6.463636347305857576e+06
7.525568908617167664e+10 9.005191925137382001e+06 7.473816071719967760e+06
7.746018354244035339e+10 1.035175275245841593e+07 8.640549194284891710e+06
7.972925512060813904e+10 1.189976016490397044e+07 9.987895639440119267e+06
8.206479550366879272e+10 1.367930712104368024e+07 1.154358052299837023e+07
8.446875178842932129e+10 1.572496614304822683e+07 1.333954693059863150e+07
8.694312810876712036e+10 1.807645221756336465e+07 1.541259115312755853e+07
8.948998730644142151e+10 2.077938293385426328e+07 1.780509247854391485e+07
9.211145265084492493e+10 2.388614981360936910e+07 2.056585125758006424e+07
9.480970960913493347e+10 2.745691725665827468e+07 2.375105128934885561e+07
9.758700766821530151e+10 3.156076701308472455e+07 2.742536451715211570e+07
1.004456622100944519e+11 3.627700919066761434e+07 3.166321851016198099e+07
1.033880564421748657e+11 4.169668404619067162e+07 3.655025071823842824e+07
1.064166433840895081e+11 4.792428135275926441e+07 4.218497625382143259e+07
1.095339479127387848e+11 5.507970864132924378e+07 4.868070000265693665e+07
1.127425688672342987e+11 6.330054353810225427e+07 5.616770812757591903e+07
1.160451812155009613e+11 7.274461033601303399e+07 6.479577888118351996e+07
