# T[K] Gamma_nTOp[1/tau_n] Gamma_pTOn[1/tau_n]
# fingerprint_hash: ff8e16fb3dfc3f21
# fingerprint: {"QED_corrections":true,"T_end_MeV":0.001,"T_start_cosmo_MeV":40.0,"analytic_distortions":false,"delta_xi_nu":0.0,"finite_mass_corrections":true,"format_version":1,"incomplete_decoupling":true,"munuOverTnu":0.0,"nevo_file":null,"nevo_file_prefix":"NEVOPRIMAT","nevo_spectral_file":null,"radiative_corrections":true,"sampling_nTOp":200,"spectral_distortions":true,"y_SZ":0.0}
1.160451812155007198e+07 9.933157434943846731e-01 0.000000000000000000e+00
1.215423456535459310e+07 9.934445273957054345e-01 0.000000000000000000e+00
1.272999157072523609e+07 9.935859829800216536e-01 0.000000000000000000e+00
1.333302270244670287e+07 9.937413478743100104e-01 0.000000000000000000e+00
1.396461996037534624e+07 9.939111809643091933e-01 0.000000000000000000e+00
1.462613654756076634e+07 9.940958845479075379e-01 0.000000000000000000e+00
1.531898976949623041e+07 9.942979558847955257e-01 0.000000000000000000e+00
1.604466407070890814e+07 9.945204850046611700e-01 0.000000000000000000e+00
1.680471421519609168e+07 9.947616832828314326e-01 0.000000000000000000e+00
1.760076861752187833e+07 9.950182125747211170e-01 0.000000000000000000e+00
1.843453283171037212e+07 9.952916812713826777e-01 0.000000000000000000e+00
1.930779320541143045e+07 9.955840643233836440e-01 0.000000000000000000e+00
2.022242070716715232e+07 9.958943686271326534e-01 0.000000000000000000e+00
2.118037493497940898e+07 9.962203447494907271e-01 0.000000000000000000e+00
2.218370831476723030e+07 9.965604740940390283e-01 0.000000000000000000e+00
2.323457049770824239e+07 9.969118764059324844e-01 0.000000000000000000e+00
2.433521296588684618e+07 9.972712570186971215e-01 0.000000000000000000e+00
2.548799385611532256e+07 9.976330804541564401e-01 0.000000000000000000e+00
2.669538301226441562e+07 9.979929158615148399e-01 0.000000000000000000e+00
2.795996727692684904e+07 9.983439441982303597e-01 0.000000000000000000e+00
2.928445603375167400e+07 9.986802139654104016e-01 0.000000000000000000e+00
3.067168701232454926e+07 9.989931180164132174e-01 0.000000000000000000e+00
3.212463236802952364e+07 9.992754863049509995e-01 0.000000000000000000e+00
3.364640504992025346e+07 9.995177607289091881e-01 0.000000000000000000e+00
3.524026547024237365e+07 9.997136537196813499e-01 0.000000000000000000e+00
3.690962848989710957e+07 9.998568491394042024e-01 0.000000000000000000e+00
3.865807073481325805e+07 9.999463486301140014e-01 0.000000000000000000e+00
4.048933825890124589e+07 9.999873429189267693e-01 0.000000000000000000e+00
4.240735457000926137e+07 9.999924516295619625e-01 0.000000000000000000e+00
4.441622903607542068e+07 9.999935252612233150e-01 0.000000000000000000e+00
4.652026568948684633e+07 9.999923571790245713e-01 0.000000000000000000e+00
4.872397244851007313e+07 9.999917663507770227e-01 0.000000000000000000e+00
5.103207077554742992e+07 9.999916055392990000e-01 0.000000000000000000e+00
5.344950579291524738e+07 9.999913140764495889e-01 0.000000000000000000e+00
5.598145687781451643e+07 9.999909167903853202e-01 0.000000000000000000e+00
5.863334875919473916e+07 9.999905236637423034e-01 0.000000000000000000e+00
6.141086314028744400e+07 9.999901295474800111e-01 0.000000000000000000e+00
6.431995087170767039e+07 9.999897119489926656e-01 0.000000000000000000e+00
6.736684470120808482e+07 9.999892710511028016e-01 0.000000000000000000e+00
7.055807262739917636e+07 9.999888108145024157e-01 0.000000000000000000e+00
7.390047188604708016e+07 9.999883308644642588e-01 0.000000000000000000e+00
7.740120359891627729e+07 9.999878302953481013e-01 0.000000000000000000e+00
8.106776811653904617e+07 9.999873094241702454e-01 0.000000000000000000e+00
8.490802108778786659e+07 9.999867690036942092e-01 0.000000000000000000e+00
8.893019029067637026e+07 9.999862105531249767e-01 0.000000000000000000e+00
9.314289326045034826e+07 9.999856366154562526e-01 0.000000000000000000e+00
9.755515575273916125e+07 9.999850495197217803e-01 0.000000000000000000e+00
1.021764310813202858e+08 9.999844518500381474e-01 0.000000000000000000e+00
1.070166203719341457e+08 9.999838476723450498e-01 0.000000000000000000e+00
1.120860937755381018e+08 9.999832421552892203e-01 0.000000000000000000e+00
1.173957126864527911e+08 9.999826418779012016e-01 0.000000000000000000e+00
1.229568530129994899e+08 9.999820554603726652e-01 0.000000000000000000e+00
1.287814295504932255e+08 9.999814916209963656e-01 0.000000000000000000e+00
1.348819215088015497e+08 9.999809596016210334e-01 0.000000000000000000e+00
1.412713992491699457e+08 9.999804733929160694e-01 0.000000000000000000e+00
1.479635522875908911e+08 9.999800518007390115e-01 0.000000000000000000e+00
1.549727186247239113e+08 9.999797137592136842e-01 0.000000000000000000e+00
1.623139154651940763e+08 9.999794801813112199e-01 0.000000000000000000e+00
1.700028713920943439e+08 9.999793772035261430e-01 0.000000000000000000e+00
1.780560600656225383e+08 9.999794477673082937e-01 0.000000000000000000e+00
1.864907355180533528e+08 9.999797298962538328e-01 0.000000000000000000e+00
1.953249691206615865e+08 9.999802695092365745e-01 5.616930161882048103e-28
2.045776883018089235e+08 9.999811271571154014e-01 8.362952706035235503e-28
2.142687170991337895e+08 9.999823794450876102e-01 0.000000000000000000e+00
2.244188186327397525e+08 9.999841150610612184e-01 0.000000000000000000e+00
2.350497395903712809e+08 9.999864393950893549e-01 2.429050369365550493e-26
2.461842568199017346e+08 9.999894798615188707e-01 3.930992024185774165e-26
2.578462261289400160e+08 9.999933894130712542e-01 0.000000000000000000e+00
2.700606333961229920e+08 9.999983548712191306e-01 0.000000000000000000e+00
2.828536481035947800e+08 1.000004614421498683e+00 1.138856013553064024e-24
2.962526794053691626e+08 1.000012438767361900e+00 2.957160515244944074e-24
3.102864348516941667e+08 1.000022148907564246e+00 5.585059028494770928e-24
3.249849818952549100e+08 1.000034141833642254e+00 1.132660814410603369e-22
3.403798123109682798e+08 1.000048905214796724e+00 1.189906264674203943e-21
3.565039096674089432e+08 1.000067018650653505e+00 9.572460923415280219e-21
3.733918199944082499e+08 1.000089175949213649e+00 7.134516086076793980e-20
3.910797257982562184e+08 1.000116228199800172e+00 4.960226391764545925e-19
4.096055235830545425e+08 1.000149200597005184e+00 3.166583017130094898e-18
4.290089050443339944e+08 1.000189346241349808e+00 1.864110510009531007e-17
4.493314421088839173e+08 1.000238198573832449e+00 1.016883867152671680e-16
4.706166760029976964e+08 1.000297632192828523e+00 5.161870837955183043e-16
4.929102105399506092e+08 1.000369992625767201e+00 2.445269298690984844e-15
5.162598098266089559e+08 1.000458179626471766e+00 1.084021042498543152e-14
5.407155005984696150e+08 1.000565883096575570e+00 4.513756443931612755e-14
5.663296794024143219e+08 1.000697776757382806e+00 1.769522365034366859e-13
5.931572248567932844e+08 1.000859912419202580e+00 6.554680122704088081e-13
6.212556152293941975e+08 1.001060094319957017e+00 2.298774909910675394e-12
6.506850515851603746e+08 1.001308561121655893e+00 7.659311310752576468e-12
6.815085867675396204e+08 1.001618755268589567e+00 2.429079585460475279e-11
7.137922604897956848e+08 1.002008438828983161e+00 7.355568736487327212e-11
7.476052408257019520e+08 1.002501115100817408e+00 2.130277971099077996e-10
7.830199724028053284e+08 1.003127812437183408e+00 5.917019664019568836e-10
8.201123316157089472e+08 1.003929690693100563e+00 1.578570005827738112e-09
8.589617891919622421e+08 1.004960801936304993e+00 4.054380069619832252e-09
8.996515804588438272e+08 1.006292257307258353e+00 1.003679385475527318e-08
9.422688836758164167e+08 1.008017408083988098e+00 2.399559452700302328e-08
9.869050068147871494e+08 1.010257211905848607e+00 5.545255253094510955e-08
1.033655583188279390e+09 1.013168855270207391e+00 1.240614686849027599e-07
1.082620776344705820e+09 1.016954627521823085e+00 2.689045737211163622e-07
1.133905494669714689e+09 1.021874489909947226e+00 5.653954270934449414e-07
1.187619616153371811e+09 1.028259400657031142e+00 1.153979456655128633e-06
1.243878223804812670e+09 1.036529841247194161e+00 2.288950349355002322e-06
1.302801852218650818e+09 1.047216352798805428e+00 4.415545651597481811e-06
1.364516745821486712e+09 1.060986290475496974e+00 8.293909951698577406e-06
1.429155129351755381e+09 1.078674867642477553e+00 1.518345475171401770e-05
1.496855491152500153e+09 1.101320718535958587e+00 2.712800883187648903e-05
1.567762879883925438e+09 1.130214751952221652e+00 4.736198120501187644e-05
1.642029215291518450e+09 1.166951651192176254e+00 8.093108846911014525e-05
1.719813613695526361e+09 1.213499417061621788e+00 1.355623650401268840e-04
1.801282728899175167e+09 1.272275486763045471e+00 2.230122845472401526e-04
1.886611109245975256e+09 1.346243338446411419e+00 3.609570646395063873e-04
1.975981571591228724e+09 1.439033584544430644e+00 5.759863994729813976e-04
2.069585592988827705e+09 1.555074452017661812e+00 9.078236971908270822e-04
2.167623720932655334e+09 1.699771493474809381e+00 1.416035192461942167e-03
2.270306003031436920e+09 1.879713341876315891e+00 2.189485921428461004e-03
2.377852437037762642e+09 2.102920857809007504e+00 3.361092171538492598e-03
2.490493442195304871e+09 2.379162278398290198e+00 5.128415218509114332e-03
2.608470352914214611e+09 2.720330614089987886e+00 7.784848760934908428e-03
2.732035935832361221e+09 3.140907605035633932e+00 1.176259919801140273e-02
2.861454931370234489e+09 3.658518575681564133e+00 1.769564118945784678e-02
2.997004620939734936e+09 4.294590843365003963e+00 2.650492041032167373e-02
3.138975421022267342e+09 5.075300180329016975e+00 3.952059176880968333e-02
3.287671505388730526e+09 6.032576165486476683e+00 5.864586264996944631e-02
3.443411456794701099e+09 7.205346838319216296e+00 8.658369120782261064e-02
3.606528949546919346e+09 8.641013712711959727e+00 1.271371990636539773e-01
3.777373464403704166e+09 1.039768461910307451e+01 1.856250937861934902e-01
3.956311037340701103e+09 1.254645726535522599e+01 2.694282446396975561e-01
4.143725043786407948e+09 1.517393164905977443e+01 3.887054003469617158e-01
4.340017020007625580e+09 1.838660110225179167e+01 5.573777228563653319e-01
4.545607523404695511e+09 2.231485501548439032e+01 7.943866516505048159e-01
4.760937033559601784e+09 2.711812446564501400e+01 1.125343868937891623e+00
4.986466895967714310e+09 3.299309630297221219e+01 1.584790592690726863e+00
5.222680310474769592e+09 4.017985890635441137e+01 2.218924152280992157e+00
5.470083366537114143e+09 4.897531430514085571e+01 3.089521202418782142e+00
5.729206127523020744e+09 5.974271246978257466e+01 4.278531402211142698e+00
6.000603766378561974e+09 7.293123694674329727e+01 5.894670515816428313e+00
6.284857755090764046e+09 8.909187518466873712e+01 8.081182376857970695e+00
6.582577110496818542e+09 1.089064397410583211e+02 1.102688082228869604e+01
6.894399699108365059e+09 1.332124384192896400e+02 1.497902100267968351e+01
7.220993603746511459e+09 1.630479007474000923e+02 2.026182052982806425e+01
7.563058554915418625e+09 1.996903453851072356e+02 2.729778886765113555e+01
7.921327429981652260e+09 2.447228082866576528e+02 3.663801179404260466e+01
8.296567823370694160e+09 3.000996307423250187e+02 4.899817809257012158e+01
8.689583691145269394e+09 3.682408926718526914e+02 6.530717531380606999e+01
9.101217073488599777e+09 4.521434257095953626e+02 8.676806924843928925e+01
9.532349898783620834e+09 5.555155353108222016e+02 1.149353702999766824e+02
9.983905873152660370e+09 6.829602392037164691e+02 1.518172859947811730e+02
1.045685245950651550e+10 8.401824915623333254e+02 2.000014613197374445e+02
1.095220295034280777e+10 1.034261801158773324e+03 2.628187921395611966e+02
1.147101863873471642e+10 1.273989012101114213e+03 3.445534836915166466e+02
1.201441109216115379e+10 1.570270272117213608e+03 4.507015304321689086e+02
1.258354453405078697e+10 1.936684478978317657e+03 5.883216054678341607e+02
1.317963833814153862e+10 2.390090553546103365e+03 7.664494016068493920e+02
1.380396964100008011e+10 2.951466085459944225e+03 9.966570740513935789e+02
1.445787607829922104e+10 3.646910362399687983e+03 1.293740383473916836e+03
1.514275865071468735e+10 4.508918837505139891e+03 1.676613765570711166e+03
1.586008472558225250e+10 5.577949689012513772e+03 2.169415336657194530e+03
1.661139118074601936e+10 6.904433562724848343e+03 2.802948944246491465e+03
1.739828769733362579e+10 8.551153277720697588e+03 3.616449224030456662e+03
1.822246020851322174e+10 1.059646726456339093e+04 4.659957767242205591e+03
1.908567451162081528e+10 1.313800043913390255e+04 5.997117337409506945e+03
1.998978005139805222e+10 1.629761568054360396e+04 7.708945254117618788e+03
2.093671388244474030e+10 2.022729865676183181e+04 9.898388204120205046e+03
2.192850481937620163e+10 2.511685331867185960e+04 1.269633700360595503e+04
2.296727778357814789e+10 3.120307534111668429e+04 1.626889251677947141e+04
2.405525835587034225e+10 3.878194617869336071e+04 2.082707290858087799e+04
2.519477754483444977e+10 4.822280426478840673e+04 2.663832782893499825e+04
2.638827678102181244e+10 5.998741171626000869e+04 3.404210880980519869e+04
2.763831314774128723e+10 7.465235143998426793e+04 4.346826441422749485e+04
2.894756485963434601e+10 9.293899684649771370e+04 5.546170163500571653e+04
3.031883700077460480e+10 1.157483546503773541e+05 7.071189532356409472e+04
3.175506753458745575e+10 1.442074534200639464e+05 9.009242114166222746e+04
3.325933359846393585e+10 1.797243371185837022e+05 1.147074120921920839e+05
3.483485809655603027e+10 2.240620374286484730e+05 1.459542779379896820e+05
3.648501660487985992e+10 2.794234248062801780e+05 1.855980065963580564e+05
3.821334460351841736e+10 3.485655297691645101e+05 2.358713837511550228e+05
4.002354505142093658e+10 4.349344782483527670e+05 2.995922421254993533e+05
4.191949632002719116e+10 5.428458678149388870e+05 3.803212143555945368e+05
4.390526050271486664e+10 6.776937002748646773e+05 4.825485947113565635e+05
4.598509211787198639e+10 8.462315048769023269e+05 6.119454565202267841e+05
4.816344722424354553e+10 1.056901142558814492e+06 7.756580547787210671e+05
5.044499296807847595e+10 1.320272675133711426e+06 9.827046390104952734e+05
5.283461758253464508e+10 1.649559031437919242e+06 1.244441357914491091e+06
5.533744086076338196e+10 2.061306548626575852e+06 1.575187912746065529e+06
5.795882512511563110e+10 2.576196143324347679e+06 1.992963252407336840e+06
6.070438671596701050e+10 3.220114887110290118e+06 2.520466695796533022e+06
6.358000802477999878e+10 4.025415008921115194e+06 3.186241924501606729e+06
6.659185009718277740e+10 5.032590236400797032e+06 4.026242977024959400e+06
6.974636583306761169e+10 6.292237422845066525e+06 5.085643456948900595e+06
7.305031381198823547e+10 7.867659904242033139e+06 6.421235722552044317e+06
7.651077277348162842e+10 9.837934976140629500e+06 8.104329454444565810e+06
8.013515678333279419e+10 1.230197696895877458e+07 1.022459465761053748e+07
8.393123111828080750e+10 1.538330220993290283e+07 1.289452469721880369e+07
8.790712890319580078e+10 1.923631720676616579e+07 1.625534039845059998e+07
9.207136853637718201e+10 2.405375047586085647e+07 2.048406523382467404e+07
9.643287194030070496e+10 3.007632013765498251e+07 2.580278299966653436e+07
1.010009836769212646e+11 3.760433719869378954e+07 3.248963257841980830e+07
1.057854909684846497e+11 4.701307506816546619e+07 4.089333977854474634e+07
1.107966446667433624e+11 5.877040460815735906e+07 5.145022325986833125e+07
1.160451812155009613e+11 7.345767738454528153e+07 6.470437300146240741e+07
