# T[K] Gamma_nTOp[1/tau_n] Gamma_pTOn[1/tau_n]
# fingerprint_hash: 4ec692021a0ad72c
# fingerprint: {"QED_corrections":false,"T_end_MeV":0.001,"T_start_cosmo_MeV":40.0,"analytic_distortions":false,"delta_xi_nu":0.0,"finite_mass_corrections":true,"format_version":1,"incomplete_decoupling":true,"munuOverTnu":0.0,"nevo_file":null,"nevo_file_prefix":"NEVOPRIMAT","nevo_spectral_file":null,"radiative_corrections":true,"sampling_nTOp_per_decade":80,"spectral_distortions":true,"y_SZ":0.0}
1.160451812155007198e+07 9.999972326590584881e-01 0.000000000000000000e+00
1.194445382843508385e+07 9.999971864408921940e-01 0.000000000000000000e+00
1.229434740548801981e+07 9.999971387226569419e-01 0.000000000000000000e+00
1.265449055251050368e+07 9.999970894656697862e-01 0.000000000000000000e+00
1.302518351418111660e+07 9.999970386299512626e-01 0.000000000000000000e+00
1.340673533036361635e+07 9.999969861741884181e-01 0.000000000000000000e+00
1.379946409374797717e+07 9.999969320556967300e-01 0.000000000000000000e+00
1.420369721503815055e+07 9.999968762303831360e-01 0.000000000000000000e+00
1.461977169590851478e+07 9.999968186527060654e-01 0.000000000000000000e+00
1.504803440995584987e+07 9.999967592756370260e-01 0.000000000000000000e+00
1.548884239188134670e+07 9.999966980506198588e-01 0.000000000000000000e+00
1.594256313514404185e+07 9.999966349275284383e-01 0.000000000000000000e+00
1.640957489833307080e+07 9.999965698546253723e-01 0.000000000000000000e+00
1.689026702051510662e+07 9.999965027785179261e-01 0.000000000000000000e+00
1.738504024581887946e+07 9.999964336441136137e-01 0.000000000000000000e+00
1.789430705752837285e+07 9.999963623945736790e-01 0.000000000000000000e+00
1.841849202196240798e+07 9.999962889712661340e-01 0.000000000000000000e+00
1.895803214242760837e+07 9.999962133137172415e-01 0.000000000000000000e+00
1.951337722354025394e+07 9.999961353595612223e-01 0.000000000000000000e+00
2.008499024621973559e+07 9.999960550444882967e-01 0.000000000000000000e+00
2.067334775366751477e+07 9.999959723021917268e-01 0.000000000000000000e+00
2.127894024865204096e+07 9.999958870643119724e-01 0.000000000000000000e+00
2.190227260243212804e+07 9.999957992603798473e-01 0.000000000000000000e+00
2.254386447565865889e+07 9.999957088177562348e-01 0.000000000000000000e+00
2.320425075160592049e+07 9.999956156615706915e-01 0.000000000000000000e+00
2.388398198209420219e+07 9.999955197146546126e-01 0.000000000000000000e+00
2.458362484647430480e+07 9.999954208974717318e-01 0.000000000000000000e+00
2.530376262405800447e+07 9.999953191280448461e-01 0.000000000000000000e+00
2.604499568038682267e+07 9.999952143218738820e-01 0.000000000000000000e+00
2.680794196774604172e+07 9.999951063918477434e-01 0.000000000000000000e+00
2.759323754033992812e+07 9.999949952481477222e-01 0.000000000000000000e+00
2.840153708455819264e+07 9.999948807981381416e-01 0.000000000000000000e+00
2.923351446477630734e+07 9.999947629462422327e-01 0.000000000000000000e+00
3.008986328514331579e+07 9.999946415938035793e-01 0.000000000000000000e+00
3.097129746782724559e+07 9.999945166389243578e-01 0.000000000000000000e+00
3.187855184819832072e+07 9.999943879762839272e-01 0.000000000000000000e+00
3.281238278744807094e+07 9.999942554969306618e-01 0.000000000000000000e+00
3.377356880315344781e+07 9.999941190880459185e-01 0.000000000000000000e+00
3.476291121831235290e+07 9.999939786326800251e-01 0.000000000000000000e+00
3.578123482939223200e+07 9.999938340094620681e-01 0.000000000000000000e+00
3.682938859394711256e+07 9.999936850922827025e-01 0.000000000000000000e+00
3.790824633837836981e+07 9.999935317499589749e-01 0.000000000000000000e+00
3.901870748642701656e+07 9.999933738458887111e-01 0.000000000000000000e+00
4.016169780900728703e+07 9.999932112377071247e-01 0.000000000000000000e+00
4.133817019600404054e+07 9.999930437769626312e-01 0.000000000000000000e+00
4.254910545068005472e+07 9.999928713088341858e-01 0.000000000000000000e+00
4.379551310735325515e+07 9.999926936719161219e-01 0.000000000000000000e+00
4.507843227302657813e+07 9.999925106981005785e-01 0.000000000000000000e+00
4.639893249367284775e+07 9.999923222125950417e-01 0.000000000000000000e+00
4.775811464589476585e+07 9.999921280341095287e-01 0.000000000000000000e+00
4.915711185470598191e+07 9.999919279752574885e-01 0.000000000000000000e+00
5.059709043819620460e+07 9.999917218432090582e-01 0.000000000000000000e+00
5.207925087986870110e+07 9.999915094406403027e-01 0.000000000000000000e+00
5.360482882946188748e+07 9.999912905670146346e-01 0.000000000000000000e+00
5.517509613308683038e+07 9.999910650202306073e-01 0.000000000000000000e+00
5.679136189354267716e+07 9.999908325986672786e-01 0.000000000000000000e+00
5.845497356169053912e+07 9.999905931036460194e-01 0.000000000000000000e+00
6.016731805979927629e+07 9.999903463423223116e-01 0.000000000000000000e+00
6.192982293779598922e+07 9.999900921310114210e-01 0.000000000000000000e+00
6.374395756338880956e+07 9.999898302989426169e-01 0.000000000000000000e+00
6.561123434705124050e+07 9.999895606924288360e-01 0.000000000000000000e+00
6.753321000289034843e+07 9.999892831794273684e-01 0.000000000000000000e+00
6.951148684645150602e+07 9.999889976544662495e-01 0.000000000000000000e+00
7.154771413053803146e+07 9.999887040439062735e-01 0.000000000000000000e+00
7.364358942016379535e+07 9.999884023115045428e-01 0.000000000000000000e+00
7.580086000778134167e+07 9.999880924642544633e-01 0.000000000000000000e+00
7.802132436996677518e+07 9.999877745584788702e-01 0.000000000000000000e+00
8.030683366677752137e+07 9.999874487061636286e-01 0.000000000000000000e+00
8.265929328502891958e+07 9.999871150815352605e-01 0.000000000000000000e+00
8.508066442678131163e+07 9.999867739279015844e-01 0.000000000000000000e+00
8.757296574435649812e+07 9.999864255647868960e-01 0.000000000000000000e+00
9.013827502325230837e+07 9.999860703954306373e-01 0.000000000000000000e+00
9.277873091435243189e+07 9.999857089147220490e-01 0.000000000000000000e+00
9.549653471688136458e+07 9.999853417176853831e-01 0.000000000000000000e+00
9.829395221358637512e+07 9.999849695086453494e-01 0.000000000000000000e+00
1.011733155596781969e+08 9.999845931112332220e-01 0.000000000000000000e+00
1.041370252271060497e+08 9.999842134794194592e-01 0.000000000000000000e+00
1.071875520057871491e+08 9.999838317097924367e-01 0.000000000000000000e+00
1.103274390634579509e+08 9.999834490553195510e-01 0.000000000000000000e+00
1.135593040658666492e+08 9.999830669408743544e-01 0.000000000000000000e+00
1.168858413590708673e+08 9.999826869808285945e-01 0.000000000000000000e+00
1.203098242156668752e+08 9.999823109990556569e-01 0.000000000000000000e+00
1.238341071468138248e+08 9.999819410517243323e-01 0.000000000000000000e+00
1.274616282819872946e+08 9.999815794532980195e-01 0.000000000000000000e+00
1.311954118184435666e+08 9.999812288062104315e-01 0.000000000000000000e+00
1.350385705424373746e+08 9.999808920347259544e-01 0.000000000000000000e+00
1.389943084242920876e+08 9.999805724235567572e-01 0.000000000000000000e+00
1.430659232894937396e+08 9.999802736618595977e-01 0.000000000000000000e+00
1.472568095680249631e+08 9.999799998933093237e-01 0.000000000000000000e+00
1.515704611242395937e+08 9.999797557730095710e-01 0.000000000000000000e+00
1.560104741696303487e+08 9.999795465320870935e-01 0.000000000000000000e+00
1.605805502609273791e+08 9.999793780509036445e-01 0.000000000000000000e+00
1.652844993860153258e+08 9.999792540775814809e-01 0.000000000000000000e+00
1.701262431402502060e+08 9.999791878292583203e-01 0.000000000000000000e+00
1.751098179958217144e+08 9.999791845293425352e-01 0.000000000000000000e+00
1.802393786668825150e+08 9.999792539920928647e-01 0.000000000000000000e+00
1.855192015732608140e+08 9.999794066347974519e-01 0.000000000000000000e+00
1.909536884056296647e+08 9.999796545556316474e-01 0.000000000000000000e+00
1.965473697951165140e+08 9.999800109415591942e-01 0.000000000000000000e+00
2.023049090904033780e+08 9.999804910322407370e-01 0.000000000000000000e+00
2.082311062454790771e+08 9.999811122189309343e-01 0.000000000000000000e+00
2.143309018212690055e+08 9.999818931089686780e-01 0.000000000000000000e+00
2.206093811044900417e+08 9.999828556977623517e-01 0.000000000000000000e+00
2.270717783471610248e+08 9.999840245891925550e-01 0.000000000000000000e+00
2.337234811302981079e+08 9.999854263198993953e-01 0.000000000000000000e+00
2.405700348554467559e+08 9.999870928484088095e-01 0.000000000000000000e+00
2.476171473677769899e+08 9.999890573236627223e-01 0.000000000000000000e+00
2.548706937146100700e+08 9.999913611989780238e-01 1.977839168135843555e-28
2.623367210433326662e+08 9.999940460670333486e-01 1.142718761556674999e-27
2.700214536427979469e+08 9.999971624131457348e-01 6.292666824916751347e-27
2.779312981323959827e+08 1.000000765916231327e+00 3.307268140215061767e-26
2.860728488031346798e+08 1.000004918850893265e+00 1.661682506689502379e-25
2.944528931151782870e+08 1.000009691535167944e+00 7.986229886680891346e-25
3.030784173564286828e+08 1.000015163153503028e+00 3.678120411972816391e-24
3.119566124668592215e+08 1.000021422154299122e+00 1.624582766864341548e-23
3.210948800334758162e+08 1.000028569207705109e+00 6.892027167271686040e-23
3.305008384608782530e+08 1.000036716532324510e+00 2.811213501886617296e-22
3.401823293225855827e+08 1.000045989530935042e+00 1.103599466955734905e-21
3.501474238984055519e+08 1.000056531173887597e+00 4.174473787782769549e-21
3.604044299033194184e+08 1.000068503426431388e+00 1.522922467082504971e-20
3.709618984134646654e+08 1.000082080869465706e+00 5.364365496277590192e-20
3.818286309950104952e+08 1.000097473051200891e+00 1.826242427682251916e-19
3.930136870418622494e+08 1.000114905853565439e+00 6.014606370094239003e-19
4.045263913283039927e+08 1.000134636341164285e+00 1.918090294628757591e-18
4.163763417829000354e+08 1.000156961120022281e+00 5.928382693822264725e-18
4.285734174901039600e+08 1.000182207204715068e+00 1.777416115320286865e-17
4.411277869262718558e+08 1.000210754070021357e+00 5.173696539124124353e-17
4.540499164369260669e+08 1.000243028123564804e+00 1.463307191030637179e-16
4.673505789623640776e+08 1.000279516494357646e+00 4.024811976216869871e-16
4.810408630188527703e+08 1.000320783988825069e+00 1.077406425409111096e-15
4.951321819429209232e+08 1.000367465104713194e+00 2.809151193111121159e-15
5.096362834064487815e+08 1.000420303152208978e+00 7.139455173314645549e-15
5.245652592104764581e+08 1.000480158382317963e+00 1.770017090276046143e-14
5.399315553659272194e+08 1.000548021388123709e+00 4.283803626226806395e-14
5.557479824696080685e+08 1.000625055790918205e+00 1.012822339552660207e-13
5.720277263841720819e+08 1.000712611449507072e+00 2.340959159423672968e-13
5.887843592309185266e+08 1.000812293006142495e+00 5.293139365765444745e-13
6.060318507046331167e+08 1.000925971236427792e+00 1.171611245614450362e-12
6.237845797198551893e+08 1.001055856885964435e+00 2.540336977411032696e-12
6.420573463983147144e+08 1.001204601104719094e+00 5.399041472444358075e-12
6.608653844075227976e+08 1.001375316007082628e+00 1.125476459800848576e-11
6.802243736607878208e+08 1.001571712167472095e+00 2.302605942408331849e-11
7.001504533892848492e+08 1.001798228879587471e+00 4.626103231451784223e-11
7.206602355970234871e+08 1.002060102517175588e+00 9.132155404792089272e-11
7.417708189099742174e+08 1.002363607362505959e+00 1.772265005093793598e-10
7.634998028308640718e+08 1.002716217064353099e+00 3.383069772197666367e-10
7.858653024115747213e+08 1.003126914529221203e+00 6.355586835469473010e-10
8.088859633553140163e+08 1.003606214764211968e+00 1.175579165597631055e-09
8.325809775611968040e+08 1.004166709057794149e+00 2.141880416965256581e-09
8.569700991241761446e+08 1.004823325917120425e+00 3.845636275595740875e-09
8.820736608036700487e+08 1.005593967749650153e+00 6.807128228117675262e-09
9.079125909745934010e+08 1.006499386483202363e+00 1.188286528352628253e-08
9.345084310749771595e+08 1.007564373281857550e+00 2.046389034882899127e-08
9.618833535646533966e+08 1.008818380719798569e+00 3.477990395584989680e-08
9.900601804100320339e+08 1.010295456026595318e+00 5.835067515794052595e-08
1.019062402110335708e+09 1.012036136063894531e+00 9.666568543753436168e-08
1.048914197281219006e+09 1.014087699532383313e+00 1.581689432484903203e-07
1.079640452812016487e+09 1.016505285661343461e+00 2.556779743009835558e-07
1.111266784613485813e+09 1.019353735708357744e+00 4.084119797902196627e-07
1.143819558973324299e+09 1.022707893526665801e+00 6.448042105586140751e-07
1.177325914537234783e+09 1.026655307962216490e+00 1.006428866882282550e-06
1.211813784933942080e+09 1.031297281010557843e+00 1.553310615501199438e-06
1.247311922062922478e+09 1.036751054883300771e+00 2.371102642065934419e-06
1.283849920064341068e+09 1.043152272235823075e+00 3.580663899812432808e-06
1.321458239991118431e+09 1.050657147486019793e+00 5.350547529224311895e-06
1.360168235203776360e+09 1.059445908980177320e+00 7.913507397905840076e-06
1.400012177509135485e+09 1.069726064716502778e+00 1.158757364547851668e-05
1.441023284064728022e+09 1.081733240171941723e+00 1.680312558986902496e-05
1.483235745071326971e+09 1.095741497513891050e+00 2.413816493772665575e-05
1.526684752276691675e+09 1.112059177946793209e+00 3.436076048077723780e-05
1.571406528314249754e+09 1.131045071985666395e+00 4.848807593822501488e-05
1.617438356901275635e+09 1.153101979625146045e+00 6.785334010477801531e-05
1.664818613921616554e+09 1.178693279233002045e+00 9.419975576068707521e-05
1.713586799418937206e+09 1.208345471479985278e+00 1.297934867457614899e-04
1.763783570527214289e+09 1.242652318346053830e+00 1.775670645672491194e-04
1.815450775365811586e+09 1.282303258040128346e+00 2.413186151657616151e-04
1.868631487927488089e+09 1.328053189680479695e+00 3.259265371655464556e-04
1.923370043988390207e+09 1.380792221999445735e+00 4.376998898011680208e-04
1.979712078069975138e+09 1.441497109344662242e+00 5.847253680886248164e-04
2.037704561483635664e+09 1.511301819787711498e+00 7.774354938050378073e-04
2.097395841489860296e+09 1.591465163747811440e+00 1.029210319461922648e-03
2.158835681604428291e+09 1.683437301413022391e+00 1.357287236104165722e-03
2.222075303085304260e+09 1.788829620016064048e+00 1.783775340845604809e-03
2.287167427634904385e+09 1.909497277210951971e+00 2.337122745660252365e-03
2.354166321353172302e+09 2.047497284774563386e+00 3.053765877885509031e-03
2.423127839978229046e+09 2.205214825692551450e+00 3.980538560722264238e-03
2.494109475452268600e+09 2.385260426599069561e+00 5.177170506525804843e-03
2.567170403851538181e+09 2.590697519155842787e+00 6.720305885143738021e-03
2.642371534720295429e+09 2.824850166954225639e+00 8.707145262795482760e-03
2.719775561850031853e+09 3.091627967848809888e+00 1.126190966164209578e-02
2.799447015546083927e+09 3.395333865886241309e+00 1.454160832685241593e-02
2.881452316425378323e+09 3.740879522777900590e+00 1.874495060664300994e-02
2.965859830790022850e+09 4.133872800365004707e+00 2.412292637235591980e-02
3.052739927623100281e+09 4.580490681254601348e+00 3.098946218839657499e-02
3.142165037253938198e+09 5.087940595772823649e+00 3.973983658546144382e-02
3.234209711741948128e+09 5.664285545711848613e+00 5.086681637536705908e-02
3.328950687029297352e+09 6.318496293429562094e+00 6.498160800917295032e-02
3.426466946914258480e+09 7.061043232179585516e+00 8.284669106309056064e-02
3.526839788898484230e+09 7.903610475860202378e+00 1.054034199345710021e-01
3.630152891963314533e+09 8.859282782517873045e+00 1.338084475505094684e-01
3.736492386331355095e+09 9.943210127320906366e+00 1.694915657648968788e-01
3.845946925271603107e+09 1.117244248814150254e+01 2.142031780941470731e-01
3.958607759008128166e+09 1.256616816313228746e+01 2.700797047477551116e-01
4.074568810793635368e+09 1.414623780727561275e+01 3.397290563455497292e-01
4.193926755211558819e+09 1.593763485321534645e+01 4.263300258273733934e-01
4.316781098771873474e+09 1.796853756344547648e+01 5.337375285648796597e-01
4.443234262867848396e+09 2.027079654163009081e+01 6.666104059844285556e-01
4.573391669162797928e+09 2.288077028049389838e+01 8.305876865989925140e-01
4.707361827478274345e+09 2.583986247422956950e+01 1.032476920520995600e+00
4.845256426256653786e+09 2.919502695533583037e+01 1.280465050706035113e+00
4.987190425673658371e+09 3.299953382922804224e+01 1.584385372483976706e+00
5.133282153478646278e+09 3.731367697376634140e+01 1.956006530582959702e+00
5.283653403642189980e+09 4.220676602929768251e+01 2.409472446922305000e+00
5.438429537893475533e+09 4.775722185274052833e+01 2.961664319239839749e+00
5.597739590232056618e+09 5.405431087195069750e+01 3.632734052868905827e+00
5.761716374501134872e+09 6.119967618586625946e+01 4.446699509343634560e+00
5.930496595111913681e+09 6.930842791000483771e+01 5.432089114924351314e+00
6.104220961011671066e+09 7.851276118839807339e+01 6.622932183297468356e+00
6.283034302990117073e+09 8.896280475305518110e+01 8.059583007862338278e+00
6.467085694422193527e+09 1.008295462411435608e+02 9.789901401728966945e+00
6.656528575547679901e+09 1.143078950139209553e+02 1.187058408278771893e+01
6.851520881391641617e+09 1.296201178216103642e+02 1.436873449148609794e+01
7.052225173431834221e+09 1.470188555086612041e+02 1.736355533634444370e+01
7.258808775123225212e+09 1.667937709431754740e+02 2.094884812797139517e+01
7.471443911392463684e+09 1.892747260242175287e+02 2.523518856442926861e+01
7.690307852218645096e+09 2.148380953459034970e+02 3.035296588836768450e+01
7.915583060419889450e+09 2.439134862848815715e+02 3.645579568120950853e+01
8.147457343769403458e+09 2.769914463896819825e+02 4.372451290608955077e+01
8.386124011567255020e+09 3.146322477810746818e+02 5.237186333148088835e+01
8.631782035798656464e+09 3.574746399269257040e+02 6.264763487422587218e+01
8.884636217013431549e+09 4.062508230156776108e+02 7.484581218372562716e+01
9.144897355064310074e+09 4.617963833848079389e+02 8.931126937483587369e+01
9.412782424846891403e+09 5.250665281611952651e+02 1.064486069725033559e+02
9.688514757187610626e+09 5.971533277628874430e+02 1.267322731432415566e+02
9.972324225030553818e+09 6.793055235150369526e+02 1.507182375748859613e+02
1.026444743507811546e+10 7.729515836622330198e+02 1.790576813643877188e+02
1.056512792504586601e+10 8.797257037967959832e+02 2.125129084364776020e+02
1.087461636669533730e+10 1.001495908525933828e+03 2.519752415463719331e+02
1.119317077481427765e+10 1.140403584221656047e+03 2.984881996865260021e+02
1.152105672231908607e+10 1.298898608448659388e+03 3.532710930755705476e+02
1.185854756165785217e+10 1.479785640531691570e+03 4.177485344901016333e+02
1.220592465269928932e+10 1.686276343533050749e+03 4.935843734623291539e+02
1.256347759729724312e+10 1.922049082133245747e+03 5.827210789317613262e+02
1.293150448072645378e+10 2.191317682005572351e+03 6.874254483028632876e+02
1.331031212019052696e+10 2.498909813260919236e+03 8.103417787041806832e+02
1.370021632061007500e+10 2.850357687098760380e+03 9.545536024027331905e+02
1.410154213790321732e+10 3.251998892165900997e+03 1.123654128977560049e+03
1.451462414997881317e+10 3.711103128478514463e+03 1.321832638659190479e+03
1.493980673566762352e+10 4.236003310703040370e+03 1.553968631934838641e+03
1.537744436182493210e+10 4.836253414394534047e+03 1.825744154935329107e+03
1.582790187884276772e+10 5.522810199325524991e+03 2.143774193772168019e+03
1.629155482481897926e+10 6.308240494625045358e+03 2.515757379167332147e+03
1.676878973863648033e+10 7.206959969197560895e+03 2.950651136438305912e+03
1.726000448221327972e+10 8.235507542990686488e+03 3.458874478096998246e+03
1.776560857219301224e+10 9.412860147927034632e+03 4.052543248418042367e+03
1.828602352135112762e+10 1.076079526873288341e+04 4.745742569809499400e+03
1.882168319000241089e+10 1.230430161019235857e+04 5.554840001436642524e+03
1.937303414770203400e+10 1.407207230876720678e+04 6.498859635974439698e+03
1.994053604554274368e+10 1.609704301422423669e+04 7.599899484886766913e+03
2.052466199935720444e+10 1.841702619205589872e+04 8.883623788079463338e+03
2.112589898414597702e+10 2.107543859089649413e+04 1.037983274954537046e+04
2.174474824005956650e+10 2.412213741198137723e+04 1.212312111280035970e+04
2.238172569027315521e+10 2.761438132215203950e+04 1.415364095512951826e+04
2.303736237110184479e+10 3.161793516485439977e+04 1.651798478266215534e+04
2.371220487471634674e+10 3.620834022964660835e+04 1.927020749353326391e+04
2.440681580482650757e+10 4.147237662986912619e+04 2.247300881458866934e+04
2.512177424571330261e+10 4.750973866976163117e+04 2.619910087530381134e+04
2.585767624500127792e+10 5.443496673661965906e+04 3.053279083249683390e+04
2.661513531057204056e+10 6.237969241037259781e+04 3.557182346354572655e+04
2.739478292203451920e+10 7.149516718904097797e+04 4.142948688045792369e+04
2.819726905717783356e+10 8.195521130379942770e+04 4.823706760509701417e+04
2.902326273384587479e+10 9.395959544169220317e+04 5.614668256681388448e+04
2.987345256768461609e+10 1.077379295532129036e+05 6.533455506839830196e+04
3.074854734622896576e+10 1.235541352450499253e+05 7.600480109162817826e+04
3.164927661980533600e+10 1.417115892342979787e+05 8.839380473362401244e+04
3.257639130974450684e+10 1.625590399950729625e+05 1.027752752274595114e+05
3.353066433441031647e+10 1.864974114919741405e+05 1.194660907567364484e+05
3.451289125356819153e+10 2.139876242961326207e+05 1.388330420995241439e+05
3.552389093162808228e+10 2.455595935499139014e+05 1.613006303543129179e+05
3.656450622031669617e+10 2.818226171813698602e+05 1.873601022641193704e+05
3.763560466134754944e+10 3.234772352695992449e+05 2.175798139394985628e+05
3.873807920967382812e+10 3.713289375807158649e+05 2.526172527092527016e+05
3.987284897792932892e+10 4.263039076304454939e+05 2.932329026585014071e+05
4.104086000267502594e+10 4.894671295981379808e+05 3.403062490296005271e+05
4.224308603309262085e+10 5.620432099828994833e+05 3.948542499614618719e+05
4.348052934278048706e+10 6.454403201040618587e+05 4.580526538217456546e+05
4.475422156533167267e+10 7.412777275254062843e+05 5.312605984230086906e+05
4.606522455438705444e+10 8.514174474831904517e+05 6.160489792303800350e+05
4.741463126888324738e+10 9.780006359501588158e+05 7.142331895711458055e+05
4.880356668423223877e+10 1.123489395480521023e+06 8.279108547773183091e+05
5.023318873019279480e+10 1.290714993199945893e+06 9.595054215290722204e+05
5.170468925621424103e+10 1.482933034235641127e+06 1.111816296448796755e+06
5.321929502506053925e+10 1.703887053870358272e+06 1.288076731810894795e+06
5.477826873553909302e+10 1.957881566375000402e+06 1.492020512878005626e+06
5.638291007518873596e+10 2.249866011266217567e+06 1.727958827700755093e+06
5.803455680380647278e+10 2.585531225428640842e+06 2.000868830214148154e+06
5.973458586871220398e+10 2.971420291746853851e+06 2.316495671996149234e+06
6.148441455268445587e+10 3.415055895810205489e+06 2.681470027242459357e+06
6.328550165552282715e+10 3.925086635014444124e+06 3.103443442537470721e+06
6.513934871022261047e+10 4.511455080043486319e+06 3.591244175245393533e+06
6.704750123477406311e+10 5.185590743032792583e+06 4.155056557182617486e+06
6.901155002063371277e+10 5.960631896885047667e+06 4.806627637850077823e+06
7.103313245893699646e+10 6.851680001995873637e+06 5.559504728505684063e+06
7.311393390556010437e+10 7.876091944438227452e+06 6.429308827265057713e+06
7.525568908617167664e+10 9.053815504959730431e+06 7.434049167533786967e+06
7.746018354244035339e+10 1.040777437194654346e+07 8.594484946193629876e+06
7.972925512060813904e+10 1.196430997534008697e+07 9.934541248238369823e+06
8.206479550366879272e+10 1.375368841800672561e+07 1.148178718380099908e+07
8.446875178842932129e+10 1.581068201467693038e+07 1.326798541701452993e+07
8.694312810876712036e+10 1.817523628625405952e+07 1.532972357683921978e+07
8.948998730644142151e+10 2.089323479782293737e+07 1.770913961536816880e+07
9.211145265084492493e+10 2.401737594208138064e+07 2.045475476984576508e+07
9.480970960913493347e+10 2.760817811838633195e+07 2.362243000550774485e+07
9.758700766821530151e+10 3.173513148634818569e+07 2.727646389263147116e+07
1.004456622100944519e+11 3.647801778635863960e+07 3.149085242096386850e+07
1.033880564421748657e+11 4.192842083204042166e+07 3.635073363384301215e+07
1.064166433840895081e+11 4.819145802594638616e+07 4.195404535230091959e+07
1.095339479127387848e+11 5.538776122210267186e+07 4.841342495509149879e+07
1.127425688672342987e+11 6.365574406867901236e+07 5.585838684072196484e+07
1.160451812155009613e+11 7.315419557978765666e+07 6.443781687466722727e+07
