# T[K] Gamma_nTOp[1/tau_n] Gamma_pTOn[1/tau_n]
# fingerprint_hash: 8ff99db4354dfdbd
# fingerprint: {"QED_corrections":false,"T_end_MeV":0.001,"T_start_cosmo_MeV":40.0,"analytic_distortions":false,"delta_xi_nu":0.0,"finite_mass_corrections":true,"format_version":1,"incomplete_decoupling":true,"munuOverTnu":0.0,"nevo_file":null,"nevo_file_prefix":"NEVOPRIMAT","nevo_spectral_file":null,"radiative_corrections":true,"sampling_nTOp":200,"spectral_distortions":false,"y_SZ":0.0}
1.160451812155007198e+07 9.933157437049745520e-01 0.000000000000000000e+00
1.215423456535459310e+07 9.934445276108938572e-01 0.000000000000000000e+00
1.272999157072523609e+07 9.935859831995180746e-01 0.000000000000000000e+00
1.333302270244670287e+07 9.937413480978397606e-01 0.000000000000000000e+00
1.396461996037534624e+07 9.939111811916135908e-01 0.000000000000000000e+00
1.462613654756076634e+07 9.940958847787425556e-01 0.000000000000000000e+00
1.531898976949623041e+07 9.942979561189320137e-01 0.000000000000000000e+00
1.604466407070890814e+07 9.945204852418846331e-01 0.000000000000000000e+00
1.680471421519609168e+07 9.947616835229401433e-01 0.000000000000000000e+00
1.760076861752187833e+07 9.950182128175265595e-01 0.000000000000000000e+00
1.843453283171037212e+07 9.952916815167084374e-01 0.000000000000000000e+00
1.930779320541143045e+07 9.955840645710649639e-01 0.000000000000000000e+00
2.022242070716715232e+07 9.958943688770156566e-01 0.000000000000000000e+00
2.118037493497940898e+07 9.962203450014318618e-01 0.000000000000000000e+00
2.218370831476723030e+07 9.965604743479046235e-01 0.000000000000000000e+00
2.323457049770824239e+07 9.969118766615988614e-01 0.000000000000000000e+00
2.433521296588684618e+07 9.972712572760499272e-01 0.000000000000000000e+00
2.548799385611532256e+07 9.976330807130928680e-01 0.000000000000000000e+00
2.669538301226441562e+07 9.979929161219441847e-01 0.000000000000000000e+00
2.795996727692684904e+07 9.983439444600789026e-01 0.000000000000000000e+00
2.928445603375167400e+07 9.986802142286279604e-01 0.000000000000000000e+00
3.067168701232454926e+07 9.989931182809832499e-01 0.000000000000000000e+00
3.212463236802952364e+07 9.992754865709081447e-01 0.000000000000000000e+00
3.364640504992025346e+07 9.995177609963606935e-01 0.000000000000000000e+00
3.524026547024237365e+07 9.997136539888377138e-01 0.000000000000000000e+00
3.690962848989710957e+07 9.998568494106162552e-01 0.000000000000000000e+00
3.865807073481325805e+07 9.999463489039172037e-01 0.000000000000000000e+00
4.048933825890124589e+07 9.999873431960840664e-01 0.000000000000000000e+00
4.240735457000926137e+07 9.999924519111043075e-01 0.000000000000000000e+00
4.441622903607542068e+07 9.999935255484719843e-01 0.000000000000000000e+00
4.652026568948684633e+07 9.999923574735860576e-01 0.000000000000000000e+00
4.872397244851007313e+07 9.999917666544895223e-01 0.000000000000000000e+00
5.103207077554742992e+07 9.999916058541168384e-01 0.000000000000000000e+00
5.344950579291524738e+07 9.999913144042410496e-01 0.000000000000000000e+00
5.598145687781451643e+07 9.999909171326305524e-01 0.000000000000000000e+00
5.863334875919473916e+07 9.999905240211153234e-01 0.000000000000000000e+00
6.141086314028744400e+07 9.999901299193051374e-01 0.000000000000000000e+00
6.431995087170767039e+07 9.999897123325750536e-01 0.000000000000000000e+00
6.736684470120808482e+07 9.999892714409338579e-01 0.000000000000000000e+00
7.055807262739917636e+07 9.999888112013540775e-01 0.000000000000000000e+00
7.390047188604708016e+07 9.999883312343810227e-01 0.000000000000000000e+00
7.740120359891627729e+07 9.999878306285527874e-01 0.000000000000000000e+00
8.106776811653904617e+07 9.999873096938953765e-01 0.000000000000000000e+00
8.490802108778786659e+07 9.999867691749374510e-01 0.000000000000000000e+00
8.893019029067637026e+07 9.999862105813255297e-01 0.000000000000000000e+00
9.314289326045034826e+07 9.999856364450661061e-01 0.000000000000000000e+00
9.755515575273916125e+07 9.999850490826347471e-01 0.000000000000000000e+00
1.021764310813202858e+08 9.999844510638191686e-01 0.000000000000000000e+00
1.070166203719341457e+08 9.999838464381827219e-01 0.000000000000000000e+00
1.120860937755381018e+08 9.999832403555749538e-01 0.000000000000000000e+00
1.173957126864527911e+08 9.999826393733155516e-01 0.000000000000000000e+00
1.229568530129994899e+08 9.999820520863343942e-01 0.000000000000000000e+00
1.287814295504932255e+08 9.999814871833018204e-01 0.000000000000000000e+00
1.348819215088015497e+08 9.999809538710726642e-01 0.000000000000000000e+00
1.412713992491699457e+08 9.999804660986962856e-01 0.000000000000000000e+00
1.479635522875908911e+08 9.999800426222479333e-01 0.000000000000000000e+00
1.549727186247239113e+08 9.999797023160368337e-01 0.000000000000000000e+00
1.623139154651940763e+08 9.999794660209263553e-01 0.000000000000000000e+00
1.700028713920943439e+08 9.999793625698282229e-01 0.000000000000000000e+00
1.780560600656225383e+08 9.999794294346091572e-01 0.000000000000000000e+00
1.864907355180533528e+08 9.999797069418392415e-01 0.000000000000000000e+00
1.953249691206615865e+08 9.999802408691883526e-01 5.616930161345047214e-28
2.045776883018089235e+08 9.999810916781072256e-01 8.362952686581894543e-28
2.142687170991337895e+08 9.999823359332538075e-01 0.000000000000000000e+00
2.244188186327397525e+08 9.999840615597171967e-01 0.000000000000000000e+00
2.350497395903712809e+08 9.999863742383408027e-01 2.429046751060421043e-26
2.461842568199017346e+08 9.999894009047981536e-01 3.930920264445184337e-26
2.578462261289400160e+08 9.999932927598528254e-01 0.000000000000000000e+00
2.700606333961229920e+08 9.999982381321317337e-01 0.000000000000000000e+00
2.828536481035947800e+08 1.000004472929072463e+00 1.136210928482465694e-24
2.962526794053691626e+08 1.000012268110141100e+00 2.925085138011127757e-24
3.102864348516941667e+08 1.000021942940978015e+00 5.235927878745334763e-24
3.249849818952549100e+08 1.000033893234466564e+00 1.098677853453059233e-22
3.403798123109682798e+08 1.000048605781686861e+00 1.159984243712560353e-21
3.565039096674089432e+08 1.000066656914944119e+00 9.335005781143071538e-21
3.733918199944082499e+08 1.000088741887068089e+00 6.963199678402124871e-20
3.910797257982562184e+08 1.000115703101335018e+00 4.846965620496384737e-19
4.096055235830545425e+08 1.000148569670572529e+00 3.097711552687011694e-18
4.290089050443339944e+08 1.000188586450637462e+00 1.825465867720706815e-17
4.493314421088839173e+08 1.000237282546331929e+00 9.968031910015541629e-17
4.706166760029976964e+08 1.000296531039935211e+00 5.064952324303834363e-16
4.929102105399506092e+08 1.000368663618089515e+00 2.401682628398388256e-15
5.162598098266089559e+08 1.000456579499630738e+00 1.065699734364554387e-14
5.407155005984696150e+08 1.000563954893002983e+00 4.441545241619493564e-14
5.663296794024143219e+08 1.000695454209984403e+00 1.742777180679189650e-13
5.931572248567932844e+08 1.000857107879325580e+00 6.461324779855597964e-13
6.212556152293941975e+08 1.001056713293560829e+00 2.267957676054142970e-12
6.506850515851603746e+08 1.001304472512183352e+00 7.562987086535484992e-12
6.815085867675396204e+08 1.001613814621380882e+00 2.400455244317059061e-11
7.137922604897956848e+08 1.002002459608583473e+00 7.274685925458023683e-11
7.476052408257019520e+08 1.002493864771092813e+00 2.108457421460672346e-10
7.830199724028053284e+08 1.003119039032836390e+00 5.860898259272942155e-10
8.201123316157089472e+08 1.003918985017556498e+00 1.564703352515806778e-09
8.589617891919622421e+08 1.004947761507269055e+00 4.021592103519350152e-09
8.996515804588438272e+08 1.006276399739000960e+00 9.962557840864953267e-09
9.422688836758164167e+08 1.007997957648230081e+00 2.383362454196101094e-08
9.869050068147871494e+08 1.010233414784200701e+00 5.511344031423015184e-08
1.033655583188279390e+09 1.013139639944685255e+00 1.233789089350444810e-07
1.082620776344705820e+09 1.016918792098838953e+00 2.675834089204598965e-07
1.133905494669714689e+09 1.021830395204110564e+00 5.629363331252506786e-07
1.187619616153371811e+09 1.028205201713513706e+00 1.149577156237484859e-06
1.243878223804812670e+09 1.036463092763994842e+00 2.281369505918241847e-06
1.302801852218650818e+09 1.047134225896702464e+00 4.402970827142178902e-06
1.364516745821486712e+09 1.060885204289210737e+00 8.273784776974489518e-06
1.429155129351755381e+09 1.078550532950953711e+00 1.515228387068019700e-05
1.496855491152500153e+09 1.101167673328099061e+00 2.708095162487489382e-05
1.567762879883925438e+09 1.130026718976826050e+00 4.729205517741382668e-05
1.642029215291518450e+09 1.166722449530772199e+00 8.082805198836687818e-05
1.719813613695526361e+09 1.213219309185382677e+00 1.354069302750366343e-04
1.801282728899175167e+09 1.271934394651839328e+00 2.227688757935207997e-04
1.886611109245975256e+09 1.345828608100348101e+00 3.605556080953373557e-04
1.975981571591228724e+09 1.438530583927342565e+00 5.752917030855923689e-04
2.069585592988827705e+09 1.554465747290864730e+00 9.065836491361392406e-04
2.167623720932655334e+09 1.699036876676164098e+00 1.413794605164295096e-03
2.270306003031436920e+09 1.878828996363401727e+00 2.185456889193181877e-03
2.377852437037762642e+09 2.101858910085389276e+00 3.353956531720309660e-03
2.490493442195304871e+09 2.377889713515095593e+00 5.116047029319050095e-03
2.608470352914214611e+09 2.718807685687942843e+00 7.763914402514332860e-03
2.732035935832361221e+09 3.139081869340801134e+00 1.172800732746980684e-02
2.861454931370234489e+09 3.656324400194360003e+00 1.763979206838147545e-02
2.997004620939734936e+09 4.291995548576259090e+00 2.641715423806809820e-02
3.138975421022267342e+09 5.072219007461980844e+00 3.938543027702175181e-02
3.287671505388730526e+09 6.028915043596987822e+00 5.844181527369571305e-02
3.443411456794701099e+09 7.200961500868907628e+00 8.628073875188400910e-02
3.606528949546919346e+09 8.635835881235662370e+00 1.266966188076760480e-01
3.777373464403704166e+09 1.039154975254678170e+01 1.849937851673786327e-01
3.956311037340701103e+09 1.253915020109409717e+01 2.685358667203809890e-01
4.143725043786407948e+09 1.516528203862982771e+01 3.874625373007631324e-01
4.340017020007625580e+09 1.837635541394146799e+01 5.556676779112666997e-01
4.545607523404695511e+09 2.230264347683155179e+01 7.920572715197280456e-01
4.760937033559601784e+09 2.710370627424927648e+01 1.122211548346342402e+00
4.986466895967714310e+09 3.297583931308305694e+01 1.580603737632545025e+00
5.222680310474769592e+09 4.015957487711148843e+01 2.213407269070073013e+00
5.470083366537114143e+09 4.895111381432955966e+01 3.082279385286672113e+00
5.729206127523020744e+09 5.971418449005487616e+01 4.269133945925899454e+00
6.000603766378561974e+09 7.289742421128843830e+01 5.882540690029855135e+00
6.284857755090764046e+09 8.905177345098140052e+01 8.065630453094021490e+00
6.582577110496818542e+09 1.088585996985415818e+02 1.100702025373887061e+01
6.894399699108365059e+09 1.331561022520033930e+02 1.495392064170702362e+01
7.220993603746511459e+09 1.629809016992407180e+02 2.023015597469520443e+01
7.563058554915418625e+09 1.996113009735101116e+02 2.725816666756761819e+01
7.921327429981652260e+09 2.446292008125975599e+02 3.658859364576549211e+01
8.296567823370694160e+09 2.999889379624314074e+02 4.893685154905330847e+01
8.689583691145269394e+09 3.681099749576451927e+02 6.523139678855616808e+01
9.101217073488599777e+09 4.519880153980167279e+02 8.667463751271499461e+01
9.532349898783620834e+09 5.553330245308544590e+02 1.148211536422293335e+02
9.983905873152660370e+09 6.827450105932836095e+02 1.516778931069764269e+02
1.045685245950651550e+10 8.399290814016432023e+02 1.998320540206905775e+02
1.095220295034280777e+10 1.033963678616273910e+03 2.626136510679242519e+02
1.147101863873471642e+10 1.273637296251331918e+03 3.443054681532109953e+02
1.201441109216115379e+10 1.569859669982099376e+03 4.504040855396521579e+02
1.258354453405078697e+10 1.936203650338473153e+03 5.879653498567636234e+02
1.317963833814153862e+10 2.389528554207305660e+03 7.660242342593160174e+02
1.380396964100008011e+10 2.950810318600593746e+03 9.961513997822880810e+02
1.445787607829922104e+10 3.646145512249745025e+03 1.293140491180429990e+03
1.514275865071468735e+10 4.508030980312132669e+03 1.675905526581984304e+03
1.586008472558225250e+10 5.576919535886700942e+03 2.168581128663294749e+03
1.661139118074601936e+10 6.903236254328410723e+03 2.801967351292928015e+03
1.739828769733362579e+10 8.549774269927091154e+03 3.615302290821211955e+03
1.822246020851322174e+10 1.059487627689305009e+04 4.658618639935624742e+03
1.908567451162081528e+10 1.313616850966530546e+04 5.995558290072777709e+03
1.998978005139805222e+10 1.629551132723026421e+04 7.707135786191564875e+03
2.093671388244474030e+10 2.022488536949835179e+04 9.896294117293038653e+03
2.192850481937620163e+10 2.511409673393311459e+04 1.269392424030822986e+04
2.296727778357814789e+10 3.119994405694257512e+04 1.626612897158760461e+04
2.405525835587034225e+10 3.877840053915168392e+04 2.082392236713237435e+04
2.519477754483444977e+10 4.821882077184236550e+04 2.663476512665027985e+04
2.638827678102181244e+10 5.998296413636241050e+04 3.403810912815204210e+04
2.763831314774128723e+10 7.464741847268390120e+04 4.346380854824762355e+04
2.894756485963434601e+10 9.293357358936248056e+04 5.545678209335645079e+04
3.031883700077460480e+10 1.157424308651822066e+05 7.070650354856747435e+04
3.175506753458745575e+10 1.442010019247919554e+05 9.008653796306523145e+04
3.325933359846393585e+10 1.797173977675304632e+05 1.147010626580479438e+05
3.483485809655603027e+10 2.240545821074866108e+05 1.459474425594803470e+05
3.648501660487985992e+10 2.794154324004729278e+05 1.855906688311904145e+05
3.821334460351841736e+10 3.485570166303465376e+05 2.358635527217454510e+05
4.002354505142093658e+10 4.349254179522364284e+05 2.995838973572152318e+05
4.191949632002719116e+10 5.428362422830970027e+05 3.803123411255916581e+05
4.390526050271486664e+10 6.776835192445869325e+05 4.825391973691633320e+05
4.598509211787198639e+10 8.462207423546374775e+05 6.119355159753253683e+05
4.816344722424354553e+10 1.056889793875687290e+06 7.756475680452621309e+05
5.044499296807847595e+10 1.320260773107932648e+06 9.826936320596660953e+05
5.283461758253464508e+10 1.649546550928699085e+06 1.244429813992432086e+06
5.533744086076338196e+10 2.061293511353447801e+06 1.575175851357526379e+06
5.795882512511563110e+10 2.576182570851958822e+06 1.992950694764748681e+06
6.070438671596701050e+10 3.220100769530554302e+06 2.520453638011487201e+06
6.358000802477999878e+10 4.025400376195095014e+06 3.186228398329920601e+06
6.659185009718277740e+10 5.032575126189407893e+06 4.026229015372152440e+06
6.974636583306761169e+10 6.292221793473092839e+06 5.085629028853721917e+06
7.305031381198823547e+10 7.867643873047569767e+06 6.421220936313604005e+06
7.651077277348162842e+10 9.837918534851277247e+06 8.104314309702868573e+06
8.013515678333279419e+10 1.230196009249925241e+07 1.022457912543622591e+07
8.393123111828080750e+10 1.538328502130760252e+07 1.289450890915681422e+07
8.790712890319580078e+10 1.923629960068270564e+07 1.625532428976901434e+07
9.207136853637718201e+10 2.405373240038119256e+07 2.048404874343214557e+07
9.643287194030070496e+10 3.007630193015538529e+07 2.580276641195976362e+07
1.010009836769212646e+11 3.760431888032591343e+07 3.248961586430633813e+07
1.057854909684846497e+11 4.701305629746281356e+07 4.089332272723687440e+07
1.107966446667433624e+11 5.877038561518056691e+07 5.145020614065302163e+07
1.160451812155009613e+11 7.345765856391866505e+07 6.470435588440219313e+07
