# T[K] Gamma_pTOn[1/s]
# fingerprint_hash: 4fdc559c1b4cbbf9
# fingerprint: {"QED_corrections":true,"T_end_MeV":0.001,"T_start_cosmo_MeV":40.0,"analytic_distortions":false,"delta_xi_nu":0.0,"external_scale_factor":false,"finite_mass_corrections":true,"format_version":2,"incomplete_decoupling":true,"munuOverTnu":0.0,"n_temperature_table":2000,"nevo_file":null,"nevo_file_prefix":"NEVOPRIMAT","nevo_grid_file":null,"nevo_spectral_file":null,"radiative_corrections":true,"sampling_nTOp":200,"spectral_distortions":true,"thermal_corrections":true,"thermal_fingerprint_hash":"c21cbe75255f86fb","y_SZ":0.0}
1.160451812155007198e+07 8.005641953190644568e-61
1.215423456535459310e+07 -3.688413349073618880e-60
1.272999157072523609e+07 -7.481801505654725098e-62
1.333302270244670287e+07 4.031866120661702737e-59
1.396461996037534624e+07 -6.233607504694516801e-59
1.462613654756076634e+07 -2.281842764142495046e-58
1.531898976949623041e+07 1.018266693541183405e-57
1.604466407070890814e+07 7.302081220172027170e-59
1.680471421519609168e+07 -1.127021504274797223e-56
1.760076861752187833e+07 1.696409012190486119e-56
1.843453283171037212e+07 6.499337001607445705e-56
1.930779320541143045e+07 -2.810629708165608225e-55
2.022242070716715232e+07 -3.490432905548599379e-56
2.118037493497940898e+07 3.148918268856549955e-54
2.218370831476723030e+07 -4.613249448147253606e-54
2.323457049770824239e+07 -1.849939773526074904e-53
2.433521296588684618e+07 7.756466892907637866e-53
2.548799385611532256e+07 1.378710413619545889e-53
2.669538301226441562e+07 -8.794083367852876810e-52
2.795996727692684904e+07 1.253579579402755687e-51
2.928445603375167400e+07 5.262133150742839833e-51
3.067168701232454926e+07 -2.140131571016360357e-50
3.212463236802952364e+07 -4.974497451432487981e-51
3.364640504992025346e+07 2.454801493185779994e-49
3.524026547024237365e+07 -3.403669936640387424e-49
3.690962848989710957e+07 -1.495861883035475620e-48
3.865807073481325805e+07 5.903793375773443024e-48
4.048933825890124589e+07 1.702035642154628422e-48
4.240735457000926137e+07 -6.849124617379732355e-47
4.441622903607542068e+07 9.233660996824123105e-47
4.652026568948684633e+07 4.249673317130374652e-46
4.872397244851007313e+07 -1.628297714961616607e-45
5.103207077554742992e+07 -5.623527376735235130e-46
5.344950579291524738e+07 1.910040512534686671e-44
5.598145687781451643e+07 -2.502707093402214081e-44
5.863334875919473916e+07 -1.206597081682525235e-43
6.141086314028744400e+07 4.489998776785050600e-43
6.431995087170767039e+07 1.812548905149651793e-43
6.736684470120808482e+07 -5.323956241031971825e-42
7.055807262739917636e+07 6.776921112268629332e-42
7.390047188604708016e+07 3.423886251686057952e-41
7.740120359891627729e+07 -1.237844362232042970e-40
8.106776811653904617e+07 -5.735104282982555148e-41
8.490802108778786659e+07 1.483221255889817950e-39
8.893019029067637026e+07 -1.833224410316009082e-39
9.314289326045034826e+07 -9.710325695997983243e-39
9.755515575273916125e+07 3.411857184867074835e-38
1.021764310813202858e+08 1.788827095616750016e-38
1.070166203719341457e+08 -4.130015985698424971e-37
1.120860937755381018e+08 4.953721886807718221e-37
1.173957126864527911e+08 2.752404234252319758e-36
1.229568530129994899e+08 -9.401953382380899823e-36
1.287814295504932255e+08 -5.516027082264812745e-36
1.348819215088015497e+08 1.149386719015097667e-34
1.412713992491699457e+08 -1.337055871862633773e-34
1.479635522875908911e+08 -7.797594193703127427e-34
1.549727186247239113e+08 2.590270693871490250e-33
1.623139154651940763e+08 1.685093864039574129e-33
1.700028713920943439e+08 -3.197003520330391122e-32
1.780560600656225383e+08 3.604419881590985137e-32
1.864907355180533528e+08 2.207927108430842652e-31
1.953249691206615865e+08 -7.134567067949617067e-31
2.045776883018089235e+08 -5.106881088345200550e-31
2.142687170991337895e+08 8.890529052007084393e-30
2.244188186327397525e+08 -9.619944663799864817e-30
2.350497395903712809e+08 -6.052170185261788643e-29
2.461842568199017346e+08 2.364058656045853261e-28
2.578462261289400160e+08 8.694110612187472773e-28
2.700606333961229920e+08 8.763541966017127794e-27
2.828536481035947800e+08 1.600520205196773553e-25
2.962526794053691626e+08 1.979085091715468637e-24
3.102864348516941667e+08 2.185856438063998387e-23
3.249849818952549100e+08 2.207827017790627148e-22
3.403798123109682798e+08 2.008445886232694372e-21
3.565039096674089432e+08 1.665055126402976039e-20
3.733918199944082499e+08 1.257397409016219836e-19
3.910797257982562184e+08 8.713734502144513949e-19
4.096055235830545425e+08 5.556811955596554114e-18
4.290089050443339944e+08 3.268866807040888439e-17
4.493314421088839173e+08 1.785524706358695529e-16
4.706166760029976964e+08 9.057648556766660144e-16
4.929102105399506092e+08 4.291351958488343169e-15
5.162598098266089559e+08 1.902722455102513258e-14
5.407155005984696150e+08 7.919001505482644371e-14
5.663296794024143219e+08 3.106190840947516929e-13
5.931572248567932844e+08 1.149985912413142293e-12
6.212556152293941975e+08 4.034710428943324798e-12
6.506850515851603746e+08 1.344002805383361956e-11
6.815085867675396204e+08 4.262701363097047638e-11
7.137922604897956848e+08 1.290756678713361031e-10
7.476052408257019520e+08 3.738250806151939640e-10
7.830199724028053284e+08 1.038289943933129745e-09
8.201123316157089472e+08 2.770255523424064727e-09
8.589617891919622421e+08 7.113963228241879126e-09
8.996515804588438272e+08 1.761389833351346780e-08
9.422688836758164167e+08 4.210358711733452605e-08
9.869050068147871494e+08 9.731344001301554854e-08
1.033655583188279390e+09 2.176903700734118737e-07
1.082620776344705820e+09 4.718756218059332787e-07
1.133905494669714689e+09 9.921268652674042125e-07
1.187619616153371811e+09 2.024993452248602110e-06
1.243878223804812670e+09 4.016500475768517786e-06
1.302801852218650818e+09 7.748308082940504185e-06
1.364516745821486712e+09 1.455354727376873188e-05
1.429155129351755381e+09 2.664419348424658005e-05
1.496855491152500153e+09 4.760170885184168596e-05
1.567762879883925438e+09 8.311101506466320535e-05
1.642029215291518450e+09 1.420122003948612766e-04
1.719813613695526361e+09 2.378827412318622358e-04
1.801282728899175167e+09 3.913297322526943997e-04
1.886611109245975256e+09 6.333956426432146066e-04
1.975981571591228724e+09 1.010712365430668129e-03
2.069585592988827705e+09 1.593024028946073796e-03
2.167623720932655334e+09 2.484775365563849855e-03
2.270306003031436920e+09 3.842053146771264201e-03
2.377852437037762642e+09 5.897844690457368540e-03
2.490493442195304871e+09 8.999197154569215512e-03
2.608470352914214611e+09 1.366043047598258960e-02
2.732035935832361221e+09 2.064057337380721668e-02
2.861454931370234489e+09 3.105149865884190841e-02
2.997004620939734936e+09 4.650974534520020687e-02
3.138975421022267342e+09 6.934902973116294222e-02
3.287671505388730526e+09 1.029093027563445228e-01
3.443411456794701099e+09 1.519332641100873127e-01
3.606528949546919346e+09 2.230947993758360115e-01
3.777373464403704166e+09 3.257268195075483930e-01
3.956311037340701103e+09 4.727809749451410970e-01
4.143725043786407948e+09 6.820832740167001029e-01
4.340017020007625580e+09 9.780606955931551161e-01
4.545607523404695511e+09 1.393952879409929846e+00
4.760937033559601784e+09 1.974701251467737118e+00
4.986466895967714310e+09 2.780919641273339238e+00
5.222680310474769592e+09 3.893671689897178823e+00
5.470083366537114143e+09 5.421359995566182199e+00
5.729206127523020744e+09 7.507782763305853813e+00
6.000603766378561974e+09 1.034370905514769134e+01
6.284857755090764046e+09 1.418050142860544760e+01
6.582577110496818542e+09 1.934948495951531555e+01
6.894399699108365059e+09 2.628454952016512891e+01
7.220993603746511459e+09 3.555457034891431789e+01
7.563058554915418625e+09 4.790096550254415320e+01
7.921327429981652260e+09 6.429071231361535865e+01
8.296567823370694160e+09 8.597974127823091806e+01
8.689583691145269394e+09 1.145979803746881345e+02
9.101217073488599777e+09 1.522567712476990209e+02
9.532349898783620834e+09 2.016834433680213294e+02
9.983905873152660370e+09 2.664026526413781539e+02
1.045685245950651550e+10 3.509534412737056073e+02
1.095220295034280777e+10 4.611827783954177562e+02
1.147101863873471642e+10 6.046067661031976286e+02
1.201441109216115379e+10 7.908712465610798290e+02
1.258354453405078697e+10 1.032360730859461682e+03
1.317963833814153862e+10 1.344932086970201226e+03
1.380396964100008011e+10 1.748889459062612104e+03
1.445787607829922104e+10 2.270203876792758820e+03
1.514275865071468735e+10 2.942049809011369689e+03
1.586008472558225250e+10 3.806798425580293042e+03
1.661139118074601936e+10 4.918482202533695272e+03
1.739828769733362579e+10 6.345985424533403602e+03
1.822246020851322174e+10 8.177077512490004665e+03
1.908567451162081528e+10 1.052347897082569762e+04
1.998978005139805222e+10 1.352732044380894877e+04
2.093671388244474030e+10 1.736926560300145866e+04
2.192850481937620163e+10 2.227896644433136680e+04
2.296727778357814789e+10 2.854799413887460469e+04
2.405525835587034225e+10 3.654650256712648115e+04
2.519477754483444977e+10 4.674398980821239093e+04
2.638827678102181244e+10 5.973559761227633135e+04
2.763831314774128723e+10 7.627622764194724732e+04
2.894756485963434601e+10 9.732157633889043063e+04
3.031883700077460480e+10 1.240820618173261610e+05
3.175506753458745575e+10 1.580901538607435650e+05
3.325933359846393585e+10 2.012833697168036888e+05
3.483485809655603027e+10 2.561139354923104693e+05
3.648501660487985992e+10 3.256797515964834602e+05
3.821334460351841736e+10 4.138960483473706990e+05
4.002354505142093658e+10 5.257116940214440692e+05
4.191949632002719116e+10 6.673701111516392557e+05
4.390526050271486664e+10 8.467564298588605598e+05
4.598509211787198639e+10 1.073814911237187916e+06
4.816344722424354553e+10 1.361091470465298509e+06
5.044499296807847595e+10 1.724408434552635066e+06
5.283461758253464508e+10 2.183691710437428206e+06
5.533744086076338196e+10 2.764067830396769568e+06
5.795882512511563110e+10 3.497159539275262505e+06
6.070438671596701050e+10 4.422792151710153557e+06
6.358000802477999878e+10 5.591095702501830645e+06
6.659185009718277740e+10 7.065079422182768583e+06
6.974636583306761169e+10 8.924061911795804277e+06
7.305031381198823547e+10 1.126766413389210403e+07
7.651077277348162842e+10 1.422111467846250907e+07
8.013515678333279419e+10 1.794173073108934611e+07
8.393123111828080750e+10 2.262680899623272195e+07
8.790712890319580078e+10 2.852415231269872561e+07
9.207136853637718201e+10 3.594446208748317510e+07
9.643287194030070496e+10 4.527757148154111207e+07
1.010009836769212646e+11 5.701160295734912902e+07
1.057854909684846497e+11 7.175752025657680631e+07
1.107966446667433624e+11 9.028198162751652300e+07
1.160451812155009613e+11 1.135404275226244926e+08
