# T[K] Gamma_nTOp[1/tau_n] Gamma_pTOn[1/tau_n]
# fingerprint_hash: fae0ab47ebf59a57
# fingerprint: {"QED_corrections":true,"T_end_MeV":0.001,"T_start_cosmo_MeV":40.0,"analytic_distortions":false,"delta_xi_nu":0.0,"finite_mass_corrections":true,"format_version":1,"incomplete_decoupling":true,"munuOverTnu":-0.04,"nevo_file":null,"nevo_file_prefix":"NEVOPRIMAT","nevo_spectral_file":null,"radiative_corrections":true,"sampling_nTOp_per_decade":80,"spectral_distortions":true,"y_SZ":0.0}
1.160451812155007198e+07 9.999972317661737220e-01 0.000000000000000000e+00
1.194445382843508385e+07 9.999971855435214607e-01 0.000000000000000000e+00
1.229434740548801981e+07 9.999971378210017470e-01 0.000000000000000000e+00
1.265449055251050368e+07 9.999970885599237524e-01 0.000000000000000000e+00
1.302518351418111660e+07 9.999970377203003524e-01 0.000000000000000000e+00
1.340673533036361635e+07 9.999969852608099341e-01 0.000000000000000000e+00
1.379946409374797717e+07 9.999969311387607585e-01 0.000000000000000000e+00
1.420369721503815055e+07 9.999968753100523244e-01 0.000000000000000000e+00
1.461977169590851478e+07 9.999968177291362892e-01 0.000000000000000000e+00
1.504803440995584987e+07 9.999967583489769440e-01 0.000000000000000000e+00
1.548884239188134670e+07 9.999966971210112465e-01 0.000000000000000000e+00
1.594256313514404185e+07 9.999966339951069649e-01 0.000000000000000000e+00
1.640957489833307080e+07 9.999965689195207119e-01 0.000000000000000000e+00
1.689026702051510662e+07 9.999965018408538686e-01 0.000000000000000000e+00
1.738504024581887946e+07 9.999964327040080647e-01 0.000000000000000000e+00
1.789430705752837285e+07 9.999963614521389932e-01 0.000000000000000000e+00
1.841849202196240798e+07 9.999962880266096699e-01 0.000000000000000000e+00
1.895803214242760837e+07 9.999962123669413616e-01 0.000000000000000000e+00
1.951337722354025394e+07 9.999961344107632932e-01 0.000000000000000000e+00
2.008499024621973559e+07 9.999960540937609110e-01 0.000000000000000000e+00
2.067334775366751477e+07 9.999959713496230362e-01 0.000000000000000000e+00
2.127894024865204096e+07 9.999958861099846885e-01 0.000000000000000000e+00
2.190227260243212804e+07 9.999957983043717968e-01 0.000000000000000000e+00
2.254386447565865889e+07 9.999957078601395821e-01 0.000000000000000000e+00
2.320425075160592049e+07 9.999956147024094966e-01 0.000000000000000000e+00
2.388398198209420219e+07 9.999955187540034984e-01 0.000000000000000000e+00
2.458362484647430480e+07 9.999954199353713324e-01 0.000000000000000000e+00
2.530376262405800447e+07 9.999953181645147016e-01 0.000000000000000000e+00
2.604499568038682267e+07 9.999952133569021129e-01 0.000000000000000000e+00
2.680794196774604172e+07 9.999951054253750637e-01 0.000000000000000000e+00
2.759323754033992812e+07 9.999949942800412384e-01 0.000000000000000000e+00
2.840153708455819264e+07 9.999948798281539375e-01 0.000000000000000000e+00
2.923351446477630734e+07 9.999947619739699700e-01 0.000000000000000000e+00
3.008986328514331579e+07 9.999946406185844516e-01 0.000000000000000000e+00
3.097129746782724559e+07 9.999945156597362939e-01 0.000000000000000000e+00
3.187855184819832072e+07 9.999943869915767225e-01 0.000000000000000000e+00
3.281238278744807094e+07 9.999942545043982722e-01 0.000000000000000000e+00
3.377356880315344781e+07 9.999941180843133770e-01 0.000000000000000000e+00
3.476291121831235290e+07 9.999939776128801139e-01 0.000000000000000000e+00
3.578123482939223200e+07 9.999938329666669956e-01 0.000000000000000000e+00
3.682938859394711256e+07 9.999936840167555907e-01 0.000000000000000000e+00
3.790824633837836981e+07 9.999935306281757530e-01 0.000000000000000000e+00
3.901870748642701656e+07 9.999933726592779015e-01 0.000000000000000000e+00
4.016169780900728703e+07 9.999932099610427949e-01 0.000000000000000000e+00
4.133817019600404054e+07 9.999930423763409015e-01 0.000000000000000000e+00
4.254910545068005472e+07 9.999928697391498034e-01 0.000000000000000000e+00
4.379551310735325515e+07 9.999926918737543913e-01 0.000000000000000000e+00
4.507843227302657813e+07 9.999925085939462832e-01 0.000000000000000000e+00
4.639893249367284775e+07 9.999923197022564381e-01 0.000000000000000000e+00
4.775811464589476585e+07 9.999921249892527175e-01 0.000000000000000000e+00
4.915711185470598191e+07 9.999919242329420310e-01 0.000000000000000000e+00
5.059709043819620460e+07 9.999917171983171427e-01 0.000000000000000000e+00
5.207925087986870110e+07 9.999915036370942145e-01 0.000000000000000000e+00
5.360482882946188748e+07 9.999912832876849400e-01 0.000000000000000000e+00
5.517509613308683038e+07 9.999910558754455669e-01 0.000000000000000000e+00
5.679136189354267716e+07 9.999908211132496616e-01 0.000000000000000000e+00
5.845497356169053912e+07 9.999905787024138126e-01 0.000000000000000000e+00
6.016731805979927629e+07 9.999903283340159099e-01 0.000000000000000000e+00
6.192982293779598922e+07 9.999900696906253161e-01 0.000000000000000000e+00
6.374395756338880956e+07 9.999898024484665804e-01 0.000000000000000000e+00
6.561123434705124050e+07 9.999895262800224671e-01 0.000000000000000000e+00
6.753321000289034843e+07 9.999892408570815183e-01 0.000000000000000000e+00
6.951148684645150602e+07 9.999889458542242648e-01 0.000000000000000000e+00
7.154771413053803146e+07 9.999886409527388720e-01 0.000000000000000000e+00
7.364358942016379535e+07 9.999883258449517864e-01 0.000000000000000000e+00
7.580086000778134167e+07 9.999880002389603950e-01 0.000000000000000000e+00
7.802132436996677518e+07 9.999876638637533732e-01 0.000000000000000000e+00
8.030683366677752137e+07 9.999873164747080656e-01 0.000000000000000000e+00
8.265929328502891958e+07 9.999869578594636765e-01 0.000000000000000000e+00
8.508066442678131163e+07 9.999865878441714928e-01 0.000000000000000000e+00
8.757296574435649812e+07 9.999862063001420109e-01 0.000000000000000000e+00
9.013827502325230837e+07 9.999858131509120618e-01 0.000000000000000000e+00
9.277873091435243189e+07 9.999854083797766746e-01 0.000000000000000000e+00
9.549653471688136458e+07 9.999849920378390822e-01 0.000000000000000000e+00
9.829395221358637512e+07 9.999845642526534739e-01 0.000000000000000000e+00
1.011733155596781969e+08 9.999841252375463174e-01 0.000000000000000000e+00
1.041370252271060497e+08 9.999836753017243840e-01 0.000000000000000000e+00
1.071875520057871491e+08 9.999832148612955995e-01 0.000000000000000000e+00
1.103274390634579509e+08 9.999827444513474939e-01 0.000000000000000000e+00
1.135593040658666492e+08 9.999822647392573316e-01 0.000000000000000000e+00
1.168858413590708673e+08 9.999817765394277691e-01 0.000000000000000000e+00
1.203098242156668752e+08 9.999812808296820732e-01 0.000000000000000000e+00
1.238341071468138248e+08 9.999807787695801364e-01 0.000000000000000000e+00
1.274616282819872946e+08 9.999802717209663738e-01 0.000000000000000000e+00
1.311954118184435666e+08 9.999797612711041062e-01 0.000000000000000000e+00
1.350385705424373746e+08 9.999792492588069903e-01 0.000000000000000000e+00
1.389943084242920876e+08 9.999787378040445596e-01 0.000000000000000000e+00
1.430659232894937396e+08 9.999782293415636625e-01 0.000000000000000000e+00
1.472568095680249631e+08 9.999777266591484137e-01 0.000000000000000000e+00
1.515704611242395937e+08 9.999772329412279781e-01 0.000000000000000000e+00
1.560104741696303487e+08 9.999767518186295501e-01 0.000000000000000000e+00
1.605805502609273791e+08 9.999762874253852463e-01 0.000000000000000000e+00
1.652844993860153258e+08 9.999758416262380933e-01 0.000000000000000000e+00
1.701262431402502060e+08 9.999754254939975384e-01 0.000000000000000000e+00
1.751098179958217144e+08 9.999750419733852702e-01 0.000000000000000000e+00
1.802393786668825150e+08 9.999746983580543036e-01 0.000000000000000000e+00
1.855192015732608140e+08 9.999744022866990933e-01 0.000000000000000000e+00
1.909536884056296647e+08 9.999741627928498966e-01 0.000000000000000000e+00
1.965473697951165140e+08 9.999739896920706306e-01 0.000000000000000000e+00
2.023049090904033780e+08 9.999738945758056552e-01 0.000000000000000000e+00
2.082311062454790771e+08 9.999738907220517836e-01 0.000000000000000000e+00
2.143309018212690055e+08 9.999739922826249572e-01 0.000000000000000000e+00
2.206093811044900417e+08 9.999742163702284303e-01 0.000000000000000000e+00
2.270717783471610248e+08 9.999745821710246396e-01 0.000000000000000000e+00
2.337234811302981079e+08 9.999751104226062282e-01 0.000000000000000000e+00
2.405700348554467559e+08 9.999758265486028419e-01 0.000000000000000000e+00
2.476171473677769899e+08 9.999767566745147995e-01 0.000000000000000000e+00
2.548706937146100700e+08 9.999779345672622499e-01 2.063049218141294524e-28
2.623367210433326662e+08 9.999793933200695761e-01 1.191884106209425635e-27
2.700214536427979469e+08 9.999811743895394844e-01 6.563046363278305715e-27
2.779312981323959827e+08 9.999833232532741034e-01 3.449174016908404105e-26
2.860728488031346798e+08 9.999858912687206169e-01 1.732862721452382098e-25
2.944528931151782870e+08 9.999889368868080108e-01 8.327849219959397883e-25
3.030784173564286828e+08 9.999925262602630260e-01 3.835190619040194972e-24
3.119566124668592215e+08 9.999967335507317090e-01 1.693853141914830785e-23
3.210948800334758162e+08 1.000001644027965542e+00 7.185389013376835644e-23
3.305008384608782530e+08 1.000007353064983118e+00 2.930651608850374017e-22
3.401823293225855827e+08 1.000013967514466140e+00 1.150436431018327999e-21
3.501474238984055519e+08 1.000021610509847392e+00 4.351175958846794318e-21
3.604044299033194184e+08 1.000030421890961252e+00 1.587249987161222474e-20
3.709618984134646654e+08 1.000040552255069493e+00 5.590472643425501496e-20
3.818286309950104952e+08 1.000052185470326593e+00 1.903044138693686457e-19
3.930136870418622494e+08 1.000065518255428110e+00 6.266937588915418601e-19
4.045263913283039927e+08 1.000080776980995623e+00 1.998352820797174401e-18
4.163763417829000354e+08 1.000098223788750129e+00 6.175778903965389341e-18
4.285734174901039600e+08 1.000118148298633214e+00 1.851375025611820110e-17
4.411277869262718558e+08 1.000140889211608153e+00 5.388314627799917611e-17
4.540499164369260669e+08 1.000166827473918385e+00 1.523812997052150655e-16
4.673505789623640776e+08 1.000196400797886964e+00 4.190665146452552759e-16
4.810408630188527703e+08 1.000230119562909747e+00 1.121644453731213284e-15
4.951321819429209232e+08 1.000268557683097415e+00 2.924059891958642280e-15
5.096362834064487815e+08 1.000312392577615395e+00 7.430344548523150552e-15
5.245652592104764581e+08 1.000362410273214486e+00 1.841839183842277790e-14
5.399315553659272194e+08 1.000419519284856396e+00 4.456872765926273530e-14
5.557479824696080685e+08 1.000484791595119827e+00 1.053555797403140637e-13
5.720277263841720819e+08 1.000559476470719522e+00 2.434661678383213846e-13
5.887843592309185266e+08 1.000645064728832079e+00 5.503963965120281565e-13
6.060318507046331167e+08 1.000743299216253490e+00 1.218036853193205675e-12
6.237845797198551893e+08 1.000856248980440899e+00 2.640463345472903268e-12
6.420573463983147144e+08 1.000986405531308465e+00 5.610665149958187787e-12
6.608653844075227976e+08 1.001136706002510479e+00 1.169349284567108650e-11
6.802243736607878208e+08 1.001310644192167754e+00 2.391836094082620393e-11
7.001504533892848492e+08 1.001512435099527698e+00 4.804281621081996194e-11
7.206602355970234871e+08 1.001747057023442355e+00 9.481681566042108368e-11
7.417708189099742174e+08 1.002020489399406467e+00 1.839659373196248758e-10
7.634998028308640718e+08 1.002339887374278593e+00 3.510892313657275695e-10
7.858653024115747213e+08 1.002713837165726929e+00 6.594101474604314909e-10
8.088859633553140163e+08 1.003152427205902697e+00 1.219387625834505434e-09
8.325809775611968040e+08 1.003667773823706089e+00 2.221123919335547700e-09
8.569700991241761446e+08 1.004274291512287975e+00 3.986904880650968166e-09
8.820736608036700487e+08 1.004989199824756652e+00 7.055281407670911205e-09
9.079125909745934010e+08 1.005832586228383674e+00 1.231266294085941607e-08
9.345084310749771595e+08 1.006828496489802882e+00 2.119826770622684022e-08
9.618833535646533966e+08 1.008005396839927847e+00 3.601762264401116436e-08
9.900601804100320339e+08 1.009396387230306225e+00 6.040930415682093662e-08
1.019062402110335708e+09 1.011040902029125110e+00 1.000461104550200741e-07
1.048914197281219006e+09 1.012984857265848859e+00 1.636486407639756522e-07
1.079640452812016487e+09 1.015282040761051885e+00 2.644505390200683401e-07
1.111266784613485813e+09 1.017995583889814704e+00 4.222823586241051755e-07
1.143819558973324299e+09 1.021198579048546939e+00 6.664695508292840803e-07
1.177325914537234783e+09 1.024976480547377999e+00 1.039863872681775349e-06
1.211813784933942080e+09 1.029428297995855335e+00 1.604298892325136181e-06
1.247311922062922478e+09 1.034668696509969399e+00 2.447955626649417487e-06
1.283849920064341068e+09 1.040830351903488271e+00 3.695162803044561198e-06
1.321458239991118431e+09 1.048066318537982822e+00 5.519211650946517116e-06
1.360168235203776360e+09 1.056552970517209644e+00 8.159164324965507791e-06
1.400012177509135485e+09 1.066493944637469271e+00 1.194148488484862171e-05
1.441023284064728022e+09 1.078119864475955758e+00 1.730744362001524991e-05
1.483235745071326971e+09 1.091699843407920589e+00 2.484929401332186958e-05
1.526684752276691675e+09 1.107536320265887886e+00 3.535321125863947995e-05
1.571406528314249754e+09 1.125981114960226348e+00 4.985921099681887158e-05
1.617438356901275635e+09 1.147430436946971000e+00 6.972967907143677341e-05
1.664818613921616554e+09 1.172338032093158899e+00 9.674314947123816705e-05
1.713586799418937206e+09 1.201222343817688332e+00 1.332111101082733247e-04
1.763783570527214289e+09 1.234664866533341510e+00 1.821198476608126176e-04
1.815450775365811586e+09 1.273343567460857972e+00 2.473357986000849899e-04
1.868631487927488089e+09 1.318001146090358455e+00 3.338218016543919447e-04
1.923370043988390207e+09 1.369509561917850560e+00 4.479881420354212061e-04
1.979712078069975138e+09 1.428831402741518763e+00 5.980532615499249216e-04
2.037704561483635664e+09 1.497076970057084067e+00 7.946063572136845233e-04
2.097395841489860296e+09 1.575487382682037696e+00 1.051235902882002859e-03
2.158835681604428291e+09 1.665482092022142702e+00 1.385430318092799708e-03
2.222075303085304260e+09 1.768649914783993804e+00 1.819638256151833410e-03
2.287167427634904385e+09 1.886806706902637298e+00 2.382721917633174279e-03
2.354166321353172302e+09 2.021980079845663969e+00 3.111685236169904265e-03
2.423127839978229046e+09 2.176504904542511110e+00 4.054060286295793451e-03
2.494109475452268600e+09 2.352954416404720472e+00 5.270534313146670383e-03
2.567170403851538181e+09 2.554332313127218423e+00 6.838960334739341979e-03
2.642371534720295429e+09 2.783897825780705659e+00 8.858100790369751246e-03
2.719775561850031853e+09 3.045501292890442357e+00 1.145428669037210079e-02
2.799447015546083927e+09 3.343354805412279251e+00 1.478711769067799636e-02
2.881452316425378323e+09 3.682296033178769967e+00 1.905883611012001294e-02
2.965859830790022850e+09 4.067823913591122498e+00 2.452482125298387217e-02
3.052739927623100281e+09 4.505990919774917280e+00 3.150454792054537684e-02
3.142165037253938198e+09 5.003893663723843588e+00 4.040069248763578091e-02
3.234209711741948128e+09 5.569425392413291931e+00 5.171492139569475871e-02
3.328950687029297352e+09 6.211414268791399351e+00 6.607021946642395449e-02
3.426466946914258480e+09 6.940126025345226601e+00 8.424347295754991416e-02
3.526839788898484230e+09 7.767022137942021232e+00 1.071940548802270826e-01
3.630152891963314533e+09 8.704946344275585446e+00 1.361010681978543080e-01
3.736492386331355095e+09 9.768778888323685905e+00 1.724227295640852753e-01
3.845946925271603107e+09 1.097524148523521070e+01 2.179439058428553067e-01
3.958607759008128166e+09 1.234314379855542043e+01 2.748429196718634726e-01
4.074568810793635368e+09 1.389396427435540105e+01 3.457811586844223295e-01
4.193926755211558819e+09 1.565219610299580921e+01 4.340010396304844198e-01
4.316781098771873474e+09 1.764548652824812081e+01 5.434355461993142233e-01
4.443234262867848396e+09 1.990505705916710610e+01 6.788371413151156331e-01
4.573391669162797928e+09 2.246662842914173908e+01 8.459621839257422948e-01
4.707361827478274345e+09 2.537079036069922466e+01 1.051756843640146322e+00
4.845256426256653786e+09 2.866360245894175307e+01 1.304576301118116177e+00
4.987190425673658371e+09 3.239728884508840423e+01 1.614454115343924245e+00
5.133282153478646278e+09 3.663105432138499395e+01 1.993405607698191417e+00
5.283653403642189980e+09 4.143284683768879972e+01 2.455865641581977954e+00
5.438429537893475533e+09 4.687958209213956451e+01 3.019064959952291183e+00
5.597739590232056618e+09 5.305881097707425198e+01 3.703573098862439128e+00
5.761716374501134872e+09 6.007020316172010155e+01 4.533903463622385388e+00
5.930496595111913681e+09 6.802665817793059944e+01 5.539181122754722075e+00
6.104220961011671066e+09 7.705784240882408653e+01 6.754143278283128105e+00
6.283034302990117073e+09 8.731096107176477972e+01 8.219981721631624438e+00
6.467085694422193527e+09 9.895368323837791991e+01 9.985552582706112901e+00
6.656528575547679901e+09 1.121771329022782595e+02 1.210873307062448134e+01
6.851520881391641617e+09 1.271992314336050498e+02 1.465801618293745001e+01
7.052225173431834221e+09 1.442677425081674016e+02 1.771426529240732961e+01
7.258808775123225212e+09 1.636666764492718187e+02 2.137323461395063617e+01
7.471443911392463684e+09 1.857194433838153600e+02 2.574780080120873649e+01
7.690307852218645096e+09 2.107950571106101449e+02 3.097107003172796169e+01
7.915583060419889450e+09 2.393147099887937372e+02 3.719985882129397936e+01
8.147457343769403458e+09 2.717593328690027192e+02 4.461877054003265641e+01
8.386124011567255020e+09 3.086781616010349012e+02 5.344496240199032400e+01
8.631782035798656464e+09 3.506974796099979130e+02 6.393346633153237235e+01
8.884636217013431549e+09 3.985350259735234317e+02 7.638437562837425787e+01
9.144897355064310074e+09 4.530099439179500678e+02 9.114974489185962625e+01
9.412782424846891403e+09 5.150585846729304649e+02 1.086426076458702141e+02
9.688514757187610626e+09 5.857514536765928597e+02 1.293472973499073078e+02
9.972324225030553818e+09 6.663126051797013361e+02 1.538313667978509045e+02
1.026444743507811546e+10 7.581422547925228628e+02 1.827595559088979655e+02
1.056512792504586601e+10 8.628421867821671185e+02 2.169100613880456478e+02
1.087461636669533730e+10 9.822432703929200670e+02 2.571927634701179954e+02
1.119317077481427765e+10 1.118444616042851067e+03 3.046729430987412570e+02
1.152105672231908607e+10 1.273847269511991499e+03 3.605953077376316287e+02
1.185854756165785217e+10 1.451200075423564840e+03 4.264141571016982653e+02
1.220592465269928932e+10 1.653650717222132016e+03 5.038280161047982233e+02
1.256347759729724312e+10 1.884804203983092521e+03 5.948198391843892523e+02
1.293150448072645378e+10 2.148790239572487735e+03 7.017036757884051212e+02
1.331031212019052696e+10 2.450340056712552268e+03 8.271789387779730305e+02
1.370021632061007500e+10 2.794875187036590887e+03 9.743934522270834577e+02
1.410154213790321732e+10 3.188606097403053809e+03 1.147015386715234854e+03
1.451462414997881317e+10 3.638657062304193460e+03 1.349321462542778136e+03
1.493980673566762352e+10 4.153193696246680702e+03 1.586292922557397560e+03
1.537744436182493210e+10 4.741577985196772715e+03 1.863730438343575997e+03
1.582790187884276772e+10 5.414546340613215762e+03 2.188387108121915844e+03
1.629155482481897926e+10 6.184412589170235151e+03 2.568122355676943698e+03
1.676878973863648033e+10 7.065301863510295334e+03 3.012080757191298744e+03
1.726000448221327972e+10 8.073419391373397957e+03 3.530899097864334635e+03
1.776560857219301224e+10 9.227358922643694314e+03 4.136946511412237669e+03
1.828602352135112762e+10 1.054845743960751133e+04 4.844602842517026147e+03
1.882168319000241089e+10 1.206119753516285164e+04 5.670578295110060935e+03
1.937303414770203400e+10 1.379369144364171370e+04 6.634295295990678824e+03
1.994053604554274368e+10 1.577820627762793083e+04 7.758314841589251955e+03
2.052466199935720444e+10 1.805178635414911696e+04 9.068839260664686662e+03
2.112589898414597702e+10 2.065696543536868194e+04 1.059629395559289878e+04
2.174474824005956650e+10 2.364258552850436899e+04 1.237599989350150827e+04
2.238172569027315521e+10 2.706473798131585863e+04 1.444895265310865216e+04
2.303736237110184479e+10 3.098784527993944721e+04 1.686272425027516874e+04
2.371220487471634674e+10 3.548590488716796972e+04 1.967250673595768239e+04
2.440681580482650757e+10 4.064392078949025745e+04 2.294232025870010330e+04
2.512177424571330261e+10 4.655954455625522678e+04 2.674640927840792938e+04
2.585767624500127792e+10 5.334496730917671084e+04 3.117085890565263253e+04
2.661513531057204056e+10 6.112911525339632499e+04 3.631547784113389207e+04
2.739478292203451920e+10 7.006012800052955572e+04 4.229594821063772542e+04
2.819726905717783356e+10 8.030824464818803244e+04 4.924633343315280217e+04
2.902326273384587479e+10 9.206911357609153492e+04 5.732197170331835514e+04
2.987345256768461609e+10 1.055675998559961881e+05 6.670282207972012111e+04
3.074854734622896576e+10 1.210621626370882441e+05 7.759733237538604590e+04
3.164927661980533600e+10 1.388498895587859151e+05 9.024690943549692747e+04
3.257639130974450684e+10 1.592722879762143421e+05 1.049310853537825169e+05
3.353066433441031647e+10 1.827219439647156396e+05 1.219734880813740601e+05
3.451289125356819153e+10 2.096501752172844717e+05 1.417487322427000618e+05
3.552389093162808228e+10 2.405758375962399587e+05 1.646903872668592958e+05
3.656450622031669617e+10 2.760954909693643567e+05 1.913002070063386636e+05
3.763560466134754944e+10 3.168950022491107229e+05 2.221587229320901388e+05
3.873807920967382812e+10 3.637629579563789302e+05 2.579375298098427593e+05
3.987284897792932892e+10 4.176060685072877677e+05 2.994134552930251812e+05
4.104086000267502594e+10 4.794668819933498162e+05 3.474849169980257866e+05
4.224308603309262085e+10 5.505441531955677783e+05 4.031908026694224682e+05
4.348052934278048706e+10 6.322162645416704472e+05 4.677322601622140501e+05
4.475422156533167267e+10 7.260681545276468387e+05 5.424978417401188053e+05
4.606522455438705444e+10 8.339222777254285756e+05 6.290925094555463875e+05
4.741463126888324738e+10 9.578741947179568233e+05 7.293711032847650349e+05
4.880356668423223877e+10 1.100333457940404769e+06 8.454769183241866995e+05
5.023318873019279480e+10 1.264070753516440745e+06 9.798862822880278109e+05
5.170468925621424103e+10 1.452271856330659706e+06 1.135459820046304958e+06
5.321929502506053925e+10 1.668599802038788795e+06 1.315501650684718741e+06
5.477826873553909302e+10 1.917266298280187417e+06 1.523827593543698313e+06
5.638291007518873596e+10 2.203113788639063947e+06 1.764843791139790090e+06
5.803455680380647278e+10 2.531709743157206569e+06 2.043637297933711205e+06
5.973458586871220398e+10 2.909454990091302432e+06 2.366080454489376396e+06
6.148441455268445587e+10 3.343708195713348221e+06 2.738951137616948225e+06
6.328550165552282715e+10 3.842928813252541237e+06 3.170071237087063491e+06
6.513934871022261047e+10 4.416841268329994753e+06 3.668466109826961998e+06
6.704750123477406311e+10 5.076623495201818645e+06 4.244548155017009936e+06
6.901155002063371277e+10 5.835123649708469398e+06 4.910328321858244948e+06
7.103313245893699646e+10 6.707108572633705102e+06 5.679659242392700166e+06
7.311393390556010437e+10 7.709549177762713283e+06 6.568515142868190072e+06
7.525568908617167664e+10 8.861948031088344753e+06 7.595313890205424279e+06
7.746018354244035339e+10 1.018671526234558411e+07 8.781287397643139586e+06
7.972925512060813904e+10 1.170959988913945295e+07 1.015090757945183478e+07
8.206479550366879272e+10 1.346018466455549188e+07 1.173237611116915941e+07
8.446875178842932129e+10 1.547245351779292524e+07 1.355818730274356902e+07
8.694312810876712036e+10 1.778544238526269421e+07 1.566577500879395939e+07
8.948998730644142151e+10 2.044398542092214525e+07 1.809825591471965238e+07
9.211145265084492493e+10 2.349957024951658398e+07 2.090528320315421373e+07
9.480970960913493347e+10 2.701131834845567495e+07 2.414402698122039810e+07
9.758700766821530151e+10 3.104710810750588402e+07 2.788029981861879304e+07
1.004456622100944519e+11 3.568486111026664823e+07 3.218984833111651614e+07
1.033880564421748657e+11 4.101401538085640222e+07 3.715983529853594303e+07
1.064166433840895081e+11 4.713721181077696383e+07 4.289053964539893717e+07
1.095339479127387848e+11 5.417222436837622523e+07 4.949730577639126033e+07
1.127425688672342987e+11 6.225416853323266655e+07 5.711277810682523251e+07
1.160451812155009613e+11 7.153802718737693131e+07 6.588946160648294538e+07
