# T[K] Gamma_nTOp[1/tau_n] Gamma_pTOn[1/tau_n]
# fingerprint_hash: e3575556baf943b6
# fingerprint: {"QED_corrections":true,"T_end_MeV":0.0001,"T_start_cosmo_MeV":40.0,"analytic_distortions":false,"delta_xi_nu":0.0,"finite_mass_corrections":true,"format_version":1,"incomplete_decoupling":true,"munuOverTnu":0.0,"nevo_file":null,"nevo_file_prefix":"NEVOPRIMAT","nevo_spectral_file":null,"radiative_corrections":true,"sampling_nTOp":200,"spectral_distortions":true,"y_SZ":0.0}
1.160451812155007152e+06 9.922425260674078151e-01 0.000000000000000000e+00
1.229568530129994964e+06 9.922453528780441623e-01 0.000000000000000000e+00
1.302801852218650747e+06 9.922464619189156343e-01 0.000000000000000000e+00
1.380396964100005105e+06 9.922455195421968632e-01 0.000000000000000000e+00
1.462613654756076634e+06 9.922439592301269817e-01 0.000000000000000000e+00
1.549727186247239122e+06 9.922439601300626633e-01 0.000000000000000000e+00
1.642029215291518252e+06 9.922452254154237039e-01 0.000000000000000000e+00
1.739828769733365858e+06 9.922472049024719798e-01 0.000000000000000000e+00
1.843453283171037212e+06 9.922491457922094638e-01 0.000000000000000000e+00
1.953249691206615884e+06 9.922498438439855128e-01 0.000000000000000000e+00
2.069585592988827731e+06 9.922502452387159666e-01 0.000000000000000000e+00
2.192850481937615667e+06 9.922519691022275712e-01 0.000000000000000000e+00
2.323457049770824146e+06 9.922550548512683033e-01 0.000000000000000000e+00
2.461842568199017551e+06 9.922594351643708732e-01 0.000000000000000000e+00
2.608470352914214600e+06 9.922635032284343737e-01 0.000000000000000000e+00
2.763831314774134196e+06 9.922644147899361000e-01 0.000000000000000000e+00
2.928445603375167586e+06 9.922645671304685111e-01 0.000000000000000000e+00
3.102864348516942002e+06 9.922685679232042810e-01 0.000000000000000000e+00
3.287671505388730206e+06 9.922755082580083652e-01 0.000000000000000000e+00
3.483485809655596036e+06 9.922831978598725122e-01 0.000000000000000000e+00
3.690962848989710677e+06 9.922918768338481188e-01 0.000000000000000000e+00
3.910797257982561830e+06 9.923019827256555070e-01 0.000000000000000000e+00
4.143725043786407914e+06 9.923132504677755206e-01 0.000000000000000000e+00
4.390526050271477550e+06 9.923250031323311848e-01 0.000000000000000000e+00
4.652026568948685192e+06 9.923377895955646233e-01 0.000000000000000000e+00
4.929102105399506167e+06 9.923527187121724547e-01 0.000000000000000000e+00
5.222680310474769212e+06 9.923709384285221979e-01 0.000000000000000000e+00
5.533744086076326668e+06 9.923945015630635247e-01 0.000000000000000000e+00
5.863334875919474289e+06 9.924226178439438106e-01 0.000000000000000000e+00
6.212556152293941937e+06 9.924527151634944255e-01 0.000000000000000000e+00
6.582577110496818088e+06 9.924868698622503205e-01 0.000000000000000000e+00
6.974636583306746557e+06 9.925296119210946788e-01 0.000000000000000000e+00
7.390047188604707830e+06 9.925804101317220463e-01 0.000000000000000000e+00
7.830199724028053693e+06 9.926363639750145351e-01 0.000000000000000000e+00
8.296567823370694183e+06 9.926995730305978594e-01 0.000000000000000000e+00
8.790712890319561586e+06 9.927744956544735100e-01 0.000000000000000000e+00
9.314289326045034453e+06 9.928614878211179384e-01 0.000000000000000000e+00
9.869050068147871643e+06 9.929590198080072705e-01 0.000000000000000000e+00
1.045685245950651541e+07 9.930693745151319973e-01 0.000000000000000000e+00
1.107966446667431295e+07 9.931967281389568747e-01 0.000000000000000000e+00
1.173957126864525490e+07 9.933432001115760634e-01 0.000000000000000000e+00
1.243878223804812692e+07 9.935107075489466588e-01 0.000000000000000000e+00
1.317963833814148419e+07 9.937001717351119368e-01 0.000000000000000000e+00
1.396461996037534624e+07 9.939098788685771790e-01 0.000000000000000000e+00
1.479635522875905968e+07 9.941430321826710825e-01 0.000000000000000000e+00
1.567762879883925617e+07 9.944051707535834783e-01 0.000000000000000000e+00
1.661139118074601889e+07 9.946973361530746516e-01 0.000000000000000000e+00
1.760076861752187833e+07 9.950160193047754564e-01 0.000000000000000000e+00
1.864907355180533603e+07 9.953625032417925400e-01 0.000000000000000000e+00
1.975981571591228619e+07 9.957366253506612086e-01 0.000000000000000000e+00
2.093671388244465366e+07 9.961377866514556922e-01 0.000000000000000000e+00
2.218370831476723030e+07 9.965598222295281028e-01 0.000000000000000000e+00
2.350497395903712884e+07 9.970001069670788585e-01 0.000000000000000000e+00
2.490493442195304856e+07 9.974500347972681258e-01 0.000000000000000000e+00
2.638827678102181107e+07 9.979032406710722780e-01 0.000000000000000000e+00
2.795996727692684904e+07 9.983437908353545165e-01 0.000000000000000000e+00
2.962526794053691626e+07 9.987616889640140716e-01 0.000000000000000000e+00
3.138975421022267267e+07 9.991385581923045711e-01 0.000000000000000000e+00
3.325933359846379980e+07 9.994615892317780803e-01 0.000000000000000000e+00
3.524026547024237365e+07 9.997133099332069506e-01 0.000000000000000000e+00
3.733918199944082648e+07 9.998834309361223083e-01 0.000000000000000000e+00
3.956311037340700626e+07 9.999735532797290327e-01 0.000000000000000000e+00
4.191949632002719492e+07 9.999905911541198122e-01 0.000000000000000000e+00
4.441622903607542068e+07 9.999949214123715624e-01 0.000000000000000000e+00
4.706166760029976815e+07 9.999926875990406971e-01 0.000000000000000000e+00
4.986466895967714489e+07 9.999913136113384171e-01 0.000000000000000000e+00
5.283461758253442496e+07 9.999912608345787879e-01 0.000000000000000000e+00
5.598145687781451643e+07 9.999910100126557788e-01 0.000000000000000000e+00
5.931572248567932844e+07 9.999904545952338353e-01 0.000000000000000000e+00
6.284857755090764165e+07 9.999899031524397408e-01 0.000000000000000000e+00
6.659185009718278050e+07 9.999893779958152207e-01 0.000000000000000000e+00
7.055807262739917636e+07 9.999888149639807322e-01 0.000000000000000000e+00
7.476052408257019520e+07 9.999882082695751295e-01 0.000000000000000000e+00
7.921327429981651902e+07 9.999875707474376041e-01 0.000000000000000000e+00
8.393123111828047037e+07 9.999869047358712626e-01 0.000000000000000000e+00
8.893019029067637026e+07 9.999862105768939635e-01 0.000000000000000000e+00
9.422688836758163571e+07 9.999854914019518093e-01 0.000000000000000000e+00
9.983905873152659833e+07 9.999847516034205963e-01 0.000000000000000000e+00
1.057854909684846401e+08 9.999839982288472040e-01 0.000000000000000000e+00
1.120860937755381018e+08 9.999832418400336209e-01 0.000000000000000000e+00
1.187619616153371781e+08 9.999824943574990854e-01 0.000000000000000000e+00
1.258354453405078650e+08 9.999817696266882772e-01 4.542906114539229887e-28
1.333302270244670212e+08 9.999810870817917863e-01 1.017585564699269542e-27
1.412713992491699457e+08 9.999804734060651068e-01 0.000000000000000000e+00
1.496855491152499914e+08 9.999799594729905650e-01 0.000000000000000000e+00
1.586008472558225095e+08 9.999795820286625503e-01 2.096912280278952579e-26
1.680471421519609094e+08 9.999793873684866830e-01 5.044886022913806072e-26
1.780560600656225383e+08 9.999794472647580701e-01 0.000000000000000000e+00
1.886611109245975316e+08 9.999798379232576195e-01 0.000000000000000000e+00
1.998978005139805377e+08 9.999806562294666357e-01 9.665983720960451721e-25
2.118037493497941196e+08 9.999820287026991439e-01 2.494582605431033571e-24
2.244188186327397525e+08 9.999841179482465980e-01 0.000000000000000000e+00
2.377852437037762702e+08 9.999871273342018085e-01 0.000000000000000000e+00
2.519477754483445287e+08 9.999913156826618632e-01 4.449298109525829603e-23
2.669538301226441562e+08 9.999970082297691132e-01 1.230539192681491837e-22
2.828536481035947800e+08 1.000004619371842818e+00 0.000000000000000000e+00
2.997004620939735174e+08 1.000014669463246131e+00 0.000000000000000000e+00
3.175506753458745480e+08 1.000027828335428914e+00 2.084974359271642508e-21
3.364640504992038608e+08 1.000044930090352224e+00 6.721536305908592802e-21
3.565039096674089432e+08 1.000067024302438767e+00 0.000000000000000000e+00
3.777373464403703809e+08 1.000095444324798688e+00 7.476777359683127327e-20
4.002354505142093897e+08 1.000131902651591354e+00 1.359558463317370975e-18
4.240735457000926137e+08 1.000178561929716103e+00 1.234500451403614691e-17
4.493314421088857651e+08 1.000238198131534695e+00 1.010405543089290508e-16
4.760937033559601903e+08 1.000314397599043614e+00 7.640185182880955216e-16
5.044499296807847619e+08 1.000411883444177530e+00 5.193833219867527813e-15
5.344950579291546941e+08 1.000536881360862385e+00 3.177893552888558453e-14
5.663296794024143219e+08 1.000697791734127096e+00 1.769398842238449713e-13
6.000603766378562450e+08 1.000906056279263767e+00 9.009391465220244110e-13
6.358000802477999926e+08 1.001177568700668985e+00 4.222948333882662990e-12
6.736684470120807886e+08 1.001534539616017350e+00 1.827909720597680920e-11
7.137922604897956848e+08 1.002008441017027129e+00 7.355278370940788221e-11
7.563058554915418625e+08 1.002643791664469042e+00 2.760106086896402780e-10
8.013515678333278894e+08 1.003503811903000642e+00 9.712709577659618028e-10
8.490802108778821230e+08 1.004677917715925739e+00 3.213161623040156630e-09
8.996515804588438272e+08 1.006292271071654643e+00 1.003784743032762552e-08
9.532349898783620596e+08 1.008523633230627325e+00 2.967281334874571259e-08
1.010009836769212723e+09 1.011617639990457063e+00 8.328037752780635277e-08
1.070166203719341516e+09 1.015913251000657880e+00 2.222451073905131123e-07
1.133905494669714689e+09 1.021874774857193913e+00 5.653999074835030300e-07
1.201441109216115236e+09 1.030131933149942558e+00 1.373036008586268338e-06
1.272999157072523594e+09 1.041533174849554433e+00 3.190084259437511079e-06
1.348819215088021040e+09 1.057212286780889521e+00 7.101519892001508835e-06
1.429155129351755381e+09 1.078674641583015292e+00 1.518414506137014483e-05
1.514275865071468830e+09 1.107901806686189872e+00 3.124713065366037688e-05
1.604466407070890665e+09 1.147489688427623555e+00 6.207381820337840885e-05
1.700028713920943499e+09 1.200818997383078957e+00 1.193678554716545991e-04
1.801282728899175167e+09 1.272275499308166857e+00 2.230135858003365031e-04
1.908567451162081480e+09 1.367520328843455202e+00 4.061928834226733289e-04
2.022242070716715336e+09 1.493834397557757709e+00 7.241520402268186631e-04
2.142687170991346836e+09 1.660572410875948313e+00 1.268171048702501245e-03
2.270306003031436920e+09 1.879710803828276378e+00 2.189528907985711405e-03
2.405525835587034225e+09 2.166585717198175498e+00 3.737466910375031055e-03
2.548799385611532211e+09 2.540796161628392280e+00 6.322406842004790577e-03
2.700606333961229801e+09 3.027419271527496125e+00 1.061371917245257541e-02
2.861454931370234489e+09 3.658519484900906615e+00 1.769566924685055803e-02
3.031883700077460766e+09 4.475067858538323229e+00 2.930137045375134919e-02
3.212463236802952290e+09 5.529612415986264295e+00 4.817257870655139440e-02
3.403798123109696865e+09 6.889512040917431079e+00 7.858729302104947023e-02
3.606528949546919346e+09 8.641015965726435155e+00 1.271373186155903556e-01
3.821334460351841927e+09 1.089502700915772770e+01 2.038592371591656793e-01
4.048933825890124798e+09 1.379423098800137204e+01 3.238645365020750844e-01
4.290089050443339825e+09 1.752189352729114802e+01 5.096426024486453432e-01
4.545607523404695511e+09 2.231484807925273728e+01 7.943864682130519217e-01
4.816344722424354553e+09 2.847779903507674604e+01 1.226578313674773879e+00
5.103207077554742813e+09 3.640533435319193956e+01 1.876572871476945847e+00
5.407155005984718323e+09 4.660700925679613960e+01 2.845617834779894828e+00
5.729206127523020744e+09 5.974275810505839956e+01 4.278533509483489539e+00
6.070438671596701622e+09 7.666862736425031244e+01 6.381332405005668562e+00
6.431995087170766830e+09 9.849399229056490412e+01 9.445221762848717617e+00
6.815085867675395966e+09 1.266616625703032923e+02 1.388039025601907461e+01
7.220993603746511459e+09 1.630478302999247262e+02 2.026181840516395738e+01
7.651077277348163605e+09 2.100926424030432145e+02 2.939198992957480883e+01
8.106776811653904915e+09 2.709787711310332838e+02 4.238806918647414079e+01
8.589617891919657707e+09 3.498563076615593559e+02 6.079922733278868208e+01
9.101217073488599777e+09 4.521435825998140103e+02 8.676811139498941827e+01
9.643287194030069351e+09 5.849174502446020369e+02 1.232487109061487729e+02
1.021764310813202858e+10 7.574424775916262433e+02 1.743079928794443560e+02
1.082620776344705772e+10 9.818386735758492705e+02 2.455266282776429989e+02
1.147101863873471642e+10 1.273988530869089800e+03 3.445531608516001825e+02
1.215423456535461807e+10 1.654703111138026543e+03 4.818403544454808980e+02
1.287814295504937553e+10 2.151310747677370273e+03 6.716652562169898601e+02
1.364516745821486855e+10 2.799670515362698097e+03 9.334740323100913884e+02
1.445787607829922104e+10 3.646917435175795617e+03 1.293743840634353774e+03
1.531898976949626160e+10 4.754984861830140289e+03 1.788430458351953803e+03
1.623139154651940727e+10 6.205411163176603623e+03 2.466357932698429067e+03
1.719813613695526505e+10 8.105462310469234581e+03 3.393666226529819596e+03
1.822246020851322174e+10 1.059647488440588131e+04 4.659959143508524903e+03
1.930779320541147232e+10 1.386457790876251056e+04 6.386340385885173419e+03
2.045776883018097687e+10 1.815532448283513077e+04 8.736532872153364224e+03
2.167623720932655334e+10 2.379237612949204413e+04 1.193138297435507593e+04
2.296727778357814789e+10 3.120310062220837062e+04 1.626893401090933912e+04
2.433521296588684464e+10 4.095121230594129884e+04 2.215047833371841625e+04
2.578462261289400101e+10 5.378159700295051880e+04 3.011672951962708612e+04
2.732035935832360840e+10 7.067745859746666974e+04 4.089453409394202026e+04
2.894756485963434601e+10 9.293901361021971388e+04 5.546174440011247498e+04
3.067168701232455063e+10 1.222834453149757173e+05 7.513098360159975709e+04
3.249849818952562332e+10 1.609826149997444300e+05 1.016659754992512026e+05
3.443411456794701385e+10 2.120382715580412478e+05 1.374309928477522917e+05
3.648501660487985992e+10 2.794233474651513970e+05 1.855984060022181948e+05
3.865807073481326294e+10 3.683888922000782331e+05 2.504154600413801672e+05
4.096055235830545807e+10 4.858880310266947490e+05 3.375746916930984007e+05
4.340017020007625580e+10 6.411123134788969764e+05 4.546881430087827030e+05
4.598509211787198639e+10 8.462308466845867224e+05 6.119454741312745027e+05
4.872397244851007080e+10 1.117332673210279550e+06 8.229566208897727774e+05
5.162598098266110992e+10 1.475726896197242895e+06 1.105919586307995021e+06
5.470083366537113953e+10 1.949584892479184316e+06 1.485113098530875053e+06
5.795882512511563110e+10 2.576201092920108233e+06 1.992961860777427442e+06
6.141086314028744507e+10 3.404874130799403880e+06 2.672675681276787538e+06
6.506850515851603699e+10 4.500868580046300776e+06 3.581895145173221361e+06
6.894399699108364868e+10 5.950430270460941829e+06 4.797343906735961325e+06
7.305031381198823547e+10 7.867663177226141095e+06 6.421229679876493290e+06
7.740120359891659546e+10 1.040329287686200999e+07 8.589436565415758640e+06
8.201123316157122803e+10 1.375665766493209079e+07 1.148278860867628641e+07
8.689583691145268250e+10 1.819091967844943702e+07 1.534138093030068651e+07
9.207136853637718201e+10 2.405373356995875388e+07 2.048411199225614592e+07
9.755515575273915100e+10 3.180372642629649863e+07 2.733383832681278512e+07
1.033655583188279419e+11 4.204689690566410869e+07 3.645202504410514981e+07
1.095220295034285278e+11 5.558190925174365193e+07 4.858204203953997046e+07
1.160451812155009613e+11 7.345766835634846985e+07 6.470443923858682811e+07
