# T[K] Gamma_nTOp[1/tau_n] Gamma_pTOn[1/tau_n]
# fingerprint_hash: 65b1efd0471fc56f
# fingerprint: {"QED_corrections":true,"T_end_MeV":0.001,"T_start_cosmo_MeV":40.0,"analytic_distortions":false,"delta_xi_nu":0.0,"finite_mass_corrections":true,"format_version":1,"incomplete_decoupling":true,"munuOverTnu":0.0,"nevo_file":"NEVOPRIMAT_col_1_7_test_copy.csv","nevo_file_prefix":"NEVOPRIMAT","nevo_spectral_file":null,"radiative_corrections":true,"sampling_nTOp_per_decade":80,"spectral_distortions":true,"y_SZ":0.0}
1.160451812155007198e+07 9.999972324484686093e-01 0.000000000000000000e+00
1.194445382843508385e+07 9.999971862273987488e-01 0.000000000000000000e+00
1.229434740548801981e+07 9.999971385063751717e-01 0.000000000000000000e+00
1.265449055251050368e+07 9.999970892467112682e-01 0.000000000000000000e+00
1.302518351418111660e+07 9.999970384084237995e-01 0.000000000000000000e+00
1.340673533036361635e+07 9.999969859501957048e-01 0.000000000000000000e+00
1.379946409374797717e+07 9.999969318293387976e-01 0.000000000000000000e+00
1.420369721503815055e+07 9.999968760017562408e-01 0.000000000000000000e+00
1.461977169590851478e+07 9.999968184219032441e-01 0.000000000000000000e+00
1.504803440995584987e+07 9.999967590427473185e-01 0.000000000000000000e+00
1.548884239188134670e+07 9.999966978157287523e-01 0.000000000000000000e+00
1.594256313514404185e+07 9.999966346907185333e-01 0.000000000000000000e+00
1.640957489833307080e+07 9.999965696159756057e-01 0.000000000000000000e+00
1.689026702051510662e+07 9.999965025381044592e-01 0.000000000000000000e+00
1.738504024581887946e+07 9.999964334020091661e-01 0.000000000000000000e+00
1.789430705752837285e+07 9.999963621508479727e-01 0.000000000000000000e+00
1.841849202196240798e+07 9.999962887259862265e-01 0.000000000000000000e+00
1.895803214242760837e+07 9.999962130669473037e-01 0.000000000000000000e+00
1.951337722354025394e+07 9.999961351113628716e-01 0.000000000000000000e+00
2.008499024621973559e+07 9.999960547949203749e-01 0.000000000000000000e+00
2.067334775366751477e+07 9.999959720513108552e-01 0.000000000000000000e+00
2.127894024865204096e+07 9.999958868121718858e-01 0.000000000000000000e+00
2.190227260243212804e+07 9.999957990070321712e-01 0.000000000000000000e+00
2.254386447565865889e+07 9.999957085632504850e-01 0.000000000000000000e+00
2.320425075160592049e+07 9.999956154059536084e-01 0.000000000000000000e+00
2.388398198209420219e+07 9.999955194579704942e-01 0.000000000000000000e+00
2.458362484647430480e+07 9.999954206397629886e-01 0.000000000000000000e+00
2.530376262405800447e+07 9.999953188693505579e-01 0.000000000000000000e+00
2.604499568038682267e+07 9.999952140622297980e-01 0.000000000000000000e+00
2.680794196774604172e+07 9.999951061312866152e-01 0.000000000000000000e+00
2.759323754033992812e+07 9.999949949866977494e-01 0.000000000000000000e+00
2.840153708455819264e+07 9.999948805358218618e-01 0.000000000000000000e+00
2.923351446477630734e+07 9.999947626830757441e-01 0.000000000000000000e+00
3.008986328514331579e+07 9.999946413297937653e-01 0.000000000000000000e+00
3.097129746782724559e+07 9.999945163740675547e-01 0.000000000000000000e+00
3.187855184819832072e+07 9.999943877105622603e-01 0.000000000000000000e+00
3.281238278744807094e+07 9.999942552303083820e-01 0.000000000000000000e+00
3.377356880315344781e+07 9.999941188204648501e-01 0.000000000000000000e+00
3.476291121831235290e+07 9.999939783640556801e-01 0.000000000000000000e+00
3.578123482939223200e+07 9.999938337396758747e-01 0.000000000000000000e+00
3.682938859394711256e+07 9.999936848211775642e-01 0.000000000000000000e+00
3.790824633837836981e+07 9.999935314773312767e-01 0.000000000000000000e+00
3.901870748642701656e+07 9.999933735714819916e-01 0.000000000000000000e+00
4.016169780900728703e+07 9.999932109612051923e-01 0.000000000000000000e+00
4.133817019600404054e+07 9.999930434979842353e-01 0.000000000000000000e+00
4.254910545068005472e+07 9.999928710269281318e-01 0.000000000000000000e+00
4.379551310735325515e+07 9.999926933865600498e-01 0.000000000000000000e+00
4.507843227302657813e+07 9.999925104087010741e-01 0.000000000000000000e+00
4.639893249367284775e+07 9.999923219184935208e-01 0.000000000000000000e+00
4.775811464589476585e+07 9.999921277345926729e-01 0.000000000000000000e+00
4.915711185470598191e+07 9.999919276695733439e-01 0.000000000000000000e+00
5.059709043819620460e+07 9.999917215305921259e-01 0.000000000000000000e+00
5.207925087986870110e+07 9.999915091203441797e-01 0.000000000000000000e+00
5.360482882946188748e+07 9.999912902383544244e-01 0.000000000000000000e+00
5.517509613308683038e+07 9.999910646826364324e-01 0.000000000000000000e+00
5.679136189354267716e+07 9.999908322517481185e-01 0.000000000000000000e+00
5.845497356169053912e+07 9.999905927472660938e-01 0.000000000000000000e+00
6.016731805979927629e+07 9.999903459766895653e-01 0.000000000000000000e+00
6.192982293779598922e+07 9.999900917567768888e-01 0.000000000000000000e+00
6.374395756338880956e+07 9.999898299173139993e-01 0.000000000000000000e+00
6.561123434705124050e+07 9.999895603052929571e-01 0.000000000000000000e+00
6.753321000289034843e+07 9.999892827894848457e-01 0.000000000000000000e+00
6.951148684645150602e+07 9.999889972653760450e-01 0.000000000000000000e+00
7.154771413053803146e+07 9.999887036604393487e-01 0.000000000000000000e+00
7.364358942016379535e+07 9.999884019397051738e-01 0.000000000000000000e+00
7.580086000778134167e+07 9.999880921116099941e-01 0.000000000000000000e+00
7.802132436996677518e+07 9.999877742340959053e-01 0.000000000000000000e+00
8.030683366677752137e+07 9.999874484209511083e-01 0.000000000000000000e+00
8.265929328502891958e+07 9.999871148483954197e-01 0.000000000000000000e+00
8.508066442678131163e+07 9.999867737619260177e-01 0.000000000000000000e+00
8.757296574435649812e+07 9.999864254834645028e-01 0.000000000000000000e+00
9.013827502325230837e+07 9.999860704188627825e-01 0.000000000000000000e+00
9.277873091435243189e+07 9.999857090658523795e-01 0.000000000000000000e+00
9.549653471688136458e+07 9.999853420225441880e-01 0.000000000000000000e+00
9.829395221358637512e+07 9.999849699966141259e-01 0.000000000000000000e+00
1.011733155596781969e+08 9.999845938153316682e-01 0.000000000000000000e+00
1.041370252271060497e+08 9.999842144366231089e-01 0.000000000000000000e+00
1.071875520057871491e+08 9.999838329613828236e-01 0.000000000000000000e+00
1.103274390634579509e+08 9.999834506472787821e-01 0.000000000000000000e+00
1.135593040658666492e+08 9.999830689243255355e-01 0.000000000000000000e+00
1.168858413590708673e+08 9.999826894125359855e-01 0.000000000000000000e+00
1.203098242156668752e+08 9.999823139419919960e-01 0.000000000000000000e+00
1.238341071468138248e+08 9.999819445757140990e-01 0.000000000000000000e+00
1.274616282819872946e+08 9.999815836357526244e-01 0.000000000000000000e+00
1.311954118184435666e+08 9.999812337329636591e-01 0.000000000000000000e+00
1.350385705424373746e+08 9.999808978009880889e-01 0.000000000000000000e+00
1.389943084242920876e+08 9.999805791350007134e-01 0.000000000000000000e+00
1.430659232894937396e+08 9.999802814358591529e-01 0.000000000000000000e+00
1.472568095680249631e+08 9.999800088603458814e-01 0.000000000000000000e+00
1.515704611242395937e+08 9.999797660782731024e-01 0.000000000000000000e+00
1.560104741696303487e+08 9.999795583372926844e-01 0.000000000000000000e+00
1.605805502609273791e+08 9.999793915363496266e-01 0.000000000000000000e+00
1.652844993860153258e+08 9.999792694714509933e-01 0.000000000000000000e+00
1.701262431402502060e+08 9.999792053329101815e-01 0.000000000000000000e+00
1.751098179958217144e+08 9.999792043907190786e-01 0.000000000000000000e+00
1.802393786668825150e+08 9.999792764947371682e-01 0.000000000000000000e+00
1.855192015732608140e+08 9.999794320956393312e-01 0.000000000000000000e+00
1.909536884056296647e+08 9.999796833212387659e-01 0.000000000000000000e+00
1.965473697951165140e+08 9.999800433919602272e-01 0.000000000000000000e+00
2.023049090904033780e+08 9.999805276447845115e-01 0.000000000000000000e+00
2.082311062454790771e+08 9.999811534759547316e-01 0.000000000000000000e+00
2.143309018212690055e+08 9.999819395623696927e-01 0.000000000000000000e+00
2.206093811044900417e+08 9.999829079850505176e-01 0.000000000000000000e+00
2.270717783471610248e+08 9.999840833806947771e-01 0.000000000000000000e+00
2.337234811302981079e+08 9.999854924614320906e-01 0.000000000000000000e+00
2.405700348554467559e+08 9.999871671944045026e-01 0.000000000000000000e+00
2.476171473677769899e+08 9.999891408662487935e-01 0.000000000000000000e+00
2.548706937146100700e+08 9.999914550753615794e-01 1.990832470889037966e-28
2.623367210433326662e+08 9.999941514741539361e-01 1.150189907829774874e-27
2.700214536427979469e+08 9.999972808686526937e-01 6.333608219819134356e-27
2.779312981323959827e+08 1.000000898944709338e+00 3.328672559209392053e-26
2.860728488031346798e+08 1.000005068201619274e+00 1.672381146480425700e-25
2.944528931151782870e+08 1.000009859248392807e+00 8.037374101839445544e-25
3.030784173564286828e+08 1.000015351502481886e+00 3.701535757270086094e-24
3.119566124668592215e+08 1.000021633596905657e+00 1.634864288510262957e-23
3.210948800334758162e+08 1.000028806589032371e+00 6.935372430628022523e-23
3.305008384608782530e+08 1.000036983077203567e+00 2.828775812354930757e-22
3.401823293225855827e+08 1.000046288711369913e+00 1.110483183570601914e-21
3.501474238984055519e+08 1.000056867143052752e+00 4.200211792794520623e-21
3.604044299033194184e+08 1.000068880614255917e+00 1.532234497509400125e-20
3.709618984134646654e+08 1.000082504190179744e+00 5.396910141224208241e-20
3.818286309950104952e+08 1.000097948484627297e+00 1.837231944177073253e-19
3.930136870418622494e+08 1.000115439465077527e+00 6.050490127550508730e-19
4.045263913283039927e+08 1.000135235494142849e+00 1.929430465008840463e-18
4.163763417829000354e+08 1.000157633760629716e+00 5.963102480371300843e-18
4.285734174901039600e+08 1.000182962306034762e+00 1.787723292326435661e-17
4.411277869262718558e+08 1.000211601991255694e+00 5.203386438099651885e-17
4.540499164369260669e+08 1.000243980091537255e+00 1.471614334043199900e-16
4.673505789623640776e+08 1.000280585311359438e+00 4.047402789019965800e-16
4.810408630188527703e+08 1.000321984182732660e+00 1.083382625765094287e-15
4.951321819429209232e+08 1.000368812689967024e+00 2.824542664891326378e-15
5.096362834064487815e+08 1.000421817101630584e+00 7.178076233909864404e-15
5.245652592104764581e+08 1.000481859314572120e+00 1.779468510067478978e-14
5.399315553659272194e+08 1.000549932284336530e+00 4.306361587049331158e-14
5.557479824696080685e+08 1.000627202397615934e+00 1.018079165634031397e-13
5.720277263841720819e+08 1.000715023694625616e+00 2.352927172307351852e-13
5.887843592309185266e+08 1.000815004304764555e+00 5.319777444402181341e-13
6.060318507046331167e+08 1.000929018544922666e+00 1.177411807956520416e-12
6.237845797198551893e+08 1.001059283133537647e+00 2.552702243947047610e-12
6.420573463983147144e+08 1.001208455173482115e+00 5.424858136077612959e-12
6.608653844075227976e+08 1.001379659397097166e+00 1.130770210756130723e-11
6.802243736607878208e+08 1.001576601951576162e+00 2.313232322725366446e-11
7.001504533892848492e+08 1.001803734488028397e+00 4.647032535559648198e-11
7.206602355970234871e+08 1.002066304364793492e+00 9.172627080008619030e-11
7.417708189099742174e+08 1.002370596392930802e+00 1.779952218259168162e-10
7.634998028308640718e+08 1.002724112197691753e+00 3.397444747843217408e-10
7.858653024115747213e+08 1.003135828525820727e+00 6.381993022445960678e-10
8.088859633553140163e+08 1.003616277132072687e+00 1.180346555466010624e-09
8.325809775611968040e+08 1.004178074378962338e+00 2.150349432903996902e-09
8.569700991241761446e+08 1.004836205081507172e+00 3.860487169311333864e-09
8.820736608036700487e+08 1.005608532451266690e+00 6.832703133345036377e-09
9.079125909745934010e+08 1.006515868887078780e+00 1.192625072607764229e-08
9.345084310749771595e+08 1.007583083105336064e+00 2.053657948630360346e-08
9.618833535646533966e+08 1.008839581010638531e+00 3.489965702971925741e-08
9.900601804100320339e+08 1.010319495932897826e+00 5.854518671673094295e-08
1.019062402110335708e+09 1.012063462497690747e+00 9.697774738113739563e-08
1.048914197281219006e+09 1.014118726306101115e+00 1.586619105381240938e-07
1.079640452812016487e+09 1.016540575985255046e+00 2.564469932805462005e-07
1.111266784613485813e+09 1.019393852540742884e+00 4.095943798313969903e-07
1.143819558973324299e+09 1.022753541967138746e+00 6.465990616981997969e-07
1.177325914537234783e+09 1.026707253893530236e+00 1.009116860856527304e-06
1.211813784933942080e+09 1.031356403953072931e+00 1.557283793710110363e-06
1.247311922062922478e+09 1.036818381452656368e+00 2.376902925678871475e-06
1.283849920064341068e+09 1.043228900108702728e+00 3.589019037808657895e-06
1.321458239991118431e+09 1.050744443192291655e+00 5.362446718164273528e-06
1.360168235203776360e+09 1.059545229192932148e+00 7.930227233104271352e-06
1.400012177509135485e+09 1.069839224921399934e+00 1.161082819955511001e-05
1.441023284064728022e+09 1.081861890366039081e+00 1.683503810511797244e-05
1.483235745071326971e+09 1.095887839895943072e+00 2.418151495704242915e-05
1.526684752276691675e+09 1.112225586205829231e+00 3.441903332757451593e-05
1.571406528314249754e+09 1.131233916910018067e+00 4.856550794300060138e-05
1.617438356901275635e+09 1.153316777226715661e+00 6.795557394444186816e-05
1.664818613921616554e+09 1.178936645209586853e+00 9.433315836753319145e-05
1.713586799418937206e+09 1.208621913321841657e+00 1.299668101263587601e-04
1.763783570527214289e+09 1.242964974802270195e+00 1.777899869007529884e-04
1.815450775365811586e+09 1.282656576378278679e+00 2.416038207522120274e-04
1.868631487927488089e+09 1.328453314964777032e+00 3.262910537146793350e-04
1.923370043988390207e+09 1.381243293537168126e+00 4.381628035312083377e-04
1.979712078069975138e+09 1.442007034964843282e+00 5.853147768841334949e-04
2.037704561483635664e+09 1.511875295297880228e+00 7.781828506110413310e-04
2.097395841489860296e+09 1.592112059036254079e+00 1.030163027748862842e-03
2.158835681604428291e+09 1.684163023751451327e+00 1.358499270859328881e-03
2.222075303085304260e+09 1.789646301666563799e+00 1.785328463903465643e-03
2.287167427634904385e+09 1.910411240951127132e+00 2.339111052923196262e-03
2.354166321353172302e+09 2.048523238562083737e+00 3.056331111068057767e-03
2.423127839978229046e+09 2.206360210550287082e+00 3.983844175504580760e-03
2.494109475452268600e+09 2.386542965235187275e+00 5.181459424241879712e-03
2.567170403851538181e+09 2.592131210352822013e+00 6.725877720887816352e-03
2.642371534720295429e+09 2.826445745046626712e+00 8.714365942787592745e-03
2.719775561850031853e+09 3.093408229096691553e+00 1.127130189694925018e-02
2.799447015546083927e+09 3.397309645912045983e+00 1.455376066227734820e-02
2.881452316425378323e+09 3.743078796092929483e+00 1.876071014851033239e-02
2.965859830790022850e+09 4.136317982393790338e+00 2.414330939840335366e-02
3.052739927623100281e+09 4.583195763109119802e+00 3.101562969948769288e-02
3.142165037253938198e+09 5.090941569953462142e+00 3.977343682328491475e-02
3.234209711741948128e+09 5.667599142316547933e+00 5.090961411703492923e-02
3.328950687029297352e+09 6.322164767595412016e+00 6.503607679682195386e-02
3.426466946914258480e+09 7.065100527135787623e+00 8.291568284592264193e-02
3.526839788898484230e+09 7.908087661939802615e+00 1.054902590509546323e-01
3.630152891963314533e+09 8.864214781154057476e+00 1.339171193921646630e-01
3.736492386331355095e+09 9.948649731454409562e+00 1.696271699752386342e-01
3.845946925271603107e+09 1.117843630385468678e+01 2.143715483077514583e-01
3.958607759008128166e+09 1.257274726620013361e+01 2.702870623040772302e-01
4.074568810793635368e+09 1.415347543296184973e+01 3.399840253277782165e-01
4.193926755211558819e+09 1.594559036327297186e+01 4.266420435161604741e-01
4.316781098771873474e+09 1.797727553477212226e+01 5.341175791464388700e-01
4.443234262867848396e+09 2.028036100621324422e+01 6.670699908691147817e-01
4.573391669162797928e+09 2.289126024238899504e+01 8.311425789416210241e-01
4.707361827478274345e+09 2.585135921230370926e+01 1.033144059404575765e+00
4.845256426256653786e+09 2.920761794940931821e+01 1.281263825796516542e+00
4.987190425673658371e+09 3.301328296128024675e+01 1.585335779645058008e+00
5.133282153478646278e+09 3.732871613397536947e+01 1.957135743828237961e+00
5.283653403642189980e+09 4.222320532624333822e+01 2.410809204060955668e+00
5.438429537893475533e+09 4.777518061435296204e+01 2.963241097351102749e+00
5.597739590232056618e+09 5.407391624700482424e+01 3.634587603777160059e+00
5.761716374501134872e+09 6.122104489740925715e+01 4.448868754262957026e+00
5.930496595111913681e+09 6.933171166457178458e+01 5.434620567445863415e+00
6.104220961011671066e+09 7.853813728270674233e+01 6.625879771816609143e+00
6.283034302990117073e+09 8.899044481358987468e+01 8.063004925028824488e+00
6.467085694422193527e+09 1.008596351050742754e+02 9.793862447686542794e+00
6.656528575547679901e+09 1.143406305508234340e+02 1.187515647541295039e+01
6.851520881391641617e+09 1.296556754550635731e+02 1.437399285247448333e+01
7.052225173431834221e+09 1.470574860221680638e+02 1.736959113105373831e+01
7.258808775123225212e+09 1.668357330955952591e+02 2.095576170767142443e+01
7.471443911392463684e+09 1.893202802435538956e+02 2.524308833302954369e+01
7.690307852218645096e+09 2.148875214302157985e+02 3.036197103663405628e+01
7.915583060419889450e+09 2.439670822196288498e+02 3.646603691732406105e+01
8.147457343769403458e+09 2.770495310098732489e+02 4.373613372576819103e+01
8.386124011567255020e+09 3.146950936029397212e+02 5.238500639546946047e+01
8.631782035798656464e+09 3.575426774694768710e+02 6.266248525787983681e+01
8.884636217013431549e+09 4.063244382345972667e+02 7.486255665970561779e+01
9.144897355064310074e+09 4.618759842590092148e+02 8.933011179942153035e+01
9.412782424846891403e+09 5.251525482997998324e+02 1.064697670769431284e+02
9.688514757187610626e+09 5.972462274704976153e+02 1.267559893793302450e+02
9.972324225030553818e+09 6.794057886914437177e+02 1.507447682611805249e+02
1.026444743507811546e+10 7.730597299679413936e+02 1.790873021652722059e+02
1.056512792504586601e+10 8.798422731338745280e+02 2.125459173034518869e+02
1.087461636669533730e+10 1.001621393497301256e+03 2.520119369898034734e+02
1.119317077481427765e+10 1.140538675485703152e+03 2.985289497678770658e+02
1.152105672231908607e+10 1.299043939308793824e+03 3.533162645058260409e+02
1.185854756165785217e+10 1.479941873073274792e+03 4.177985177965069283e+02
1.220592465269928932e+10 1.686444171422539739e+03 4.936395836782436959e+02
1.256347759729724312e+10 1.922229229757074336e+03 5.827819555820709638e+02
1.293150448072645378e+10 2.191510901516560807e+03 6.874924556328163590e+02
1.331031212019052696e+10 2.499116884688600294e+03 8.104154099116716452e+02
1.370021632061007500e+10 2.850579426484820488e+03 9.546343634517463670e+02
1.410154213790321732e+10 3.252236050252678069e+03 1.123742519842438469e+03
1.451462414997881317e+10 3.711356677382340877e+03 1.321929279058535712e+03
1.493980673566762352e+10 4.236274146242869392e+03 1.554074100670511598e+03
1.537744436182493210e+10 4.836542447710134184e+03 1.825859057030184886e+03
1.582790187884276772e+10 5.523118357099064269e+03 2.143899152508182397e+03
1.629155482481897926e+10 6.308568715026098289e+03 2.515893032870761544e+03
1.676878973863648033e+10 7.207309198627355727e+03 2.950798135385327441e+03
1.726000448221327972e+10 8.235878726612472747e+03 3.459033478508833014e+03
1.776560857219301224e+10 9.413254223399515467e+03 4.052714916692348652e+03
1.828602352135112762e+10 1.076121317694305617e+04 4.745927544130461683e+03
1.882168319000241089e+10 1.230474417571321646e+04 5.555038886012086550e+03
1.937303414770203400e+10 1.407254053052591917e+04 6.499073186534539673e+03
1.994053604554274368e+10 1.609753774552322830e+04 7.600128305105734398e+03
2.052466199935720444e+10 1.841754824754743095e+04 8.883868440847156307e+03
2.112589898414597702e+10 2.107598869582558837e+04 1.038009381221156764e+04
2.174474824005956650e+10 2.412271623963077582e+04 1.212339909866807648e+04
2.238172569027315521e+10 2.761498947440832853e+04 1.415393634086588463e+04
2.303736237110184479e+10 3.161857316338705277e+04 1.651829802458959603e+04
2.371220487471634674e+10 3.620900855806196341e+04 1.927053891072853003e+04
2.440681580482650757e+10 4.147307566468477307e+04 2.247335873377979806e+04
2.512177424571330261e+10 4.751046856293025485e+04 2.619946973701925526e+04
2.585767624500127792e+10 5.443572824018480605e+04 3.053317891923095522e+04
2.661513531057204056e+10 6.238048583196243999e+04 3.557223103859753610e+04
2.739478292203451920e+10 7.149599274741398403e+04 4.142991424478423869e+04
2.819726905717783356e+10 8.195606924041271850e+04 4.823751495143929060e+04
2.902326273384587479e+10 9.396048597085637448e+04 5.614715007135119231e+04
2.987345256768461609e+10 1.077388529668386182e+05 6.533504294559257687e+04
3.074854734622896576e+10 1.235550917844113719e+05 7.600530946802625840e+04
3.164927661980533600e+10 1.417125790510353690e+05 8.839433374986059789e+04
3.257639130974450684e+10 1.625600632820550236e+05 1.027758249271764507e+05
3.353066433441031647e+10 1.864984684085449262e+05 1.194666612840068410e+05
3.451289125356819153e+10 2.139887151801441796e+05 1.388336332695967285e+05
3.552389093162808228e+10 2.455607191777796252e+05 1.613012425323075149e+05
3.656450622031669617e+10 2.818237776316334493e+05 1.873607356721726246e+05
3.763560466134754944e+10 3.234784306554033537e+05 2.175804682169263251e+05
3.873807920967382812e+10 3.713301679347247118e+05 2.526179276141006267e+05
3.987284897792932892e+10 4.263051732086057891e+05 2.932335980646526441e+05
4.104086000267502594e+10 4.894684305749479099e+05 3.403069647399992100e+05
4.224308603309262085e+10 5.620445462329841685e+05 3.948549855646999204e+05
4.348052934278048706e+10 6.454416913137654774e+05 4.580534088238848490e+05
4.475422156533167267e+10 7.412791318914074218e+05 5.312613711175030330e+05
4.606522455438705444e+10 8.514188849519186188e+05 6.160497689486674499e+05
4.741463126888324738e+10 9.780021066057798453e+05 7.142339970717227552e+05
4.880356668423223877e+10 1.123490901153510204e+06 8.279116795117569854e+05
5.023318873019279480e+10 1.290716534130599117e+06 9.595062630967118312e+05
5.170468925621424103e+10 1.482934609858528245e+06 1.111817154292676132e+06
5.321929502506053925e+10 1.703888662873603636e+06 1.288077604488609126e+06
5.477826873553909302e+10 1.957883206722592702e+06 1.492021398549784906e+06
5.638291007518873596e+10 2.249867683152142912e+06 1.727959725776745472e+06
5.803455680380647278e+10 2.585532929861535784e+06 2.000869740518495208e+06
5.973458586871220398e+10 2.971422023753401823e+06 2.316496591029095929e+06
6.148441455268445587e+10 3.415057659377153963e+06 2.681470956432628445e+06
6.328550165552282715e+10 3.925088440219901968e+06 3.103444387501015794e+06
6.513934871022261047e+10 4.511456923195906915e+06 3.591245132251005620e+06
6.704750123477406311e+10 5.185592606977561489e+06 4.155057515601329971e+06
6.901155002063371277e+10 5.960633780565099791e+06 4.806628597174164839e+06
7.103313245893699646e+10 6.851681916252837516e+06 5.559505693121105433e+06
7.311393390556010437e+10 7.876093898312012665e+06 6.429309801289225928e+06
7.525568908617167664e+10 9.053817495672728866e+06 7.434050148615217768e+06
7.746018354244035339e+10 1.040777638425829448e+07 8.594485925007451326e+06
7.972925512060813904e+10 1.196431198683627695e+07 9.934542210825668648e+06
8.206479550366879272e+10 1.375369045681040734e+07 1.148178814407921582e+07
8.446875178842932129e+10 1.581068412069502287e+07 1.326798639488443732e+07
8.694312810876712036e+10 1.817523847621232271e+07 1.532972457970798202e+07
8.948998730644142151e+10 2.089323705839067698e+07 1.770914063650649413e+07
9.211145265084492493e+10 2.401737822674138844e+07 2.045475578429560363e+07
9.480970960913493347e+10 2.760818041268633679e+07 2.362243100371877477e+07
9.758700766821530151e+10 3.173513386036217958e+07 2.727646491116679460e+07
1.004456622100944519e+11 3.647802002757467330e+07 3.149085335192603618e+07
1.033880564421748657e+11 4.192842306691063195e+07 3.635073453536619991e+07
1.064166433840895081e+11 4.819146037507088482e+07 4.195404627816276252e+07
1.095339479127387848e+11 5.538776374482416362e+07 4.841342593134480715e+07
1.127425688672342987e+11 6.365574660578808188e+07 5.585838780141492933e+07
1.160451812155009613e+11 7.315419779992066324e+07 6.443781768600042909e+07
