# Li6 + d > Li7 + p   [Li6_d__Li7_p]   ref=Malaney& Fowler 1989
# forward[T9] = With[{T923=T9^(2/3),T913=T9^(1/3)}, 1.48*^12/T923*Exp[-10.135/T913]]   uncertainty factor f = 3
# T9                 rate                error
1.000000e-03   1.427302e-30   3.000000e+00
1.018629e-03   2.625118e-30   3.000000e+00
1.037605e-03   4.809787e-30   3.000000e+00
1.056935e-03   8.779241e-30   3.000000e+00
1.076624e-03   1.596439e-29   3.000000e+00
1.096681e-03   2.892160e-29   3.000000e+00
1.117111e-03   5.220071e-29   3.000000e+00
1.137921e-03   9.386955e-29   3.000000e+00
1.159120e-03   1.681811e-28   3.000000e+00
1.180713e-03   3.002226e-28   3.000000e+00
1.202708e-03   5.339902e-28   3.000000e+00
1.225114e-03   9.463602e-28   3.000000e+00
1.247936e-03   1.671177e-27   3.000000e+00
1.271184e-03   2.940633e-27   3.000000e+00
1.294865e-03   5.156099e-27   3.000000e+00
1.318987e-03   9.008923e-27   3.000000e+00
1.343558e-03   1.568575e-26   3.000000e+00
1.368587e-03   2.721622e-26   3.000000e+00
1.394083e-03   4.705974e-26   3.000000e+00
1.420053e-03   8.109233e-26   3.000000e+00
1.446507e-03   1.392604e-25   3.000000e+00
1.473454e-03   2.383430e-25   3.000000e+00
1.500903e-03   4.065489e-25   3.000000e+00
1.528864e-03   6.911431e-25   3.000000e+00
1.557345e-03   1.171054e-24   3.000000e+00
1.586357e-03   1.977645e-24   3.000000e+00
1.615909e-03   3.328827e-24   3.000000e+00
1.646012e-03   5.584884e-24   3.000000e+00
1.676675e-03   9.339552e-24   3.000000e+00
1.707910e-03   1.556809e-23   3.000000e+00
1.739726e-03   2.586728e-23   3.000000e+00
1.772136e-03   4.284310e-23   3.000000e+00
1.805149e-03   7.073498e-23   3.000000e+00
1.838777e-03   1.164177e-22   3.000000e+00
1.873032e-03   1.910046e-22   3.000000e+00
1.907924e-03   3.124044e-22   3.000000e+00
1.943467e-03   5.093859e-22   3.000000e+00
1.979672e-03   8.280216e-22   3.000000e+00
2.016551e-03   1.341867e-21   3.000000e+00
2.054117e-03   2.167995e-21   3.000000e+00
2.092383e-03   3.492179e-21   3.000000e+00
2.131362e-03   5.608311e-21   3.000000e+00
2.171068e-03   8.979930e-21   3.000000e+00
2.211512e-03   1.433597e-20   3.000000e+00
2.252711e-03   2.281930e-20   3.000000e+00
2.294676e-03   3.621651e-20   3.000000e+00
2.337424e-03   5.731227e-20   3.000000e+00
2.380968e-03   9.043430e-20   3.000000e+00
2.425323e-03   1.422889e-19   3.000000e+00
2.470504e-03   2.232383e-19   3.000000e+00
2.516527e-03   3.492480e-19   3.000000e+00
2.563407e-03   5.448465e-19   3.000000e+00
2.611161e-03   8.476117e-19   3.000000e+00
2.659804e-03   1.314952e-18   3.000000e+00
2.709354e-03   2.034324e-18   3.000000e+00
2.759826e-03   3.138595e-18   3.000000e+00
2.811239e-03   4.829059e-18   3.000000e+00
2.863610e-03   7.409848e-18   3.000000e+00
2.916956e-03   1.133921e-17   3.000000e+00
2.971296e-03   1.730574e-17   3.000000e+00
3.026648e-03   2.634138e-17   3.000000e+00
3.083031e-03   3.998849e-17   3.000000e+00
3.140465e-03   6.054617e-17   3.000000e+00
3.198969e-03   9.143252e-17   3.000000e+00
3.258562e-03   1.377158e-16   3.000000e+00
3.319266e-03   2.068918e-16   3.000000e+00
3.381101e-03   3.100170e-16   3.000000e+00
3.444087e-03   4.633592e-16   3.000000e+00
3.508247e-03   6.907912e-16   3.000000e+00
3.573602e-03   1.027257e-15   3.000000e+00
3.640175e-03   1.523779e-15   3.000000e+00
3.707988e-03   2.254662e-15   3.000000e+00
3.777064e-03   3.327855e-15   3.000000e+00
3.847427e-03   4.899791e-15   3.000000e+00
3.919100e-03   7.196601e-15   3.000000e+00
3.992109e-03   1.054437e-14   3.000000e+00
4.066478e-03   1.541215e-14   3.000000e+00
4.142232e-03   2.247306e-14   3.000000e+00
4.219398e-03   3.269065e-14   3.000000e+00
4.298001e-03   4.744101e-14   3.000000e+00
4.378069e-03   6.868462e-14   3.000000e+00
4.459628e-03   9.920797e-14   3.000000e+00
4.542706e-03   1.429623e-13   3.000000e+00
4.627332e-03   2.055371e-13   3.000000e+00
4.713535e-03   2.948215e-13   3.000000e+00
4.801343e-03   4.219241e-13   3.000000e+00
4.890787e-03   6.024512e-13   3.000000e+00
4.981898e-03   8.582778e-13   3.000000e+00
5.074705e-03   1.219996e-12   3.000000e+00
5.169242e-03   1.730291e-12   3.000000e+00
5.265540e-03   2.448592e-12   3.000000e+00
5.363631e-03   3.457450e-12   3.000000e+00
5.463550e-03   4.871286e-12   3.000000e+00
5.565331e-03   6.848339e-12   3.000000e+00
5.669007e-03   9.606977e-12   3.000000e+00
5.774615e-03   1.344788e-11   3.000000e+00
5.882190e-03   1.878418e-11   3.000000e+00
5.991770e-03   2.618228e-11   3.000000e+00
6.103390e-03   3.641711e-11   3.000000e+00
6.217090e-03   5.054658e-11   3.000000e+00
6.332908e-03   7.001191e-11   3.000000e+00
6.450884e-03   9.677240e-11   3.000000e+00
6.571058e-03   1.334861e-10   3.000000e+00
6.693470e-03   1.837516e-10   3.000000e+00
6.818162e-03   2.524305e-10   3.000000e+00
6.945178e-03   3.460781e-10   3.000000e+00
7.074559e-03   4.735143e-10   3.000000e+00
7.206351e-03   6.465827e-10   3.000000e+00
7.340598e-03   8.811553e-10   3.000000e+00
7.477346e-03   1.198460e-09   3.000000e+00
7.616642e-03   1.626831e-09   3.000000e+00
7.758532e-03   2.204016e-09   3.000000e+00
7.903066e-03   2.980199e-09   3.000000e+00
8.050292e-03   4.021975e-09   3.000000e+00
8.200261e-03   5.417540e-09   3.000000e+00
8.353023e-03   7.283476e-09   3.000000e+00
8.508632e-03   9.773587e-09   3.000000e+00
8.667139e-03   1.309041e-08   3.000000e+00
8.828599e-03   1.750013e-08   3.000000e+00
8.993067e-03   2.335195e-08   3.000000e+00
9.160598e-03   3.110311e-08   3.000000e+00
9.331251e-03   4.135121e-08   3.000000e+00
9.505083e-03   5.487584e-08   3.000000e+00
9.682153e-03   7.269216e-08   3.000000e+00
9.862522e-03   9.611967e-08   3.000000e+00
1.004625e-02   1.268703e-07   3.000000e+00
1.023340e-02   1.671612e-07   3.000000e+00
1.042404e-02   2.198587e-07   3.000000e+00
1.061823e-02   2.886616e-07   3.000000e+00
1.081604e-02   3.783349e-07   3.000000e+00
1.101753e-02   4.950059e-07   3.000000e+00
1.122277e-02   6.465402e-07   3.000000e+00
1.143184e-02   8.430173e-07   3.000000e+00
1.164481e-02   1.097331e-06   3.000000e+00
1.186174e-02   1.425949e-06   3.000000e+00
1.208271e-02   1.849864e-06   3.000000e+00
1.230780e-02   2.395793e-06   3.000000e+00
1.253708e-02   3.097685e-06   3.000000e+00
1.277063e-02   3.998600e-06   3.000000e+00
1.300854e-02   5.153067e-06   3.000000e+00
1.325087e-02   6.630026e-06   3.000000e+00
1.349772e-02   8.516489e-06   3.000000e+00
1.374917e-02   1.092210e-05   3.000000e+00
1.400531e-02   1.398480e-05   3.000000e+00
1.426621e-02   1.787784e-05   3.000000e+00
1.453198e-02   2.281849e-05   3.000000e+00
1.480269e-02   2.907876e-05   3.000000e+00
1.507845e-02   3.699870e-05   3.000000e+00
1.535935e-02   4.700267e-05   3.000000e+00
1.564548e-02   5.961949e-05   3.000000e+00
1.593694e-02   7.550712e-05   3.000000e+00
1.623382e-02   9.548286e-05   3.000000e+00
1.653624e-02   1.205605e-04   3.000000e+00
1.684430e-02   1.519954e-04   3.000000e+00
1.715809e-02   1.913401e-04   3.000000e+00
1.747773e-02   2.405113e-04   3.000000e+00
1.780332e-02   3.018721e-04   3.000000e+00
1.813498e-02   3.783314e-04   3.000000e+00
1.847281e-02   4.734647e-04   3.000000e+00
1.881694e-02   5.916605e-04   3.000000e+00
1.916748e-02   7.382970e-04   3.000000e+00
1.952456e-02   9.199560e-04   3.000000e+00
1.988828e-02   1.144680e-03   3.000000e+00
2.025878e-02   1.422284e-03   3.000000e+00
2.063618e-02   1.764727e-03   3.000000e+00
2.102061e-02   2.186558e-03   3.000000e+00
2.141220e-02   2.705459e-03   3.000000e+00
2.181109e-02   3.342879e-03   3.000000e+00
2.221741e-02   4.124813e-03   3.000000e+00
2.263130e-02   5.082707e-03   3.000000e+00
2.305289e-02   6.254561e-03   3.000000e+00
2.348235e-02   7.686226e-03   3.000000e+00
2.391980e-02   9.432953e-03   3.000000e+00
2.436540e-02   1.156123e-02   3.000000e+00
2.481930e-02   1.415094e-02   3.000000e+00
2.528166e-02   1.729799e-02   3.000000e+00
2.575263e-02   2.111730e-02   3.000000e+00
2.623238e-02   2.574641e-02   3.000000e+00
2.672106e-02   3.134977e-02   3.000000e+00
2.721885e-02   3.812367e-02   3.000000e+00
2.772591e-02   4.630215e-02   3.000000e+00
2.824241e-02   5.616388e-02   3.000000e+00
2.876854e-02   6.804026e-02   3.000000e+00
2.930447e-02   8.232486e-02   3.000000e+00
2.985038e-02   9.948455e-02   3.000000e+00
3.040646e-02   1.200724e-01   3.000000e+00
3.097291e-02   1.447428e-01   3.000000e+00
3.154990e-02   1.742690e-01   3.000000e+00
3.213764e-02   2.095636e-01   3.000000e+00
3.273634e-02   2.517026e-01   3.000000e+00
3.334618e-02   3.019525e-01   3.000000e+00
3.396739e-02   3.618028e-01   3.000000e+00
3.460016e-02   4.330029e-01   3.000000e+00
3.524473e-02   5.176048e-01   3.000000e+00
3.590130e-02   6.180130e-01   3.000000e+00
3.657011e-02   7.370414e-01   3.000000e+00
3.725137e-02   8.779791e-01   3.000000e+00
3.794533e-02   1.044666e+00   3.000000e+00
3.865221e-02   1.241581e+00   3.000000e+00
3.937226e-02   1.473941e+00   3.000000e+00
4.010573e-02   1.747813e+00   3.000000e+00
4.085286e-02   2.070252e+00   3.000000e+00
4.161391e-02   2.449446e+00   3.000000e+00
4.238913e-02   2.894886e+00   3.000000e+00
4.317880e-02   3.417569e+00   3.000000e+00
4.398317e-02   4.030215e+00   3.000000e+00
4.480254e-02   4.747524e+00   3.000000e+00
4.563716e-02   5.586463e+00   3.000000e+00
4.648734e-02   6.566598e+00   3.000000e+00
4.735335e-02   7.710465e+00   3.000000e+00
4.823549e-02   9.043993e+00   3.000000e+00
4.913407e-02   1.059698e+01   3.000000e+00
5.004939e-02   1.240364e+01   3.000000e+00
5.098176e-02   1.450320e+01   3.000000e+00
5.193150e-02   1.694063e+01   3.000000e+00
5.289893e-02   1.976735e+01   3.000000e+00
5.388438e-02   2.304218e+01   3.000000e+00
5.488820e-02   2.683227e+01   3.000000e+00
5.591071e-02   3.121426e+01   3.000000e+00
5.695227e-02   3.627545e+01   3.000000e+00
5.801323e-02   4.211527e+01   3.000000e+00
5.909396e-02   4.884678e+01   3.000000e+00
6.019482e-02   5.659845e+01   3.000000e+00
6.131619e-02   6.551609e+01   3.000000e+00
6.245845e-02   7.576505e+01   3.000000e+00
6.362198e-02   8.753262e+01   3.000000e+00
6.480720e-02   1.010307e+02   3.000000e+00
6.601449e-02   1.164990e+02   3.000000e+00
6.724427e-02   1.342081e+02   3.000000e+00
6.849697e-02   1.544634e+02   3.000000e+00
6.977300e-02   1.776091e+02   3.000000e+00
7.107280e-02   2.040329e+02   3.000000e+00
7.239681e-02   2.341709e+02   3.000000e+00
7.374549e-02   2.685132e+02   3.000000e+00
7.511929e-02   3.076106e+02   3.000000e+00
7.651869e-02   3.520805e+02   3.000000e+00
7.794416e-02   4.026152e+02   3.000000e+00
7.939618e-02   4.599899e+02   3.000000e+00
8.087525e-02   5.250720e+02   3.000000e+00
8.238187e-02   5.988307e+02   3.000000e+00
8.391656e-02   6.823487e+02   3.000000e+00
8.547985e-02   7.768338e+02   3.000000e+00
8.707225e-02   8.836323e+02   3.000000e+00
8.869432e-02   1.004244e+03   3.000000e+00
9.034660e-02   1.140337e+03   3.000000e+00
9.202967e-02   1.293766e+03   3.000000e+00
9.374409e-02   1.466592e+03   3.000000e+00
9.549045e-02   1.661102e+03   3.000000e+00
9.726934e-02   1.879830e+03   3.000000e+00
9.908137e-02   2.125586e+03   3.000000e+00
1.009272e-01   2.401478e+03   3.000000e+00
1.028073e-01   2.710944e+03   3.000000e+00
1.047225e-01   3.057786e+03   3.000000e+00
1.066734e-01   3.446196e+03   3.000000e+00
1.086606e-01   3.880803e+03   3.000000e+00
1.106848e-01   4.366707e+03   3.000000e+00
1.127468e-01   4.909525e+03   3.000000e+00
1.148472e-01   5.515438e+03   3.000000e+00
1.169866e-01   6.191242e+03   3.000000e+00
1.191660e-01   6.944403e+03   3.000000e+00
1.213859e-01   7.783114e+03   3.000000e+00
1.236472e-01   8.716365e+03   3.000000e+00
1.259506e-01   9.754005e+03   3.000000e+00
1.282970e-01   1.090682e+04   3.000000e+00
1.306870e-01   1.218661e+04   3.000000e+00
1.331216e-01   1.360628e+04   3.000000e+00
1.356015e-01   1.517992e+04   3.000000e+00
1.381276e-01   1.692293e+04   3.000000e+00
1.407008e-01   1.885207e+04   3.000000e+00
1.433219e-01   2.098564e+04   3.000000e+00
1.459919e-01   2.334356e+04   3.000000e+00
1.487115e-01   2.594749e+04   3.000000e+00
1.514819e-01   2.882102e+04   3.000000e+00
1.543038e-01   3.198974e+04   3.000000e+00
1.571784e-01   3.548145e+04   3.000000e+00
1.601064e-01   3.932632e+04   3.000000e+00
1.630891e-01   4.355705e+04   3.000000e+00
1.661273e-01   4.820906e+04   3.000000e+00
1.692220e-01   5.332069e+04   3.000000e+00
1.723745e-01   5.893341e+04   3.000000e+00
1.755856e-01   6.509206e+04   3.000000e+00
1.788566e-01   7.184507e+04   3.000000e+00
1.821885e-01   7.924469e+04   3.000000e+00
1.855825e-01   8.734729e+04   3.000000e+00
1.890397e-01   9.621364e+04   3.000000e+00
1.925614e-01   1.059092e+05   3.000000e+00
1.961486e-01   1.165043e+05   3.000000e+00
1.998026e-01   1.280747e+05   3.000000e+00
2.035248e-01   1.407019e+05   3.000000e+00
2.073162e-01   1.544733e+05   3.000000e+00
2.111783e-01   1.694826e+05   3.000000e+00
2.151123e-01   1.858306e+05   3.000000e+00
2.191197e-01   2.036250e+05   3.000000e+00
2.232016e-01   2.229814e+05   3.000000e+00
2.273597e-01   2.440234e+05   3.000000e+00
2.315951e-01   2.668833e+05   3.000000e+00
2.359095e-01   2.917024e+05   3.000000e+00
2.403043e-01   3.186317e+05   3.000000e+00
2.447809e-01   3.478323e+05   3.000000e+00
2.493409e-01   3.794762e+05   3.000000e+00
2.539859e-01   4.137465e+05   3.000000e+00
2.587174e-01   4.508387e+05   3.000000e+00
2.635371e-01   4.909604e+05   3.000000e+00
2.684465e-01   5.343328e+05   3.000000e+00
2.734474e-01   5.811911e+05   3.000000e+00
2.785414e-01   6.317851e+05   3.000000e+00
2.837304e-01   6.863801e+05   3.000000e+00
2.890160e-01   7.452577e+05   3.000000e+00
2.944000e-01   8.087163e+05   3.000000e+00
2.998844e-01   8.770724e+05   3.000000e+00
3.054710e-01   9.506613e+05   3.000000e+00
3.111616e-01   1.029838e+06   3.000000e+00
3.169582e-01   1.114977e+06   3.000000e+00
3.228628e-01   1.206476e+06   3.000000e+00
3.288774e-01   1.304753e+06   3.000000e+00
3.350041e-01   1.410252e+06   3.000000e+00
3.412449e-01   1.523440e+06   3.000000e+00
3.476019e-01   1.644809e+06   3.000000e+00
3.540774e-01   1.774879e+06   3.000000e+00
3.606735e-01   1.914196e+06   3.000000e+00
3.673925e-01   2.063336e+06   3.000000e+00
3.742366e-01   2.222904e+06   3.000000e+00
3.812083e-01   2.393539e+06   3.000000e+00
3.883098e-01   2.575909e+06   3.000000e+00
3.955436e-01   2.770716e+06   3.000000e+00
4.029122e-01   2.978699e+06   3.000000e+00
4.104181e-01   3.200631e+06   3.000000e+00
4.180637e-01   3.437323e+06   3.000000e+00
4.258518e-01   3.689626e+06   3.000000e+00
4.337850e-01   3.958429e+06   3.000000e+00
4.418660e-01   4.244663e+06   3.000000e+00
4.500975e-01   4.549303e+06   3.000000e+00
4.584824e-01   4.873367e+06   3.000000e+00
4.670234e-01   5.217918e+06   3.000000e+00
4.757236e-01   5.584067e+06   3.000000e+00
4.845859e-01   5.972974e+06   3.000000e+00
4.936132e-01   6.385846e+06   3.000000e+00
5.028087e-01   6.823944e+06   3.000000e+00
5.121755e-01   7.288580e+06   3.000000e+00
5.217169e-01   7.781121e+06   3.000000e+00
5.314359e-01   8.302988e+06   3.000000e+00
5.413360e-01   8.855661e+06   3.000000e+00
5.514206e-01   9.440677e+06   3.000000e+00
5.616930e-01   1.005963e+07   3.000000e+00
5.721568e-01   1.071418e+07   3.000000e+00
5.828155e-01   1.140605e+07   3.000000e+00
5.936727e-01   1.213702e+07   3.000000e+00
6.047322e-01   1.290895e+07   3.000000e+00
6.159978e-01   1.372374e+07   3.000000e+00
6.274732e-01   1.458338e+07   3.000000e+00
6.391624e-01   1.548992e+07   3.000000e+00
6.510694e-01   1.644550e+07   3.000000e+00
6.631981e-01   1.745229e+07   3.000000e+00
6.755528e-01   1.851258e+07   3.000000e+00
6.881377e-01   1.962869e+07   3.000000e+00
7.009570e-01   2.080306e+07   3.000000e+00
7.140151e-01   2.203816e+07   3.000000e+00
7.273165e-01   2.333658e+07   3.000000e+00
7.408657e-01   2.470095e+07   3.000000e+00
7.546673e-01   2.613401e+07   3.000000e+00
7.687260e-01   2.763857e+07   3.000000e+00
7.830465e-01   2.921750e+07   3.000000e+00
7.976339e-01   3.087378e+07   3.000000e+00
8.124930e-01   3.261046e+07   3.000000e+00
8.276289e-01   3.443067e+07   3.000000e+00
8.430468e-01   3.633762e+07   3.000000e+00
8.587519e-01   3.833462e+07   3.000000e+00
8.747496e-01   4.042505e+07   3.000000e+00
8.910453e-01   4.261238e+07   3.000000e+00
9.076446e-01   4.490015e+07   3.000000e+00
9.245531e-01   4.729201e+07   3.000000e+00
9.417766e-01   4.979167e+07   3.000000e+00
9.593209e-01   5.240294e+07   3.000000e+00
9.771921e-01   5.512970e+07   3.000000e+00
9.953962e-01   5.797593e+07   3.000000e+00
1.013939e+00   6.094568e+07   3.000000e+00
1.032828e+00   6.404310e+07   3.000000e+00
1.052069e+00   6.727239e+07   3.000000e+00
1.071668e+00   7.063787e+07   3.000000e+00
1.091632e+00   7.414392e+07   3.000000e+00
1.111968e+00   7.779499e+07   3.000000e+00
1.132683e+00   8.159563e+07   3.000000e+00
1.153783e+00   8.555045e+07   3.000000e+00
1.175277e+00   8.966416e+07   3.000000e+00
1.197171e+00   9.394152e+07   3.000000e+00
1.219473e+00   9.838737e+07   3.000000e+00
1.242191e+00   1.030066e+08   3.000000e+00
1.265332e+00   1.078043e+08   3.000000e+00
1.288904e+00   1.127854e+08   3.000000e+00
1.312915e+00   1.179550e+08   3.000000e+00
1.337373e+00   1.233184e+08   3.000000e+00
1.362287e+00   1.288808e+08   3.000000e+00
1.387665e+00   1.346475e+08   3.000000e+00
1.413516e+00   1.406238e+08   3.000000e+00
1.439848e+00   1.468152e+08   3.000000e+00
1.466671e+00   1.532271e+08   3.000000e+00
1.493993e+00   1.598650e+08   3.000000e+00
1.521825e+00   1.667346e+08   3.000000e+00
1.550175e+00   1.738413e+08   3.000000e+00
1.579053e+00   1.811909e+08   3.000000e+00
1.608469e+00   1.887890e+08   3.000000e+00
1.638434e+00   1.966413e+08   3.000000e+00
1.668956e+00   2.047536e+08   3.000000e+00
1.700047e+00   2.131316e+08   3.000000e+00
1.731717e+00   2.217811e+08   3.000000e+00
1.763977e+00   2.307079e+08   3.000000e+00
1.796838e+00   2.399179e+08   3.000000e+00
1.830312e+00   2.494167e+08   3.000000e+00
1.864409e+00   2.592104e+08   3.000000e+00
1.899141e+00   2.693046e+08   3.000000e+00
1.934520e+00   2.797053e+08   3.000000e+00
1.970558e+00   2.904182e+08   3.000000e+00
2.007267e+00   3.014491e+08   3.000000e+00
2.044661e+00   3.128039e+08   3.000000e+00
2.082751e+00   3.244884e+08   3.000000e+00
2.121550e+00   3.365081e+08   3.000000e+00
2.161073e+00   3.488689e+08   3.000000e+00
2.201331e+00   3.615765e+08   3.000000e+00
2.242340e+00   3.746364e+08   3.000000e+00
2.284112e+00   3.880543e+08   3.000000e+00
2.326663e+00   4.018357e+08   3.000000e+00
2.370006e+00   4.159860e+08   3.000000e+00
2.414157e+00   4.305108e+08   3.000000e+00
2.459130e+00   4.454153e+08   3.000000e+00
2.504942e+00   4.607048e+08   3.000000e+00
2.551606e+00   4.763846e+08   3.000000e+00
2.599140e+00   4.924598e+08   3.000000e+00
2.647559e+00   5.089353e+08   3.000000e+00
2.696881e+00   5.258162e+08   3.000000e+00
2.747121e+00   5.431074e+08   3.000000e+00
2.798297e+00   5.608135e+08   3.000000e+00
2.850426e+00   5.789392e+08   3.000000e+00
2.903527e+00   5.974890e+08   3.000000e+00
2.957617e+00   6.164674e+08   3.000000e+00
3.012714e+00   6.358787e+08   3.000000e+00
3.068838e+00   6.557269e+08   3.000000e+00
3.126007e+00   6.760162e+08   3.000000e+00
3.184242e+00   6.967505e+08   3.000000e+00
3.243561e+00   7.179334e+08   3.000000e+00
3.303985e+00   7.395687e+08   3.000000e+00
3.365535e+00   7.616598e+08   3.000000e+00
3.428231e+00   7.842099e+08   3.000000e+00
3.492096e+00   8.072222e+08   3.000000e+00
3.557150e+00   8.306997e+08   3.000000e+00
3.623416e+00   8.546453e+08   3.000000e+00
3.690917e+00   8.790615e+08   3.000000e+00
3.759675e+00   9.039508e+08   3.000000e+00
3.829714e+00   9.293155e+08   3.000000e+00
3.901058e+00   9.551576e+08   3.000000e+00
3.973730e+00   9.814792e+08   3.000000e+00
4.047757e+00   1.008282e+09   3.000000e+00
4.123163e+00   1.035567e+09   3.000000e+00
4.199973e+00   1.063336e+09   3.000000e+00
4.278214e+00   1.091591e+09   3.000000e+00
4.357913e+00   1.120331e+09   3.000000e+00
4.439097e+00   1.149558e+09   3.000000e+00
4.521792e+00   1.179272e+09   3.000000e+00
4.606029e+00   1.209473e+09   3.000000e+00
4.691835e+00   1.240162e+09   3.000000e+00
4.779239e+00   1.271338e+09   3.000000e+00
4.868271e+00   1.303002e+09   3.000000e+00
4.958962e+00   1.335151e+09   3.000000e+00
5.051342e+00   1.367786e+09   3.000000e+00
5.145444e+00   1.400905e+09   3.000000e+00
5.241298e+00   1.434508e+09   3.000000e+00
5.338938e+00   1.468592e+09   3.000000e+00
5.438397e+00   1.503156e+09   3.000000e+00
5.539709e+00   1.538198e+09   3.000000e+00
5.642908e+00   1.573715e+09   3.000000e+00
5.748030e+00   1.609706e+09   3.000000e+00
5.855110e+00   1.646167e+09   3.000000e+00
5.964185e+00   1.683096e+09   3.000000e+00
6.075292e+00   1.720489e+09   3.000000e+00
6.188468e+00   1.758343e+09   3.000000e+00
6.303753e+00   1.796655e+09   3.000000e+00
6.421186e+00   1.835420e+09   3.000000e+00
6.540806e+00   1.874635e+09   3.000000e+00
6.662655e+00   1.914294e+09   3.000000e+00
6.786773e+00   1.954394e+09   3.000000e+00
6.913204e+00   1.994930e+09   3.000000e+00
7.041990e+00   2.035897e+09   3.000000e+00
7.173175e+00   2.077289e+09   3.000000e+00
7.306804e+00   2.119101e+09   3.000000e+00
7.442922e+00   2.161327e+09   3.000000e+00
7.581576e+00   2.203962e+09   3.000000e+00
7.722814e+00   2.246999e+09   3.000000e+00
7.866682e+00   2.290431e+09   3.000000e+00
8.013230e+00   2.334253e+09   3.000000e+00
8.162509e+00   2.378457e+09   3.000000e+00
8.314568e+00   2.423036e+09   3.000000e+00
8.469460e+00   2.467984e+09   3.000000e+00
8.627237e+00   2.513292e+09   3.000000e+00
8.787954e+00   2.558953e+09   3.000000e+00
8.951665e+00   2.604960e+09   3.000000e+00
9.118425e+00   2.651304e+09   3.000000e+00
9.288292e+00   2.697977e+09   3.000000e+00
9.461324e+00   2.744970e+09   3.000000e+00
9.637579e+00   2.792275e+09   3.000000e+00
9.817117e+00   2.839884e+09   3.000000e+00
1.000000e+01   2.887787e+09   3.000000e+00
