# Be9 + He3 > B10 + d   [Be9_He3__B10_d]   ref=TALYS2
# detailed balance: alpha=0.59608 beta=0 gamma=-12.6767  Q=1.0924
# T9                 rate                error
1.000000e-03 1.000000e-35 1.000000e+02
1.018629e-03 1.003117e-35 1.000000e+02
1.037605e-03 1.005346e-35 1.000000e+02
1.056935e-03 1.006714e-35 1.000000e+02
1.076624e-03 1.007247e-35 1.000000e+02
1.096681e-03 1.006977e-35 1.000000e+02
1.117111e-03 1.005936e-35 1.000000e+02
1.137921e-03 1.004157e-35 1.000000e+02
1.159120e-03 1.001676e-35 1.000000e+02
1.180713e-03 9.985294e-36 1.000000e+02
1.202708e-03 9.947549e-36 1.000000e+02
1.225114e-03 9.903908e-36 1.000000e+02
1.247936e-03 9.854758e-36 1.000000e+02
1.271184e-03 9.800492e-36 1.000000e+02
1.294865e-03 9.741503e-36 1.000000e+02
1.318987e-03 9.678183e-36 1.000000e+02
1.343558e-03 9.610924e-36 1.000000e+02
1.368587e-03 9.540113e-36 1.000000e+02
1.394083e-03 9.466133e-36 1.000000e+02
1.420053e-03 9.389360e-36 1.000000e+02
1.446507e-03 9.310166e-36 1.000000e+02
1.473454e-03 9.228911e-36 1.000000e+02
1.500903e-03 9.145948e-36 1.000000e+02
1.528864e-03 9.061621e-36 1.000000e+02
1.557345e-03 8.976263e-36 1.000000e+02
1.586357e-03 8.890197e-36 1.000000e+02
1.615909e-03 8.803737e-36 1.000000e+02
1.646012e-03 8.717182e-36 1.000000e+02
1.676675e-03 8.630825e-36 1.000000e+02
1.707910e-03 8.544943e-36 1.000000e+02
1.739726e-03 8.459805e-36 1.000000e+02
1.772136e-03 8.375670e-36 1.000000e+02
1.805149e-03 8.292784e-36 1.000000e+02
1.838777e-03 8.211385e-36 1.000000e+02
1.873032e-03 8.131700e-36 1.000000e+02
1.907924e-03 8.053948e-36 1.000000e+02
1.943467e-03 7.978338e-36 1.000000e+02
1.979672e-03 7.905073e-36 1.000000e+02
2.016551e-03 7.834346e-36 1.000000e+02
2.054117e-03 7.766345e-36 1.000000e+02
2.092383e-03 7.701252e-36 1.000000e+02
2.131362e-03 7.639243e-36 1.000000e+02
2.171068e-03 7.580490e-36 1.000000e+02
2.211512e-03 7.525162e-36 1.000000e+02
2.252711e-03 7.473425e-36 1.000000e+02
2.294676e-03 7.425444e-36 1.000000e+02
2.337424e-03 7.381382e-36 1.000000e+02
2.380968e-03 7.341403e-36 1.000000e+02
2.425323e-03 7.305674e-36 1.000000e+02
2.470504e-03 7.274363e-36 1.000000e+02
2.516527e-03 7.247641e-36 1.000000e+02
2.563407e-03 7.225686e-36 1.000000e+02
2.611161e-03 7.208682e-36 1.000000e+02
2.659804e-03 7.196820e-36 1.000000e+02
2.709354e-03 7.190300e-36 1.000000e+02
2.759826e-03 7.189334e-36 1.000000e+02
2.811239e-03 7.194145e-36 1.000000e+02
2.863610e-03 7.204971e-36 1.000000e+02
2.916956e-03 7.222065e-36 1.000000e+02
2.971296e-03 7.245701e-36 1.000000e+02
3.026648e-03 7.276145e-36 1.000000e+02
3.083031e-03 7.313036e-36 1.000000e+02
3.140465e-03 7.355333e-36 1.000000e+02
3.198969e-03 7.401949e-36 1.000000e+02
3.258562e-03 7.451775e-36 1.000000e+02
3.319266e-03 7.503677e-36 1.000000e+02
3.381101e-03 7.556491e-36 1.000000e+02
3.444087e-03 7.609019e-36 1.000000e+02
3.508247e-03 7.660030e-36 1.000000e+02
3.573602e-03 7.708261e-36 1.000000e+02
3.640175e-03 7.752421e-36 1.000000e+02
3.707988e-03 7.791196e-36 1.000000e+02
3.777064e-03 7.823256e-36 1.000000e+02
3.847427e-03 7.847269e-36 1.000000e+02
3.919100e-03 7.861906e-36 1.000000e+02
3.992109e-03 7.865862e-36 1.000000e+02
4.066478e-03 7.859151e-36 1.000000e+02
4.142232e-03 7.848886e-36 1.000000e+02
4.219398e-03 7.844586e-36 1.000000e+02
4.298001e-03 7.855764e-36 1.000000e+02
4.378069e-03 7.892050e-36 1.000000e+02
4.459628e-03 7.963443e-36 1.000000e+02
4.542706e-03 8.080688e-36 1.000000e+02
4.627332e-03 8.255794e-36 1.000000e+02
4.713535e-03 8.502744e-36 1.000000e+02
4.801343e-03 8.838443e-36 1.000000e+02
4.890787e-03 9.284008e-36 1.000000e+02
4.981898e-03 9.866544e-36 1.000000e+02
5.074705e-03 1.061941e-35 1.000000e+02
5.169242e-03 1.156956e-35 1.000000e+02
5.265540e-03 1.274370e-35 1.000000e+02
5.363631e-03 1.417478e-35 1.000000e+02
5.463550e-03 1.590228e-35 1.000000e+02
5.565331e-03 1.797235e-35 1.000000e+02
5.669007e-03 2.043774e-35 1.000000e+02
5.774615e-03 2.335733e-35 1.000000e+02
5.882190e-03 2.679515e-35 1.000000e+02
5.991770e-03 3.081851e-35 1.000000e+02
6.103390e-03 3.550404e-35 1.000000e+02
6.217090e-03 4.098100e-35 1.000000e+02
6.332908e-03 4.742667e-35 1.000000e+02
6.450884e-03 5.506745e-35 1.000000e+02
6.571058e-03 6.419426e-35 1.000000e+02
6.693470e-03 7.518358e-35 1.000000e+02
6.818162e-03 8.852629e-35 1.000000e+02
6.945178e-03 1.048674e-34 1.000000e+02
7.074559e-03 1.250584e-34 1.000000e+02
7.206351e-03 1.501659e-34 1.000000e+02
7.340598e-03 1.815233e-34 1.000000e+02
7.477346e-03 2.208548e-34 1.000000e+02
7.616642e-03 2.703996e-34 1.000000e+02
7.758532e-03 3.330742e-34 1.000000e+02
7.903066e-03 4.126890e-34 1.000000e+02
8.050292e-03 5.142426e-34 1.000000e+02
8.200261e-03 6.447506e-34 1.000000e+02
8.353023e-03 8.146384e-34 1.000000e+02
8.508632e-03 1.038955e-33 1.000000e+02
8.667139e-03 1.339667e-33 1.000000e+02
8.828599e-03 1.749340e-33 1.000000e+02
8.993067e-03 2.317065e-33 1.000000e+02
9.160598e-03 3.114955e-33 1.000000e+02
9.331251e-03 4.233047e-33 1.000000e+02
9.505083e-03 5.783715e-33 1.000000e+02
9.682153e-03 7.902740e-33 1.000000e+02
9.862522e-03 1.074064e-32 1.000000e+02
1.004625e-02 1.444245e-32 1.000000e+02
1.023340e-02 1.917236e-32 1.000000e+02
1.042404e-02 2.522898e-32 1.000000e+02
1.061823e-02 3.306656e-32 1.000000e+02
1.081604e-02 4.337296e-32 1.000000e+02
1.101753e-02 5.720912e-32 1.000000e+02
1.122277e-02 7.614335e-32 1.000000e+02
1.143184e-02 1.022015e-31 1.000000e+02
1.164481e-02 1.381460e-31 1.000000e+02
1.186174e-02 1.877903e-31 1.000000e+02
1.208271e-02 2.563691e-31 1.000000e+02
1.230780e-02 3.512731e-31 1.000000e+02
1.253708e-02 4.832727e-31 1.000000e+02
1.277063e-02 6.679180e-31 1.000000e+02
1.300854e-02 9.277965e-31 1.000000e+02
1.325087e-02 1.295838e-30 1.000000e+02
1.349772e-02 1.819796e-30 1.000000e+02
1.374917e-02 2.569432e-30 1.000000e+02
1.400531e-02 3.647223e-30 1.000000e+02
1.426621e-02 5.204507e-30 1.000000e+02
1.453198e-02 7.466517e-30 1.000000e+02
1.480269e-02 1.077006e-29 1.000000e+02
1.507845e-02 1.562138e-29 1.000000e+02
1.535935e-02 2.278530e-29 1.000000e+02
1.564548e-02 3.342276e-29 1.000000e+02
1.593694e-02 4.930591e-29 1.000000e+02
1.623382e-02 7.315469e-29 1.000000e+02
1.653624e-02 1.091679e-28 1.000000e+02
1.684430e-02 1.638636e-28 1.000000e+02
1.715809e-02 2.474175e-28 1.000000e+02
1.747773e-02 3.758064e-28 1.000000e+02
1.780332e-02 5.742606e-28 1.000000e+02
1.813498e-02 8.828567e-28 1.000000e+02
1.847281e-02 1.365591e-27 1.000000e+02
1.881694e-02 2.125191e-27 1.000000e+02
1.916748e-02 3.327504e-27 1.000000e+02
1.952456e-02 5.241783e-27 1.000000e+02
1.988828e-02 8.307603e-27 1.000000e+02
2.025878e-02 1.324669e-26 1.000000e+02
2.063618e-02 2.125177e-26 1.000000e+02
2.102061e-02 3.430625e-26 1.000000e+02
2.141220e-02 5.572839e-26 1.000000e+02
2.181109e-02 9.110442e-26 1.000000e+02
2.221741e-02 1.498983e-25 1.000000e+02
2.263130e-02 2.482465e-25 1.000000e+02
2.305289e-02 4.138406e-25 1.000000e+02
2.348235e-02 6.945144e-25 1.000000e+02
2.391980e-02 1.173444e-24 1.000000e+02
2.436540e-02 1.996231e-24 1.000000e+02
2.481930e-02 3.419491e-24 1.000000e+02
2.528166e-02 5.898500e-24 1.000000e+02
2.575263e-02 1.024410e-23 1.000000e+02
2.623238e-02 1.790613e-23 1.000000e+02
2.672106e-02 3.148957e-23 1.000000e+02
2.721885e-02 5.569423e-23 1.000000e+02
2.772591e-02 9.903156e-23 1.000000e+02
2.824241e-02 1.769695e-22 1.000000e+02
2.876854e-02 3.177064e-22 1.000000e+02
2.930447e-02 5.727933e-22 1.000000e+02
2.985038e-02 1.036706e-21 1.000000e+02
3.040646e-02 1.883066e-21 1.000000e+02
3.097291e-02 3.433408e-21 1.000000e+02
3.154990e-02 6.287245e-21 1.000000e+02
3.213764e-02 1.156901e-20 1.000000e+02
3.273634e-02 2.140220e-20 1.000000e+02
3.334618e-02 3.982661e-20 1.000000e+02
3.396739e-02 7.458761e-20 1.000000e+02
3.460016e-02 1.406580e-19 1.000000e+02
3.524473e-02 2.672345e-19 1.000000e+02
3.590130e-02 5.117721e-19 1.000000e+02
3.657011e-02 9.884229e-19 1.000000e+02
3.725137e-02 1.926269e-18 1.000000e+02
3.794533e-02 3.789876e-18 1.000000e+02
3.865221e-02 7.531694e-18 1.000000e+02
3.937226e-02 1.512676e-17 1.000000e+02
4.010573e-02 3.071921e-17 1.000000e+02
4.085286e-02 6.304303e-17 1.000000e+02
4.161391e-02 1.302990e-16 1.000000e+02
4.238913e-02 2.701685e-16 1.000000e+02
4.317880e-02 5.597979e-16 1.000000e+02
4.398317e-02 1.154632e-15 1.000000e+02
4.480254e-02 2.361480e-15 1.000000e+02
4.563716e-02 4.770532e-15 1.000000e+02
4.648734e-02 9.482087e-15 1.000000e+02
4.735335e-02 1.847178e-14 1.000000e+02
4.823549e-02 3.513128e-14 1.000000e+02
4.913407e-02 6.497896e-14 1.000000e+02
5.004939e-02 1.164282e-13 1.000000e+02
5.098176e-02 2.016260e-13 1.000000e+02
5.193150e-02 3.385041e-13 1.000000e+02
5.289893e-02 5.532634e-13 1.000000e+02
5.388438e-02 8.840411e-13 1.000000e+02
5.488820e-02 1.386779e-12 1.000000e+02
5.591071e-02 2.144657e-12 1.000000e+02
5.695227e-02 3.283571e-12 1.000000e+02
5.801323e-02 4.997980e-12 1.000000e+02
5.909396e-02 7.594932e-12 1.000000e+02
6.019482e-02 1.157054e-11 1.000000e+02
6.131619e-02 1.771407e-11 1.000000e+02
6.245845e-02 2.720055e-11 1.000000e+02
6.362198e-02 4.178467e-11 1.000000e+02
6.480720e-02 6.405033e-11 1.000000e+02
6.601449e-02 9.771843e-11 1.000000e+02
6.724427e-02 1.480020e-10 1.000000e+02
6.849697e-02 2.219628e-10 1.000000e+02
6.977300e-02 3.287756e-10 1.000000e+02
7.107280e-02 4.798996e-10 1.000000e+02
7.239681e-02 6.902576e-10 1.000000e+02
7.374549e-02 9.791745e-10 1.000000e+02
7.511929e-02 1.371123e-09 1.000000e+02
7.651869e-02 1.896879e-09 1.000000e+02
7.794416e-02 2.594950e-09 1.000000e+02
7.939618e-02 3.513372e-09 1.000000e+02
8.087525e-02 4.710601e-09 1.000000e+02
8.238187e-02 6.229341e-09 1.000000e+02
8.391656e-02 8.063049e-09 1.000000e+02
8.547985e-02 1.013637e-08 1.000000e+02
8.707225e-02 1.228078e-08 1.000000e+02
8.869432e-02 1.422868e-08 1.000000e+02
9.034660e-02 1.564425e-08 1.000000e+02
9.202967e-02 1.635460e-08 1.000000e+02
9.374409e-02 1.663380e-08 1.000000e+02
9.549045e-02 1.688823e-08 1.000000e+02
9.726934e-02 1.756274e-08 1.000000e+02
9.908137e-02 1.919511e-08 1.000000e+02
1.009272e-01 2.260059e-08 1.000000e+02
1.028073e-01 2.871766e-08 1.000000e+02
1.047225e-01 3.855460e-08 1.000000e+02
1.066734e-01 5.348908e-08 1.000000e+02
1.086606e-01 7.500320e-08 1.000000e+02
1.106848e-01 1.039831e-07 1.000000e+02
1.127468e-01 1.409169e-07 1.000000e+02
1.148472e-01 1.875922e-07 1.000000e+02
1.169866e-01 2.468627e-07 1.000000e+02
1.191660e-01 3.231633e-07 1.000000e+02
1.213859e-01 4.233572e-07 1.000000e+02
1.236472e-01 5.558004e-07 1.000000e+02
1.259506e-01 7.298363e-07 1.000000e+02
1.282970e-01 9.566699e-07 1.000000e+02
1.306870e-01 1.249294e-06 1.000000e+02
1.331216e-01 1.622185e-06 1.000000e+02
1.356015e-01 2.090704e-06 1.000000e+02
1.381276e-01 2.669749e-06 1.000000e+02
1.407008e-01 3.371909e-06 1.000000e+02
1.433219e-01 4.217143e-06 1.000000e+02
1.459919e-01 5.256969e-06 1.000000e+02
1.487115e-01 6.578311e-06 1.000000e+02
1.514819e-01 8.319729e-06 1.000000e+02
1.543038e-01 1.064223e-05 1.000000e+02
1.571784e-01 1.370162e-05 1.000000e+02
1.601064e-01 1.766542e-05 1.000000e+02
1.630891e-01 2.271422e-05 1.000000e+02
1.661273e-01 2.910587e-05 1.000000e+02
1.692220e-01 3.716982e-05 1.000000e+02
1.723745e-01 4.730926e-05 1.000000e+02
1.755856e-01 6.001588e-05 1.000000e+02
1.788566e-01 7.588732e-05 1.000000e+02
1.821885e-01 9.564970e-05 1.000000e+02
1.855825e-01 1.202148e-04 1.000000e+02
1.890397e-01 1.507374e-04 1.000000e+02
1.925614e-01 1.886699e-04 1.000000e+02
1.961486e-01 2.358485e-04 1.000000e+02
1.998026e-01 2.946066e-04 1.000000e+02
2.035248e-01 3.678921e-04 1.000000e+02
2.073162e-01 4.592699e-04 1.000000e+02
2.111783e-01 5.731000e-04 1.000000e+02
2.151123e-01 7.147483e-04 1.000000e+02
2.191197e-01 8.908029e-04 1.000000e+02
2.232016e-01 1.109331e-03 1.000000e+02
2.273597e-01 1.380185e-03 1.000000e+02
2.315951e-01 1.715360e-03 1.000000e+02
2.359095e-01 2.129416e-03 1.000000e+02
2.403043e-01 2.639967e-03 1.000000e+02
2.447809e-01 3.268244e-03 1.000000e+02
2.493409e-01 4.039745e-03 1.000000e+02
2.539859e-01 4.985071e-03 1.000000e+02
2.587174e-01 6.141535e-03 1.000000e+02
2.635371e-01 7.554440e-03 1.000000e+02
2.684465e-01 9.278527e-03 1.000000e+02
2.734474e-01 1.137991e-02 1.000000e+02
2.785414e-01 1.393841e-02 1.000000e+02
2.837304e-01 1.705037e-02 1.000000e+02
2.890160e-01 2.083207e-02 1.000000e+02
2.944000e-01 2.542380e-02 1.000000e+02
2.998844e-01 3.099486e-02 1.000000e+02
3.054710e-01 3.774871e-02 1.000000e+02
3.111616e-01 4.592604e-02 1.000000e+02
3.169582e-01 5.581246e-02 1.000000e+02
3.228628e-01 6.774683e-02 1.000000e+02
3.288774e-01 8.213024e-02 1.000000e+02
3.350041e-01 9.943610e-02 1.000000e+02
3.412449e-01 1.202216e-01 1.000000e+02
3.476019e-01 1.451406e-01 1.000000e+02
3.540774e-01 1.749595e-01 1.000000e+02
3.606735e-01 2.105968e-01 1.000000e+02
3.673925e-01 2.531572e-01 1.000000e+02
3.742366e-01 3.039574e-01 1.000000e+02
3.812083e-01 3.645678e-01 1.000000e+02
3.883098e-01 4.368643e-01 1.000000e+02
3.955436e-01 5.230905e-01 1.000000e+02
4.029122e-01 6.259320e-01 1.000000e+02
4.104181e-01 7.485056e-01 1.000000e+02
4.180637e-01 8.943305e-01 1.000000e+02
4.258518e-01 1.067452e+00 1.000000e+02
4.337850e-01 1.272500e+00 1.000000e+02
4.418660e-01 1.514741e+00 1.000000e+02
4.500975e-01 1.800125e+00 1.000000e+02
4.584824e-01 2.135467e+00 1.000000e+02
4.670234e-01 2.529121e+00 1.000000e+02
4.757236e-01 2.991034e+00 1.000000e+02
4.845859e-01 3.532949e+00 1.000000e+02
4.936132e-01 4.168754e+00 1.000000e+02
5.028087e-01 4.914921e+00 1.000000e+02
5.121755e-01 5.790534e+00 1.000000e+02
5.217169e-01 6.817102e+00 1.000000e+02
5.314359e-01 8.019389e+00 1.000000e+02
5.413360e-01 9.425928e+00 1.000000e+02
5.514206e-01 1.106954e+01 1.000000e+02
5.616930e-01 1.298789e+01 1.000000e+02
5.721568e-01 1.522413e+01 1.000000e+02
5.828155e-01 1.782759e+01 1.000000e+02
5.936727e-01 2.085450e+01 1.000000e+02
6.047322e-01 2.436888e+01 1.000000e+02
6.159978e-01 2.844418e+01 1.000000e+02
6.274732e-01 3.316510e+01 1.000000e+02
6.391624e-01 3.862853e+01 1.000000e+02
6.510694e-01 4.494513e+01 1.000000e+02
6.631981e-01 5.224126e+01 1.000000e+02
6.755528e-01 6.066105e+01 1.000000e+02
6.881377e-01 7.036884e+01 1.000000e+02
7.009570e-01 8.155184e+01 1.000000e+02
7.140151e-01 9.442278e+01 1.000000e+02
7.273165e-01 1.092218e+02 1.000000e+02
7.408657e-01 1.262203e+02 1.000000e+02
7.546673e-01 1.457255e+02 1.000000e+02
7.687260e-01 1.680841e+02 1.000000e+02
7.830465e-01 1.936869e+02 1.000000e+02
7.976339e-01 2.229745e+02 1.000000e+02
8.124930e-01 2.564427e+02 1.000000e+02
8.276289e-01 2.946501e+02 1.000000e+02
8.430468e-01 3.382253e+02 1.000000e+02
8.587519e-01 3.878742e+02 1.000000e+02
8.747496e-01 4.443890e+02 1.000000e+02
8.910453e-01 5.086573e+02 1.000000e+02
9.076446e-01 5.816730e+02 1.000000e+02
9.245531e-01 6.645434e+02 1.000000e+02
9.417766e-01 7.584989e+02 1.000000e+02
9.593209e-01 8.649077e+02 1.000000e+02
9.771921e-01 9.852893e+02 1.000000e+02
9.953962e-01 1.121329e+03 1.000000e+02
1.013939e+00 1.274894e+03 1.000000e+02
1.032828e+00 1.448063e+03 1.000000e+02
1.052069e+00 1.643141e+03 1.000000e+02
1.071668e+00 1.862682e+03 1.000000e+02
1.091632e+00 2.109509e+03 1.000000e+02
1.111968e+00 2.386740e+03 1.000000e+02
1.132683e+00 2.697813e+03 1.000000e+02
1.153783e+00 3.046521e+03 1.000000e+02
1.175277e+00 3.437036e+03 1.000000e+02
1.197171e+00 3.873948e+03 1.000000e+02
1.219473e+00 4.362302e+03 1.000000e+02
1.242191e+00 4.907631e+03 1.000000e+02
1.265332e+00 5.516014e+03 1.000000e+02
1.288904e+00 6.194226e+03 1.000000e+02
1.312915e+00 6.949814e+03 1.000000e+02
1.337373e+00 7.791125e+03 1.000000e+02
1.362287e+00 8.727388e+03 1.000000e+02
1.387665e+00 9.768817e+03 1.000000e+02
1.413516e+00 1.092671e+04 1.000000e+02
1.439848e+00 1.221359e+04 1.000000e+02
1.466671e+00 1.364332e+04 1.000000e+02
1.493993e+00 1.523124e+04 1.000000e+02
1.521825e+00 1.699418e+04 1.000000e+02
1.550175e+00 1.894865e+04 1.000000e+02
1.579053e+00 2.111113e+04 1.000000e+02
1.608469e+00 2.349860e+04 1.000000e+02
1.638434e+00 2.612831e+04 1.000000e+02
1.668956e+00 2.901761e+04 1.000000e+02
1.700047e+00 3.218359e+04 1.000000e+02
1.731717e+00 3.564281e+04 1.000000e+02
1.763977e+00 3.941101e+04 1.000000e+02
1.796838e+00 4.350834e+04 1.000000e+02
1.830312e+00 4.796302e+04 1.000000e+02
1.864409e+00 5.280726e+04 1.000000e+02
1.899141e+00 5.807748e+04 1.000000e+02
1.934520e+00 6.381502e+04 1.000000e+02
1.970558e+00 7.006690e+04 1.000000e+02
2.007267e+00 7.688678e+04 1.000000e+02
2.044661e+00 8.433096e+04 1.000000e+02
2.082751e+00 9.245032e+04 1.000000e+02
2.121550e+00 1.012972e+05 1.000000e+02
2.161073e+00 1.109264e+05 1.000000e+02
2.201331e+00 1.213956e+05 1.000000e+02
2.242340e+00 1.327647e+05 1.000000e+02
2.284112e+00 1.450961e+05 1.000000e+02
2.326663e+00 1.584540e+05 1.000000e+02
2.370006e+00 1.729046e+05 1.000000e+02
2.414157e+00 1.885157e+05 1.000000e+02
2.459130e+00 2.053559e+05 1.000000e+02
2.504942e+00 2.234947e+05 1.000000e+02
2.551606e+00 2.430051e+05 1.000000e+02
2.599140e+00 2.639720e+05 1.000000e+02
2.647559e+00 2.864870e+05 1.000000e+02
2.696881e+00 3.106462e+05 1.000000e+02
2.747121e+00 3.365512e+05 1.000000e+02
2.798297e+00 3.643091e+05 1.000000e+02
2.850426e+00 3.940329e+05 1.000000e+02
2.903527e+00 4.258419e+05 1.000000e+02
2.957617e+00 4.598620e+05 1.000000e+02
3.012714e+00 4.962261e+05 1.000000e+02
3.068838e+00 5.350714e+05 1.000000e+02
3.126007e+00 5.765345e+05 1.000000e+02
3.184242e+00 6.207564e+05 1.000000e+02
3.243561e+00 6.678823e+05 1.000000e+02
3.303985e+00 7.180628e+05 1.000000e+02
3.365535e+00 7.714528e+05 1.000000e+02
3.428231e+00 8.282117e+05 1.000000e+02
3.492096e+00 8.885039e+05 1.000000e+02
3.557150e+00 9.524986e+05 1.000000e+02
3.623416e+00 1.020376e+06 1.000000e+02
3.690917e+00 1.092325e+06 1.000000e+02
3.759675e+00 1.168540e+06 1.000000e+02
3.829714e+00 1.249225e+06 1.000000e+02
3.901058e+00 1.334589e+06 1.000000e+02
3.973730e+00 1.424850e+06 1.000000e+02
4.047757e+00 1.520232e+06 1.000000e+02
4.123163e+00 1.620969e+06 1.000000e+02
4.199973e+00 1.727300e+06 1.000000e+02
4.278214e+00 1.839472e+06 1.000000e+02
4.357913e+00 1.957744e+06 1.000000e+02
4.439097e+00 2.082379e+06 1.000000e+02
4.521792e+00 2.213651e+06 1.000000e+02
4.606029e+00 2.351846e+06 1.000000e+02
4.691835e+00 2.497255e+06 1.000000e+02
4.779239e+00 2.650183e+06 1.000000e+02
4.868271e+00 2.810941e+06 1.000000e+02
4.958962e+00 2.979856e+06 1.000000e+02
5.051342e+00 3.157263e+06 1.000000e+02
5.145444e+00 3.343508e+06 1.000000e+02
5.241298e+00 3.538950e+06 1.000000e+02
5.338938e+00 3.743962e+06 1.000000e+02
5.438397e+00 3.958928e+06 1.000000e+02
5.539709e+00 4.184245e+06 1.000000e+02
5.642908e+00 4.420327e+06 1.000000e+02
5.748030e+00 4.667602e+06 1.000000e+02
5.855110e+00 4.926512e+06 1.000000e+02
5.964185e+00 5.197517e+06 1.000000e+02
6.075292e+00 5.481094e+06 1.000000e+02
6.188468e+00 5.777725e+06 1.000000e+02
6.303753e+00 6.087900e+06 1.000000e+02
6.421186e+00 6.412125e+06 1.000000e+02
6.540806e+00 6.750921e+06 1.000000e+02
6.662655e+00 7.104828e+06 1.000000e+02
6.786773e+00 7.474399e+06 1.000000e+02
6.913204e+00 7.860206e+06 1.000000e+02
7.041990e+00 8.262841e+06 1.000000e+02
7.173175e+00 8.682899e+06 1.000000e+02
7.306804e+00 9.120969e+06 1.000000e+02
7.442922e+00 9.577654e+06 1.000000e+02
7.581576e+00 1.005357e+07 1.000000e+02
7.722814e+00 1.054933e+07 1.000000e+02
7.866682e+00 1.106559e+07 1.000000e+02
8.013230e+00 1.160299e+07 1.000000e+02
8.162509e+00 1.216218e+07 1.000000e+02
8.314568e+00 1.274381e+07 1.000000e+02
8.469460e+00 1.334851e+07 1.000000e+02
8.627237e+00 1.397693e+07 1.000000e+02
8.787954e+00 1.462969e+07 1.000000e+02
8.951665e+00 1.530746e+07 1.000000e+02
9.118425e+00 1.601086e+07 1.000000e+02
9.288292e+00 1.674056e+07 1.000000e+02
9.461324e+00 1.749718e+07 1.000000e+02
9.637579e+00 1.828138e+07 1.000000e+02
9.817117e+00 1.909377e+07 1.000000e+02
1.000000e+01 1.993500e+07 1.000000e+02
