# t + p > a + g   [t_p__a_g]   ref=Serpico et al. 2004
# detailed balance: alpha=2.61058e+10 beta=1.5 gamma=-229.93  Q=19.8139
# T9                 rate                error
1.000000e-03   3.564000e-11   1.200000e+00
1.018629e-03   4.463370e-11   1.200000e+00
1.037605e-03   5.581765e-11   1.200000e+00
1.056935e-03   6.970546e-11   1.200000e+00
1.076624e-03   8.692640e-11   1.200000e+00
1.096681e-03   1.082503e-10   1.200000e+00
1.117111e-03   1.346178e-10   1.200000e+00
1.137921e-03   1.671763e-10   1.200000e+00
1.159120e-03   2.073236e-10   1.200000e+00
1.180713e-03   2.567601e-10   1.200000e+00
1.202708e-03   3.175517e-10   1.200000e+00
1.225114e-03   3.922042e-10   1.200000e+00
1.247936e-03   4.837537e-10   1.200000e+00
1.271184e-03   5.958726e-10   1.200000e+00
1.294865e-03   7.329979e-10   1.200000e+00
1.318987e-03   9.004827e-10   1.200000e+00
1.343558e-03   1.104776e-09   1.200000e+00
1.368587e-03   1.353638e-09   1.200000e+00
1.394083e-03   1.656393e-09   1.200000e+00
1.420053e-03   2.024229e-09   1.200000e+00
1.446507e-03   2.470555e-09   1.200000e+00
1.473454e-03   3.011417e-09   1.200000e+00
1.500903e-03   3.665997e-09   1.200000e+00
1.528864e-03   4.457188e-09   1.200000e+00
1.557345e-03   5.412284e-09   1.200000e+00
1.586357e-03   6.563781e-09   1.200000e+00
1.615909e-03   7.950318e-09   1.200000e+00
1.646012e-03   9.617781e-09   1.200000e+00
1.676675e-03   1.162059e-08   1.200000e+00
1.707910e-03   1.402322e-08   1.200000e+00
1.739726e-03   1.690194e-08   1.200000e+00
1.772136e-03   2.034686e-08   1.200000e+00
1.805149e-03   2.446434e-08   1.200000e+00
1.838777e-03   2.937973e-08   1.200000e+00
1.873032e-03   3.524063e-08   1.200000e+00
1.907924e-03   4.222055e-08   1.200000e+00
1.943467e-03   5.052330e-08   1.200000e+00
1.979672e-03   6.038791e-08   1.200000e+00
2.016551e-03   7.209446e-08   1.200000e+00
2.054117e-03   8.597070e-08   1.200000e+00
2.092383e-03   1.023997e-07   1.200000e+00
2.131362e-03   1.218288e-07   1.200000e+00
2.171068e-03   1.447794e-07   1.200000e+00
2.211512e-03   1.718592e-07   1.200000e+00
2.252711e-03   2.037748e-07   1.200000e+00
2.294676e-03   2.413478e-07   1.200000e+00
2.337424e-03   2.855317e-07   1.200000e+00
2.380968e-03   3.374321e-07   1.200000e+00
2.425323e-03   3.983296e-07   1.200000e+00
2.470504e-03   4.697060e-07   1.200000e+00
2.516527e-03   5.532736e-07   1.200000e+00
2.563407e-03   6.510093e-07   1.200000e+00
2.611161e-03   7.651927e-07   1.200000e+00
2.659804e-03   8.984501e-07   1.200000e+00
2.709354e-03   1.053803e-06   1.200000e+00
2.759826e-03   1.234727e-06   1.200000e+00
2.811239e-03   1.445210e-06   1.200000e+00
2.863610e-03   1.689828e-06   1.200000e+00
2.916956e-03   1.973827e-06   1.200000e+00
2.971296e-03   2.303209e-06   1.200000e+00
3.026648e-03   2.684840e-06   1.200000e+00
3.083031e-03   3.126565e-06   1.200000e+00
3.140465e-03   3.637331e-06   1.200000e+00
3.198969e-03   4.227342e-06   1.200000e+00
3.258562e-03   4.908216e-06   1.200000e+00
3.319266e-03   5.693174e-06   1.200000e+00
3.381101e-03   6.597242e-06   1.200000e+00
3.444087e-03   7.637481e-06   1.200000e+00
3.508247e-03   8.833248e-06   1.200000e+00
3.573602e-03   1.020648e-05   1.200000e+00
3.640175e-03   1.178200e-05   1.200000e+00
3.707988e-03   1.358792e-05   1.200000e+00
3.777064e-03   1.565596e-05   1.200000e+00
3.847427e-03   1.802199e-05   1.200000e+00
3.919100e-03   2.072641e-05   1.200000e+00
3.992109e-03   2.381478e-05   1.200000e+00
4.066478e-03   2.733840e-05   1.200000e+00
4.142232e-03   3.135491e-05   1.200000e+00
4.219398e-03   3.592910e-05   1.200000e+00
4.298001e-03   4.113368e-05   1.200000e+00
4.378069e-03   4.705019e-05   1.200000e+00
4.459628e-03   5.376999e-05   1.200000e+00
4.542706e-03   6.139535e-05   1.200000e+00
4.627332e-03   7.004064e-05   1.200000e+00
4.713535e-03   7.983365e-05   1.200000e+00
4.801343e-03   9.091704e-05   1.200000e+00
4.890787e-03   1.034499e-04   1.200000e+00
4.981898e-03   1.176096e-04   1.200000e+00
5.074705e-03   1.335936e-04   1.200000e+00
5.169242e-03   1.516214e-04   1.200000e+00
5.265540e-03   1.719376e-04   1.200000e+00
5.363631e-03   1.948134e-04   1.200000e+00
5.463550e-03   2.205501e-04   1.200000e+00
5.565331e-03   2.494817e-04   1.200000e+00
5.669007e-03   2.819784e-04   1.200000e+00
5.774615e-03   3.184500e-04   1.200000e+00
5.882190e-03   3.593501e-04   1.200000e+00
5.991770e-03   4.051798e-04   1.200000e+00
6.103390e-03   4.564929e-04   1.200000e+00
6.217090e-03   5.138997e-04   1.200000e+00
6.332908e-03   5.780730e-04   1.200000e+00
6.450884e-03   6.497538e-04   1.200000e+00
6.571058e-03   7.297573e-04   1.200000e+00
6.693470e-03   8.189804e-04   1.200000e+00
6.818162e-03   9.184083e-04   1.200000e+00
6.945178e-03   1.029122e-03   1.200000e+00
7.074559e-03   1.152310e-03   1.200000e+00
7.206351e-03   1.289272e-03   1.200000e+00
7.340598e-03   1.441435e-03   1.200000e+00
7.477346e-03   1.610364e-03   1.200000e+00
7.616642e-03   1.797766e-03   1.200000e+00
7.758532e-03   2.005514e-03   1.200000e+00
7.903066e-03   2.235648e-03   1.200000e+00
8.050292e-03   2.490402e-03   1.200000e+00
8.200261e-03   2.772203e-03   1.200000e+00
8.353023e-03   3.083691e-03   1.200000e+00
8.508632e-03   3.427736e-03   1.200000e+00
8.667139e-03   3.807454e-03   1.200000e+00
8.828599e-03   4.226233e-03   1.200000e+00
8.993067e-03   4.687743e-03   1.200000e+00
9.160598e-03   5.195979e-03   1.200000e+00
9.331251e-03   5.755325e-03   1.200000e+00
9.505083e-03   6.370574e-03   1.200000e+00
9.682153e-03   7.046939e-03   1.200000e+00
9.862522e-03   7.790099e-03   1.200000e+00
1.004625e-02   8.606232e-03   1.200000e+00
1.023340e-02   9.501945e-03   1.200000e+00
1.042404e-02   1.048414e-02   1.200000e+00
1.061823e-02   1.156018e-02   1.200000e+00
1.081604e-02   1.273789e-02   1.200000e+00
1.101753e-02   1.402564e-02   1.200000e+00
1.122277e-02   1.543248e-02   1.200000e+00
1.143184e-02   1.696876e-02   1.200000e+00
1.164481e-02   1.864590e-02   1.200000e+00
1.186174e-02   2.047635e-02   1.200000e+00
1.208271e-02   2.247370e-02   1.200000e+00
1.230780e-02   2.465220e-02   1.200000e+00
1.253708e-02   2.702638e-02   1.200000e+00
1.277063e-02   2.961159e-02   1.200000e+00
1.300854e-02   3.242412e-02   1.200000e+00
1.325087e-02   3.548140e-02   1.200000e+00
1.349772e-02   3.880282e-02   1.200000e+00
1.374917e-02   4.240936e-02   1.200000e+00
1.400531e-02   4.632360e-02   1.200000e+00
1.426621e-02   5.056965e-02   1.200000e+00
1.453198e-02   5.517281e-02   1.200000e+00
1.480269e-02   6.015993e-02   1.200000e+00
1.507845e-02   6.555957e-02   1.200000e+00
1.535935e-02   7.140220e-02   1.200000e+00
1.564548e-02   7.772047e-02   1.200000e+00
1.593694e-02   8.454911e-02   1.200000e+00
1.623382e-02   9.192513e-02   1.200000e+00
1.653624e-02   9.988822e-02   1.200000e+00
1.684430e-02   1.084808e-01   1.200000e+00
1.715809e-02   1.177481e-01   1.200000e+00
1.747773e-02   1.277383e-01   1.200000e+00
1.780332e-02   1.385026e-01   1.200000e+00
1.813498e-02   1.500959e-01   1.200000e+00
1.847281e-02   1.625755e-01   1.200000e+00
1.881694e-02   1.760014e-01   1.200000e+00
1.916748e-02   1.904368e-01   1.200000e+00
1.952456e-02   2.059484e-01   1.200000e+00
1.988828e-02   2.226065e-01   1.200000e+00
2.025878e-02   2.404852e-01   1.200000e+00
2.063618e-02   2.596635e-01   1.200000e+00
2.102061e-02   2.802257e-01   1.200000e+00
2.141220e-02   3.022608e-01   1.200000e+00
2.181109e-02   3.258626e-01   1.200000e+00
2.221741e-02   3.511305e-01   1.200000e+00
2.263130e-02   3.781691e-01   1.200000e+00
2.305289e-02   4.070890e-01   1.200000e+00
2.348235e-02   4.380067e-01   1.200000e+00
2.391980e-02   4.710450e-01   1.200000e+00
2.436540e-02   5.063335e-01   1.200000e+00
2.481930e-02   5.440086e-01   1.200000e+00
2.528166e-02   5.842140e-01   1.200000e+00
2.575263e-02   6.270996e-01   1.200000e+00
2.623238e-02   6.728221e-01   1.200000e+00
2.672106e-02   7.215455e-01   1.200000e+00
2.721885e-02   7.734418e-01   1.200000e+00
2.772591e-02   8.286912e-01   1.200000e+00
2.824241e-02   8.874821e-01   1.200000e+00
2.876854e-02   9.500119e-01   1.200000e+00
2.930447e-02   1.016487e+00   1.200000e+00
2.985038e-02   1.087121e+00   1.200000e+00
3.040646e-02   1.162142e+00   1.200000e+00
3.097291e-02   1.241784e+00   1.200000e+00
3.154990e-02   1.326298e+00   1.200000e+00
3.213764e-02   1.415941e+00   1.200000e+00
3.273634e-02   1.510987e+00   1.200000e+00
3.334618e-02   1.611719e+00   1.200000e+00
3.396739e-02   1.718432e+00   1.200000e+00
3.460016e-02   1.831437e+00   1.200000e+00
3.524473e-02   1.951056e+00   1.200000e+00
3.590130e-02   2.077626e+00   1.200000e+00
3.657011e-02   2.211499e+00   1.200000e+00
3.725137e-02   2.353041e+00   1.200000e+00
3.794533e-02   2.502634e+00   1.200000e+00
3.865221e-02   2.660676e+00   1.200000e+00
3.937226e-02   2.827583e+00   1.200000e+00
4.010573e-02   3.003787e+00   1.200000e+00
4.085286e-02   3.189735e+00   1.200000e+00
4.161391e-02   3.385889e+00   1.200000e+00
4.238913e-02   3.592728e+00   1.200000e+00
4.317880e-02   3.810746e+00   1.200000e+00
4.398317e-02   4.040456e+00   1.200000e+00
4.480254e-02   4.282392e+00   1.200000e+00
4.563716e-02   4.537102e+00   1.200000e+00
4.648734e-02   4.805158e+00   1.200000e+00
4.735335e-02   5.087149e+00   1.200000e+00
4.823549e-02   5.383685e+00   1.200000e+00
4.913407e-02   5.695396e+00   1.200000e+00
5.004939e-02   6.022932e+00   1.200000e+00
5.098176e-02   6.366971e+00   1.200000e+00
5.193150e-02   6.728231e+00   1.200000e+00
5.289893e-02   7.107461e+00   1.200000e+00
5.388438e-02   7.505440e+00   1.200000e+00
5.488820e-02   7.922977e+00   1.200000e+00
5.591071e-02   8.360912e+00   1.200000e+00
5.695227e-02   8.820119e+00   1.200000e+00
5.801323e-02   9.301506e+00   1.200000e+00
5.909396e-02   9.806017e+00   1.200000e+00
6.019482e-02   1.033463e+01   1.200000e+00
6.131619e-02   1.088835e+01   1.200000e+00
6.245845e-02   1.146816e+01   1.200000e+00
6.362198e-02   1.207506e+01   1.200000e+00
6.480720e-02   1.271010e+01   1.200000e+00
6.601449e-02   1.337432e+01   1.200000e+00
6.724427e-02   1.406882e+01   1.200000e+00
6.849697e-02   1.479470e+01   1.200000e+00
6.977300e-02   1.555309e+01   1.200000e+00
7.107280e-02   1.634516e+01   1.200000e+00
7.239681e-02   1.717215e+01   1.200000e+00
7.374549e-02   1.803537e+01   1.200000e+00
7.511929e-02   1.893615e+01   1.200000e+00
7.651869e-02   1.987590e+01   1.200000e+00
7.794416e-02   2.085603e+01   1.200000e+00
7.939618e-02   2.187802e+01   1.200000e+00
8.087525e-02   2.294340e+01   1.200000e+00
8.238187e-02   2.405373e+01   1.200000e+00
8.391656e-02   2.521062e+01   1.200000e+00
8.547985e-02   2.641574e+01   1.200000e+00
8.707225e-02   2.767078e+01   1.200000e+00
8.869432e-02   2.897752e+01   1.200000e+00
9.034660e-02   3.033777e+01   1.200000e+00
9.202967e-02   3.175339e+01   1.200000e+00
9.374409e-02   3.322625e+01   1.200000e+00
9.549045e-02   3.475826e+01   1.200000e+00
9.726934e-02   3.635137e+01   1.200000e+00
9.908137e-02   3.800758e+01   1.200000e+00
1.009272e-01   3.972897e+01   1.200000e+00
1.028073e-01   4.151760e+01   1.200000e+00
1.047225e-01   4.337562e+01   1.200000e+00
1.066734e-01   4.530518e+01   1.200000e+00
1.086606e-01   4.730849e+01   1.200000e+00
1.106848e-01   4.938783e+01   1.200000e+00
1.127468e-01   5.154560e+01   1.200000e+00
1.148472e-01   5.378444e+01   1.200000e+00
1.169866e-01   5.610710e+01   1.200000e+00
1.191660e-01   5.851644e+01   1.200000e+00
1.213859e-01   6.101540e+01   1.200000e+00
1.236472e-01   6.360685e+01   1.200000e+00
1.259506e-01   6.629362e+01   1.200000e+00
1.282970e-01   6.907857e+01   1.200000e+00
1.306870e-01   7.196466e+01   1.200000e+00
1.331216e-01   7.495484e+01   1.200000e+00
1.356015e-01   7.805206e+01   1.200000e+00
1.381276e-01   8.125929e+01   1.200000e+00
1.407008e-01   8.457955e+01   1.200000e+00
1.433219e-01   8.801586e+01   1.200000e+00
1.459919e-01   9.157121e+01   1.200000e+00
1.487115e-01   9.524857e+01   1.200000e+00
1.514819e-01   9.905100e+01   1.200000e+00
1.543038e-01   1.029825e+02   1.200000e+00
1.571784e-01   1.070484e+02   1.200000e+00
1.601064e-01   1.112540e+02   1.200000e+00
1.630891e-01   1.156050e+02   1.200000e+00
1.661273e-01   1.201056e+02   1.200000e+00
1.692220e-01   1.247599e+02   1.200000e+00
1.723745e-01   1.295719e+02   1.200000e+00
1.755856e-01   1.345459e+02   1.200000e+00
1.788566e-01   1.396860e+02   1.200000e+00
1.821885e-01   1.449966e+02   1.200000e+00
1.855825e-01   1.504819e+02   1.200000e+00
1.890397e-01   1.561464e+02   1.200000e+00
1.925614e-01   1.619948e+02   1.200000e+00
1.961486e-01   1.680315e+02   1.200000e+00
1.998026e-01   1.742612e+02   1.200000e+00
2.035248e-01   1.806888e+02   1.200000e+00
2.073162e-01   1.873194e+02   1.200000e+00
2.111783e-01   1.941587e+02   1.200000e+00
2.151123e-01   2.012124e+02   1.200000e+00
2.191197e-01   2.084861e+02   1.200000e+00
2.232016e-01   2.159861e+02   1.200000e+00
2.273597e-01   2.237183e+02   1.200000e+00
2.315951e-01   2.316892e+02   1.200000e+00
2.359095e-01   2.399053e+02   1.200000e+00
2.403043e-01   2.483731e+02   1.200000e+00
2.447809e-01   2.570996e+02   1.200000e+00
2.493409e-01   2.660918e+02   1.200000e+00
2.539859e-01   2.753570e+02   1.200000e+00
2.587174e-01   2.849027e+02   1.200000e+00
2.635371e-01   2.947365e+02   1.200000e+00
2.684465e-01   3.048665e+02   1.200000e+00
2.734474e-01   3.153010e+02   1.200000e+00
2.785414e-01   3.260482e+02   1.200000e+00
2.837304e-01   3.371170e+02   1.200000e+00
2.890160e-01   3.485163e+02   1.200000e+00
2.944000e-01   3.602554e+02   1.200000e+00
2.998844e-01   3.723438e+02   1.200000e+00
3.054710e-01   3.847912e+02   1.200000e+00
3.111616e-01   3.976064e+02   1.200000e+00
3.169582e-01   4.107982e+02   1.200000e+00
3.228628e-01   4.243757e+02   1.200000e+00
3.288774e-01   4.383477e+02   1.200000e+00
3.350041e-01   4.527236e+02   1.200000e+00
3.412449e-01   4.675125e+02   1.200000e+00
3.476019e-01   4.827240e+02   1.200000e+00
3.540774e-01   4.983676e+02   1.200000e+00
3.606735e-01   5.144546e+02   1.200000e+00
3.673925e-01   5.309980e+02   1.200000e+00
3.742366e-01   5.480110e+02   1.200000e+00
3.812083e-01   5.655076e+02   1.200000e+00
3.883098e-01   5.835021e+02   1.200000e+00
3.955436e-01   6.020095e+02   1.200000e+00
4.029122e-01   6.210454e+02   1.200000e+00
4.104181e-01   6.406239e+02   1.200000e+00
4.180637e-01   6.607568e+02   1.200000e+00
4.258518e-01   6.814559e+02   1.200000e+00
4.337850e-01   7.027328e+02   1.200000e+00
4.418660e-01   7.245993e+02   1.200000e+00
4.500975e-01   7.470673e+02   1.200000e+00
4.584824e-01   7.701494e+02   1.200000e+00
4.670234e-01   7.938622e+02   1.200000e+00
4.757236e-01   8.182240e+02   1.200000e+00
4.845859e-01   8.432537e+02   1.200000e+00
4.936132e-01   8.689709e+02   1.200000e+00
5.028087e-01   8.953958e+02   1.200000e+00
5.121755e-01   9.225485e+02   1.200000e+00
5.217169e-01   9.504473e+02   1.200000e+00
5.314359e-01   9.791109e+02   1.200000e+00
5.413360e-01   1.008558e+03   1.200000e+00
5.514206e-01   1.038809e+03   1.200000e+00
5.616930e-01   1.069883e+03   1.200000e+00
5.721568e-01   1.101801e+03   1.200000e+00
5.828155e-01   1.134584e+03   1.200000e+00
5.936727e-01   1.168253e+03   1.200000e+00
6.047322e-01   1.202829e+03   1.200000e+00
6.159978e-01   1.238338e+03   1.200000e+00
6.274732e-01   1.274803e+03   1.200000e+00
6.391624e-01   1.312251e+03   1.200000e+00
6.510694e-01   1.350708e+03   1.200000e+00
6.631981e-01   1.390203e+03   1.200000e+00
6.755528e-01   1.430765e+03   1.200000e+00
6.881377e-01   1.472422e+03   1.200000e+00
7.009570e-01   1.515206e+03   1.200000e+00
7.140151e-01   1.559147e+03   1.200000e+00
7.273165e-01   1.604272e+03   1.200000e+00
7.408657e-01   1.650608e+03   1.200000e+00
7.546673e-01   1.698183e+03   1.200000e+00
7.687260e-01   1.747024e+03   1.200000e+00
7.830465e-01   1.797159e+03   1.200000e+00
7.976339e-01   1.848617e+03   1.200000e+00
8.124930e-01   1.901426e+03   1.200000e+00
8.276289e-01   1.955618e+03   1.200000e+00
8.430468e-01   2.011222e+03   1.200000e+00
8.587519e-01   2.068271e+03   1.200000e+00
8.747496e-01   2.126797e+03   1.200000e+00
8.910453e-01   2.186833e+03   1.200000e+00
9.076446e-01   2.248412e+03   1.200000e+00
9.245531e-01   2.311577e+03   1.200000e+00
9.417766e-01   2.376381e+03   1.200000e+00
9.593209e-01   2.442878e+03   1.200000e+00
9.771921e-01   2.511129e+03   1.200000e+00
9.953962e-01   2.581193e+03   1.200000e+00
1.013939e+00   2.653134e+03   1.200000e+00
1.032828e+00   2.727003e+03   1.200000e+00
1.052069e+00   2.802845e+03   1.200000e+00
1.071668e+00   2.880706e+03   1.200000e+00
1.091632e+00   2.960631e+03   1.200000e+00
1.111968e+00   3.042668e+03   1.200000e+00
1.132683e+00   3.126863e+03   1.200000e+00
1.153783e+00   3.213267e+03   1.200000e+00
1.175277e+00   3.301926e+03   1.200000e+00
1.197171e+00   3.392892e+03   1.200000e+00
1.219473e+00   3.486213e+03   1.200000e+00
1.242191e+00   3.581942e+03   1.200000e+00
1.265332e+00   3.680129e+03   1.200000e+00
1.288904e+00   3.780835e+03   1.200000e+00
1.312915e+00   3.884128e+03   1.200000e+00
1.337373e+00   3.990078e+03   1.200000e+00
1.362287e+00   4.098755e+03   1.200000e+00
1.387665e+00   4.210235e+03   1.200000e+00
1.413516e+00   4.324592e+03   1.200000e+00
1.439848e+00   4.441907e+03   1.200000e+00
1.466671e+00   4.562261e+03   1.200000e+00
1.493993e+00   4.685737e+03   1.200000e+00
1.521825e+00   4.812421e+03   1.200000e+00
1.550175e+00   4.942396e+03   1.200000e+00
1.579053e+00   5.075744e+03   1.200000e+00
1.608469e+00   5.212548e+03   1.200000e+00
1.638434e+00   5.352893e+03   1.200000e+00
1.668956e+00   5.496866e+03   1.200000e+00
1.700047e+00   5.644558e+03   1.200000e+00
1.731717e+00   5.796060e+03   1.200000e+00
1.763977e+00   5.951465e+03   1.200000e+00
1.796838e+00   6.110868e+03   1.200000e+00
1.830312e+00   6.274367e+03   1.200000e+00
1.864409e+00   6.442059e+03   1.200000e+00
1.899141e+00   6.614047e+03   1.200000e+00
1.934520e+00   6.790432e+03   1.200000e+00
1.970558e+00   6.971321e+03   1.200000e+00
2.007267e+00   7.156821e+03   1.200000e+00
2.044661e+00   7.347046e+03   1.200000e+00
2.082751e+00   7.542121e+03   1.200000e+00
2.121550e+00   7.742175e+03   1.200000e+00
2.161073e+00   7.947341e+03   1.200000e+00
2.201331e+00   8.157759e+03   1.200000e+00
2.242340e+00   8.373569e+03   1.200000e+00
2.284112e+00   8.594918e+03   1.200000e+00
2.326663e+00   8.821958e+03   1.200000e+00
2.370006e+00   9.054843e+03   1.200000e+00
2.414157e+00   9.293735e+03   1.200000e+00
2.459130e+00   9.538798e+03   1.200000e+00
2.504942e+00   9.790205e+03   1.200000e+00
2.551606e+00   1.004812e+04   1.200000e+00
2.599140e+00   1.031268e+04   1.200000e+00
2.647559e+00   1.058402e+04   1.200000e+00
2.696881e+00   1.086228e+04   1.200000e+00
2.747121e+00   1.114759e+04   1.200000e+00
2.798297e+00   1.144008e+04   1.200000e+00
2.850426e+00   1.173989e+04   1.200000e+00
2.903527e+00   1.204716e+04   1.200000e+00
2.957617e+00   1.236202e+04   1.200000e+00
3.012714e+00   1.268460e+04   1.200000e+00
3.068838e+00   1.301508e+04   1.200000e+00
3.126007e+00   1.335368e+04   1.200000e+00
3.184242e+00   1.370068e+04   1.200000e+00
3.243561e+00   1.405632e+04   1.200000e+00
3.303985e+00   1.442089e+04   1.200000e+00
3.365535e+00   1.479468e+04   1.200000e+00
3.428231e+00   1.517800e+04   1.200000e+00
3.492096e+00   1.557115e+04   1.200000e+00
3.557150e+00   1.597446e+04   1.200000e+00
3.623416e+00   1.638815e+04   1.200000e+00
3.690917e+00   1.681245e+04   1.200000e+00
3.759675e+00   1.724756e+04   1.200000e+00
3.829714e+00   1.769368e+04   1.200000e+00
3.901058e+00   1.815104e+04   1.200000e+00
3.973730e+00   1.861984e+04   1.200000e+00
4.047757e+00   1.910029e+04   1.200000e+00
4.123163e+00   1.959266e+04   1.200000e+00
4.199973e+00   2.009726e+04   1.200000e+00
4.278214e+00   2.061440e+04   1.200000e+00
4.357913e+00   2.114440e+04   1.200000e+00
4.439097e+00   2.168759e+04   1.200000e+00
4.521792e+00   2.224432e+04   1.200000e+00
4.606029e+00   2.281494e+04   1.200000e+00
4.691835e+00   2.339981e+04   1.200000e+00
4.779239e+00   2.399929e+04   1.200000e+00
4.868271e+00   2.461378e+04   1.200000e+00
4.958962e+00   2.524367e+04   1.200000e+00
5.051342e+00   2.588936e+04   1.200000e+00
5.145444e+00   2.655124e+04   1.200000e+00
5.241298e+00   2.722968e+04   1.200000e+00
5.338938e+00   2.792504e+04   1.200000e+00
5.438397e+00   2.863772e+04   1.200000e+00
5.539709e+00   2.936810e+04   1.200000e+00
5.642908e+00   3.011658e+04   1.200000e+00
5.748030e+00   3.088355e+04   1.200000e+00
5.855110e+00   3.166942e+04   1.200000e+00
5.964185e+00   3.247460e+04   1.200000e+00
6.075292e+00   3.329953e+04   1.200000e+00
6.188468e+00   3.414464e+04   1.200000e+00
6.303753e+00   3.501042e+04   1.200000e+00
6.421186e+00   3.589734e+04   1.200000e+00
6.540806e+00   3.680589e+04   1.200000e+00
6.662655e+00   3.773659e+04   1.200000e+00
6.786773e+00   3.868994e+04   1.200000e+00
6.913204e+00   3.966648e+04   1.200000e+00
7.041990e+00   4.066674e+04   1.200000e+00
7.173175e+00   4.169130e+04   1.200000e+00
7.306804e+00   4.274082e+04   1.200000e+00
7.442922e+00   4.381598e+04   1.200000e+00
7.581576e+00   4.491746e+04   1.200000e+00
7.722814e+00   4.604601e+04   1.200000e+00
7.866682e+00   4.720235e+04   1.200000e+00
8.013230e+00   4.838726e+04   1.200000e+00
8.162509e+00   4.960150e+04   1.200000e+00
8.314568e+00   5.084569e+04   1.200000e+00
8.469460e+00   5.212043e+04   1.200000e+00
8.627237e+00   5.342633e+04   1.200000e+00
8.787954e+00   5.476401e+04   1.200000e+00
8.951665e+00   5.613408e+04   1.200000e+00
9.118425e+00   5.753718e+04   1.200000e+00
9.288292e+00   5.897392e+04   1.200000e+00
9.461324e+00   6.044494e+04   1.200000e+00
9.637579e+00   6.195087e+04   1.200000e+00
9.817117e+00   6.349234e+04   1.200000e+00
1.000000e+01   6.507000e+04   1.200000e+00
