# T[K] Gamma_nTOp[1/tau_n] Gamma_pTOn[1/tau_n]
# fingerprint_hash: ec952992806070d0
# fingerprint: {"QED_corrections":true,"T_end_MeV":0.001,"T_start_cosmo_MeV":100.0,"analytic_distortions":false,"delta_xi_nu":0.0,"finite_mass_corrections":false,"format_version":1,"incomplete_decoupling":false,"munuOverTnu":0.01,"nevo_file":null,"nevo_file_prefix":"NEVOPRIMAT","nevo_spectral_file":null,"radiative_corrections":false,"sampling_nTOp_per_decade":150,"spectral_distortions":false,"y_SZ":0.0,"y_gray":0.0}
1.160451812155007198e+07 1.000000000458232119e+00 0.000000000000000000e+00
1.178433031761291809e+07 1.000000000482085039e+00 0.000000000000000000e+00
1.196692870656324737e+07 1.000000000507191400e+00 0.000000000000000000e+00
1.215235646050493419e+07 1.000000000533619593e+00 0.000000000000000000e+00
1.234065742049430311e+07 1.000000000561443114e+00 0.000000000000000000e+00
1.253187610690555163e+07 1.000000000590738125e+00 0.000000000000000000e+00
1.272605772995679639e+07 1.000000000621585894e+00 0.000000000000000000e+00
1.292324820039921999e+07 1.000000000654072130e+00 0.000000000000000000e+00
1.312349414037183113e+07 1.000000000688287205e+00 0.000000000000000000e+00
1.332684289442444220e+07 1.000000000724326821e+00 0.000000000000000000e+00
1.353334254071142524e+07 1.000000000762291341e+00 0.000000000000000000e+00
1.374304190235893987e+07 1.000000000802287126e+00 0.000000000000000000e+00
1.395599055900826678e+07 1.000000000844426529e+00 0.000000000000000000e+00
1.417223885853803717e+07 1.000000000888827678e+00 0.000000000000000000e+00
1.439183792896807566e+07 1.000000000935615363e+00 0.000000000000000000e+00
1.461483969054769725e+07 1.000000000984921700e+00 0.000000000000000000e+00
1.484129686803135276e+07 1.000000001036885466e+00 0.000000000000000000e+00
1.507126300314432755e+07 1.000000001091653656e+00 0.000000000000000000e+00
1.530479246724189445e+07 1.000000001149381257e+00 0.000000000000000000e+00
1.554194047416432761e+07 1.000000001210231471e+00 0.000000000000000000e+00
1.578276309329124913e+07 1.000000001274377270e+00 0.000000000000000000e+00
1.602731726279822551e+07 1.000000001342000733e+00 0.000000000000000000e+00
1.627566080311877280e+07 1.000000001413294592e+00 0.000000000000000000e+00
1.652785243061496504e+07 1.000000001488462242e+00 0.000000000000000000e+00
1.678395177145985141e+07 1.000000001567718400e+00 0.000000000000000000e+00
1.704401937573499978e+07 1.000000001651289994e+00 0.000000000000000000e+00
1.730811673174647242e+07 1.000000001739416611e+00 0.000000000000000000e+00
1.757630628056262806e+07 1.000000001832351604e+00 0.000000000000000000e+00
1.784865143077719212e+07 1.000000001930362981e+00 0.000000000000000000e+00
1.812521657350106537e+07 1.000000002033733182e+00 0.000000000000000000e+00
1.840606709758647159e+07 1.000000002142761302e+00 0.000000000000000000e+00
1.869126940508694202e+07 1.000000002257763754e+00 0.000000000000000000e+00
1.898089092695691064e+07 1.000000002379074271e+00 0.000000000000000000e+00
1.927500013899453729e+07 1.000000002507046126e+00 0.000000000000000000e+00
1.957366657803158462e+07 1.000000002642053021e+00 0.000000000000000000e+00
1.987696085837414861e+07 1.000000002784489750e+00 0.000000000000000000e+00
2.018495468849814311e+07 1.000000002934773535e+00 0.000000000000000000e+00
2.049772088800346479e+07 1.000000003093346024e+00 0.000000000000000000e+00
2.081533340483090654e+07 1.000000003260674397e+00 0.000000000000000000e+00
2.113786733274578676e+07 1.000000003437252261e+00 0.000000000000000000e+00
2.146539892909253761e+07 1.000000003623601641e+00 0.000000000000000000e+00
2.179800563282437995e+07 1.000000003820275207e+00 0.000000000000000000e+00
2.213576608281236142e+07 1.000000004027856937e+00 0.000000000000000000e+00
2.247876013643810898e+07 1.000000004246965002e+00 0.000000000000000000e+00
2.282706888847468048e+07 1.000000004478252880e+00 0.000000000000000000e+00
2.318077469025994465e+07 1.000000004722412461e+00 0.000000000000000000e+00
2.353996116916708648e+07 1.000000004980175161e+00 0.000000000000000000e+00
2.390471324837678671e+07 1.000000005252314583e+00 0.000000000000000000e+00
2.427511716695579141e+07 1.000000005539650294e+00 0.000000000000000000e+00
2.465126050024658069e+07 1.000000005843048267e+00 0.000000000000000000e+00
2.503323218057302758e+07 1.000000006163425326e+00 0.000000000000000000e+00
2.542112251826666296e+07 1.000000006501752026e+00 0.000000000000000000e+00
2.581502322301920131e+07 1.000000006859054880e+00 0.000000000000000000e+00
2.621502742556547374e+07 1.000000007236420130e+00 0.000000000000000000e+00
2.662122969970256090e+07 1.000000007634997523e+00 0.000000000000000000e+00
2.703372608465004340e+07 1.000000008056004308e+00 0.000000000000000000e+00
2.745261410775677487e+07 1.000000008500728566e+00 0.000000000000000000e+00
2.787799280755945295e+07 1.000000008970533871e+00 0.000000000000000000e+00
2.830996275719850883e+07 1.000000009466863071e+00 0.000000000000000000e+00
2.874862608819680288e+07 1.000000009991244054e+00 0.000000000000000000e+00
2.919408651460680366e+07 1.000000010545294638e+00 0.000000000000000000e+00
2.964644935753189772e+07 1.000000011130727007e+00 0.000000000000000000e+00
3.010582157002766803e+07 1.000000011749353934e+00 0.000000000000000000e+00
3.057231176238903776e+07 1.000000012403094996e+00 0.000000000000000000e+00
3.104603022782918811e+07 1.000000013093983231e+00 0.000000000000000000e+00
3.152708896855644137e+07 1.000000013824170697e+00 0.000000000000000000e+00
3.201560172225513682e+07 1.000000014595936459e+00 0.000000000000000000e+00
3.251168398897688091e+07 1.000000015411694587e+00 0.000000000000000000e+00
3.301545305844844505e+07 1.000000016274001036e+00 0.000000000000000000e+00
3.352702803780281544e+07 1.000000017185563195e+00 0.000000000000000000e+00
3.404652987973993272e+07 1.000000018149248548e+00 0.000000000000000000e+00
3.457408141112377495e+07 1.000000019168094667e+00 0.000000000000000000e+00
3.510980736202257872e+07 1.000000020245318533e+00 0.000000000000000000e+00
3.565383439519898593e+07 1.000000021384328086e+00 0.000000000000000000e+00
3.620629113605720550e+07 1.000000022588733994e+00 0.000000000000000000e+00
3.676730820305417478e+07 1.000000023862360532e+00 0.000000000000000000e+00
3.733701823858191818e+07 1.000000025209260235e+00 0.000000000000000000e+00
3.791555594032848626e+07 1.000000026633725669e+00 0.000000000000000000e+00
3.850305809312484413e+07 1.000000028140305863e+00 0.000000000000000000e+00
3.909966360128491372e+07 1.000000029733820295e+00 0.000000000000000000e+00
3.970551352144742757e+07 1.000000031419376212e+00 0.000000000000000000e+00
4.032075109592594206e+07 1.000000033202385286e+00 0.000000000000000000e+00
4.094552178657598794e+07 1.000000035088582040e+00 0.000000000000000000e+00
4.157997330918689817e+07 1.000000037084044946e+00 0.000000000000000000e+00
4.222425566840653867e+07 1.000000039195213963e+00 0.000000000000000000e+00
4.287852119320724159e+07 1.000000041428916742e+00 0.000000000000000000e+00
4.354292457290121913e+07 1.000000043792387716e+00 0.000000000000000000e+00
4.421762289371407777e+07 1.000000046293295863e+00 0.000000000000000000e+00
4.490277567592503130e+07 1.000000048939770236e+00 0.000000000000000000e+00
4.559854491158261150e+07 1.000000051740427054e+00 0.000000000000000000e+00
4.630509510280475020e+07 1.000000054704401009e+00 0.000000000000000000e+00
4.702259330067235976e+07 1.000000057841374579e+00 0.000000000000000000e+00
4.775120914472556859e+07 1.000000061161613107e+00 0.000000000000000000e+00
4.849111490307190269e+07 1.000000064675999667e+00 0.000000000000000000e+00
4.924248551311602443e+07 1.000000068396072139e+00 0.000000000000000000e+00
5.000549862292049825e+07 1.000000072334064294e+00 0.000000000000000000e+00
5.078033463320748508e+07 1.000000076502947532e+00 0.000000000000000000e+00
5.156717674001127481e+07 1.000000080916475076e+00 0.000000000000000000e+00
5.236621097799165547e+07 1.000000085589231480e+00 0.000000000000000000e+00
5.317762626441849768e+07 1.000000090536680819e+00 0.000000000000000000e+00
5.400161444383779913e+07 1.000000095775223752e+00 0.000000000000000000e+00
5.483837033342991769e+07 1.000000101322251922e+00 0.000000000000000000e+00
5.568809176907058060e+07 1.000000107196209242e+00 0.000000000000000000e+00
5.655097965210559964e+07 1.000000113416657399e+00 0.000000000000000000e+00
5.742723799685039371e+07 1.000000120004342685e+00 0.000000000000000000e+00
5.831707397882549465e+07 1.000000126981269277e+00 0.000000000000000000e+00
5.922069798373948038e+07 1.000000134370777172e+00 0.000000000000000000e+00
6.013832365723089874e+07 1.000000142197621900e+00 0.000000000000000000e+00
6.107016795538090169e+07 1.000000150488063344e+00 0.000000000000000000e+00
6.201645119600865245e+07 1.000000159269956557e+00 0.000000000000000000e+00
6.297739711076147109e+07 1.000000168572851011e+00 0.000000000000000000e+00
6.395323289801218361e+07 1.000000178428093411e+00 0.000000000000000000e+00
6.494418927657606453e+07 1.000000188868938489e+00 0.000000000000000000e+00
6.595050054026017338e+07 1.000000199930666689e+00 0.000000000000000000e+00
6.697240461325791478e+07 1.000000211650708737e+00 0.000000000000000000e+00
6.801014310640202463e+07 1.000000224068775978e+00 0.000000000000000000e+00
6.906396137428861856e+07 1.000000237227004041e+00 0.000000000000000000e+00
7.013410857328766584e+07 1.000000251170098942e+00 0.000000000000000000e+00
7.122083772045093775e+07 1.000000265945497180e+00 0.000000000000000000e+00
7.232440575333356857e+07 1.000000281603533159e+00 0.000000000000000000e+00
7.344507359074223042e+07 1.000000298197618376e+00 0.000000000000000000e+00
7.458310619442476332e+07 1.000000315784430605e+00 0.000000000000000000e+00
7.573877263171552122e+07 1.000000334424115733e+00 0.000000000000000000e+00
7.691234613915163279e+07 1.000000354180501150e+00 0.000000000000000000e+00
7.810410418707470596e+07 1.000000375121323559e+00 0.000000000000000000e+00
7.931432854523386061e+07 1.000000397318470791e+00 0.000000000000000000e+00
8.054330534940499067e+07 1.000000420848236482e+00 0.000000000000000000e+00
8.179132516904246807e+07 1.000000445791594528e+00 0.000000000000000000e+00
8.305868307597909868e+07 1.000000472234487292e+00 0.000000000000000000e+00
8.434567871419046819e+07 1.000000500268132253e+00 0.000000000000000000e+00
8.565261637064042687e+07 1.000000529989349518e+00 0.000000000000000000e+00
8.697980504722426832e+07 1.000000561500907992e+00 0.000000000000000000e+00
8.832755853382664919e+07 1.000000594911893748e+00 0.000000000000000000e+00
8.969619548251155019e+07 1.000000630338101049e+00 0.000000000000000000e+00
9.108603948286184669e+07 1.000000667902447793e+00 0.000000000000000000e+00
9.249741913848623633e+07 1.000000707735417826e+00 0.000000000000000000e+00
9.393066814471167326e+07 1.000000749975528791e+00 0.000000000000000000e+00
9.538612536747957766e+07 1.000000794769830836e+00 0.000000000000000000e+00
9.686413492346459627e+07 1.000000842274436197e+00 0.000000000000000000e+00
9.836504626143486798e+07 1.000000892655080742e+00 0.000000000000000000e+00
9.988921424487280846e+07 1.000000946087721720e+00 0.000000000000000000e+00
1.014369992358764559e+08 1.000001002759173252e+00 0.000000000000000000e+00
1.030087671803597659e+08 1.000001062867778012e+00 0.000000000000000000e+00
1.046048896945751756e+08 1.000001126624126879e+00 0.000000000000000000e+00
1.062257441529747695e+08 1.000001194251817660e+00 0.000000000000000000e+00
1.078717137774338573e+08 1.000001265988263999e+00 0.000000000000000000e+00
1.095431877278568894e+08 1.000001342085555578e+00 0.000000000000000000e+00
1.112405611941873878e+08 1.000001422811369389e+00 0.000000000000000000e+00
1.129642354898433983e+08 1.000001508449940735e+00 0.000000000000000000e+00
1.147146181466008723e+08 1.000001599303093291e+00 0.000000000000000000e+00
1.164921230109472573e+08 1.000001695691333792e+00 0.000000000000000000e+00
1.182971703419280052e+08 1.000001797955015759e+00 0.000000000000000000e+00
1.201301869105092436e+08 1.000001906455575407e+00 0.000000000000000000e+00
1.219916061004801840e+08 1.000002021576844591e+00 0.000000000000000000e+00
1.238818680109188110e+08 1.000002143726447468e+00 0.000000000000000000e+00
1.258014195602454841e+08 1.000002273337283309e+00 0.000000000000000000e+00
1.277507145918886960e+08 1.000002410869101244e+00 0.000000000000000000e+00
1.297302139815881997e+08 1.000002556810176912e+00 0.000000000000000000e+00
1.317403857463608384e+08 1.000002711679089051e+00 0.000000000000000000e+00
1.337817051551546305e+08 1.000002876026613308e+00 0.000000000000000000e+00
1.358546548412176967e+08 1.000003050437729524e+00 0.000000000000000000e+00
1.379597249162081480e+08 1.000003235533757140e+00 0.000000000000000000e+00
1.400974130860720873e+08 1.000003431974625823e+00 0.000000000000000000e+00
1.422682247687174082e+08 1.000003640461285315e+00 0.000000000000000000e+00
1.444726732135106027e+08 1.000003861738267608e+00 0.000000000000000000e+00
1.467112796226254404e+08 1.000004096596411873e+00 0.000000000000000000e+00
1.489845732742717564e+08 1.000004345875756817e+00 0.000000000000000000e+00
1.512930916478338540e+08 1.000004610468617328e+00 0.000000000000000000e+00
1.536373805509477854e+08 1.000004891322851419e+00 0.000000000000000000e+00
1.560179942485477626e+08 1.000005189445335896e+00 0.000000000000000000e+00
1.584354955939120650e+08 1.000005505905656289e+00 0.000000000000000000e+00
1.608904561617396772e+08 1.000005841840030829e+00 0.000000000000000000e+00
1.633834563832888305e+08 1.000006198455480222e+00 0.000000000000000000e+00
1.659150856836094260e+08 1.000006577034258548e+00 0.000000000000000000e+00
1.684859426209020317e+08 1.000006978938563273e+00 0.000000000000000000e+00
1.710966350280363262e+08 1.000007405615541467e+00 0.000000000000000000e+00
1.737477801562620401e+08 1.000007858602608435e+00 0.000000000000000000e+00
1.764400048211470246e+08 1.000008339533103641e+00 0.000000000000000000e+00
1.791739455507765412e+08 1.000008850142298567e+00 0.000000000000000000e+00
1.819502487362487614e+08 1.000009392273785824e+00 0.000000000000000000e+00
1.847695707845024765e+08 1.000009967886266615e+00 0.000000000000000000e+00
1.876325782735125422e+08 1.000010579060766291e+00 0.000000000000000000e+00
1.905399481098903120e+08 1.000011228008304887e+00 0.000000000000000000e+00
1.934923676889261007e+08 1.000011917078047263e+00 0.000000000000000000e+00
1.964905350571113229e+08 1.000012648765968404e+00 0.000000000000000000e+00
1.995351590771790445e+08 1.000013425724064708e+00 0.000000000000000000e+00
2.026269595957019329e+08 1.000014250770132618e+00 0.000000000000000000e+00
2.057666676132869124e+08 1.000015126898187168e+00 0.000000000000000000e+00
2.089550254574079216e+08 1.000016057289513594e+00 0.000000000000000000e+00
2.121927869579117596e+08 1.000017045324423259e+00 0.000000000000000000e+00
2.154807176252569854e+08 1.000018094594749885e+00 0.000000000000000000e+00
2.188195948314920366e+08 1.000019208917132030e+00 0.000000000000000000e+00
2.222102079940649271e+08 1.000020392347132026e+00 0.000000000000000000e+00
2.256533587624525726e+08 1.000021649194243301e+00 0.000000000000000000e+00
2.291498612077109218e+08 1.000022984037845175e+00 0.000000000000000000e+00
2.327005420149325728e+08 1.000024401744162184e+00 0.000000000000000000e+00
2.363062406787165999e+08 1.000025907484293652e+00 0.000000000000000000e+00
2.399678097016378045e+08 1.000027506753378370e+00 0.000000000000000000e+00
2.436861147958159745e+08 1.000029205390972287e+00 0.000000000000000000e+00
2.474620350875932574e+08 1.000031009602710963e+00 0.000000000000000000e+00
2.512964633253887594e+08 1.000032925983342702e+00 7.891922469970485930e-29
2.551903060907726884e+08 1.000034961541217182e+00 2.047110462070962846e-28
2.591444840128114223e+08 1.000037123724326404e+00 5.236363796471627853e-28
2.631599319857335687e+08 1.000039420447997651e+00 1.321113119158823852e-27
2.672375993899689615e+08 1.000041860124345705e+00 3.288228861967318984e-27
2.713784503166126013e+08 1.000044451693601788e+00 8.075783915840344295e-27
2.755834637953664660e+08 1.000047204657434685e+00 1.957471169606406607e-26
2.798536340260137916e+08 1.000050129114411934e+00 4.683603778337134519e-26
2.841899706134794354e+08 1.000053235797732976e+00 1.106429473814594814e-25
2.885934988065328598e+08 1.000056536115401018e+00 2.581128079954908583e-25
2.930652597401899099e+08 1.000060042193002596e+00 5.947298415272210133e-25
2.976063106818702817e+08 1.000063766919218056e+00 1.353739545288503859e-24
3.022177252813694477e+08 1.000067723994397806e+00 3.044635561912468097e-24
3.069005938247038126e+08 1.000071927982282283e+00 6.767039401311180878e-24
3.116560234918893576e+08 1.000076394365206456e+00 1.486628481019776532e-23
3.164851386187142134e+08 1.000081139602963853e+00 3.228661545863992250e-23
3.213890809625677466e+08 1.000086181195621648e+00 6.933199961501540402e-23
3.263690099723885655e+08 1.000091537750759985e+00 1.472345442762046536e-22
3.314261030627954006e+08 1.000097229055335157e+00 3.092594760821069326e-22
3.365615558924655318e+08 1.000103276152756848e+00 6.426063877328874241e-22
3.417765826468266249e+08 1.000109701424823694e+00 1.321131674226332051e-21
3.470724163251295090e+08 1.000116528680504713e+00 2.687790828547763783e-21
3.524503090319680572e+08 1.000123783250777665e+00 5.412044123165293147e-21
3.579115322733171582e+08 1.000131492090759133e+00 1.078725290956038130e-20
3.634573772571575642e+08 1.000139683890239217e+00 2.128679282201780172e-20
3.690891551987583041e+08 1.000148389190597564e+00 4.159341886770790238e-20
3.748081976306903362e+08 1.000157640514153234e+00 8.048560813441484629e-20
3.806158567176433802e+08 1.000167472502756727e+00 1.542603564195956358e-19
3.865135055761207938e+08 1.000177922068599790e+00 2.928837451356940850e-19
3.925025385990885496e+08 1.000189028555636739e+00 5.509376957431144817e-19
3.985843717856540680e+08 1.000200833916878196e+00 1.026919845895290661e-18
4.047604430758538246e+08 1.000213382908812232e+00 1.896955532913015462e-18
4.110322126906284690e+08 1.000226723301020249e+00 3.473147016992216245e-18
4.174011634770658016e+08 1.000240906113364359e+00 6.303658460480579343e-18
4.238688012589931488e+08 1.000255985856056462e+00 1.134286947861524600e-17
4.304366551930025220e+08 1.000272020812271512e+00 2.023813282415049302e-17
4.371062781299918890e+08 1.000289073346915192e+00 3.580889815474104619e-17
4.438792469823092222e+08 1.000307210236541788e+00 6.284048346908542440e-17
4.507571630965847373e+08 1.000326503051942373e+00 1.093882026528445656e-16
4.577416526323405504e+08 1.000347028534515514e+00 1.889024103682403769e-16
4.648343669464669228e+08 1.000368869070632938e+00 3.236633701947705979e-16
4.720369829836559296e+08 1.000392113177948517e+00 5.502892043063739916e-16
4.793512036728846431e+08 1.000416856068899074e+00 9.284992829218922110e-16
4.867787583300423026e+08 1.000443200277712830e+00 1.554950215715090888e-15
4.943214030667957664e+08 1.000471256249474639e+00 2.584914860995837046e-15
5.019809212057906389e+08 1.000501143178782026e+00 4.265999850977331141e-15
5.097591237022857666e+08 1.000532989799489458e+00 6.990201632376297905e-15
5.176578495723209381e+08 1.000566935294339377e+00 1.137369876718993352e-14
5.256789663275194168e+08 1.000603130379765116e+00 1.837829895288806224e-14
5.338243704166270494e+08 1.000641738389024704e+00 2.949499778996031738e-14
5.420959876738939285e+08 1.000682936410247859e+00 4.701951453832543789e-14
5.504957737744028568e+08 1.000726916878808215e+00 7.446316620077737205e-14
5.590257146964536905e+08 1.000773888987337878e+00 1.171614588842744825e-13
5.676878271911146641e+08 1.000824080370352309e+00 1.831697472092580576e-13
5.764841592590348721e+08 1.000877739120905163e+00 2.845730698145589539e-13
5.854167906346831322e+08 1.000935135727987202e+00 4.393895724663505960e-13
5.944878332780287266e+08 1.000996565452517695e+00 6.743198033629181123e-13
6.036994318739138842e+08 1.001062350820049351e+00 1.028693731772921596e-12
6.130537643390874863e+08 1.001132844384912568e+00 1.560103858399575629e-12
6.225530423371738195e+08 1.001208431759992301e+00 2.352397969919553608e-12
6.321995118015404940e+08 1.001289535353528271e+00 3.526957077021238118e-12
6.419954534663496017e+08 1.001376617708452210e+00 5.258515978800141438e-12
6.519431834057576656e+08 1.001470185558076542e+00 7.797236954070753967e-12
6.620450535815382004e+08 1.001570794909557804e+00 1.149934825065769832e-11
6.723034523991479874e+08 1.001679055348818848e+00 1.686942816632845814e-11
6.827208052724248171e+08 1.001795635389007177e+00 2.461846903079575936e-11
6.932995751970334053e+08 1.001921269299623551e+00 3.574322510510682060e-11
7.040422633327958584e+08 1.002056762767283393e+00 5.163403897014122165e-11
7.149514095950464010e+08 1.002202999948244022e+00 7.422068560125656323e-11
7.260295932551482916e+08 1.002360951604437167e+00 1.061686909453123309e-10
7.372794335503163338e+08 1.002531683062309220e+00 1.511422449586595854e-10
7.487035903028886318e+08 1.002716362916227899e+00 2.141546297952521729e-10
7.603047645491930246e+08 1.002916275480225217e+00 3.020335409105015765e-10
7.720856991781592369e+08 1.003132830359373395e+00 4.240353649311987323e-10
7.840491795798252821e+08 1.003367569335400056e+00 5.926515727124943660e-10
7.961980343038927317e+08 1.003622187530371468e+00 8.246668444481795562e-10
8.085351357284868956e+08 1.003898545100541995e+00 1.142536184928260828e-09
8.210634007392781973e+08 1.004198672139477333e+00 1.576166081084239870e-09
8.337857914191280603e+08 1.004524803706247083e+00 2.165228215304837549e-09
8.467053157484196424e+08 1.004879378645235910e+00 2.962114894564824219e-09
8.598250283162407875e+08 1.005265070669096872e+00 4.035739825325504577e-09
8.731480310425866842e+08 1.005684802500319330e+00 5.476369402648408979e-09
8.866774739117529392e+08 1.006141777740459320e+00 7.401773759841783892e-09
9.004165557170931101e+08 1.006639483293902515e+00 9.964949415571523471e-09
9.143685248173152208e+08 1.007181741319033819e+00 1.336391816852836196e-08
9.285366799044981003e+08 1.007772724312500090e+00 1.785394203460948528e-08
9.429243707840079069e+08 1.008416974017041223e+00 2.376273670868818523e-08
9.575349991664987803e+08 1.009119456672146642e+00 3.150949738931541144e-08
9.723720194721868038e+08 1.009885579677970879e+00 4.162829424150735908e-08
9.874389396475850344e+08 1.010721228148901085e+00 5.479693581782301612e-08
1.002739321994894743e+09 1.011632823682311333e+00 7.187254662542254463e-08
1.018276784014247060e+09 1.012627344239944494e+00 9.393474726628599187e-08
1.034054999258996606e+09 1.013712370496457460e+00 1.223383068306975644e-07
1.050077698204266429e+09 1.014896161277495157e+00 1.587773384884606617e-07
1.066348669128951907e+09 1.016187674144392483e+00 2.053620782230986592e-07
1.082871759011391401e+09 1.017596622786320459e+00 2.647114701413211257e-07
1.099650874438914537e+09 1.019133573552599037e+00 3.400649101101983636e-07
1.116689982531485558e+09 1.020809968397593526e+00 4.354139794367191104e-07
1.133993111879655838e+09 1.022638189961001309e+00 5.556594380850320099e-07
1.151564353497053146e+09 1.024631684696147182e+00 7.067990579857726261e-07
1.169407861787627220e+09 1.026804986750415205e+00 8.961457917393808491e-07
1.187527855527884483e+09 1.029173805155399801e+00 1.132585632171892356e-06
1.205928618864341497e+09 1.031755166430757376e+00 1.426882693754923465e-06
1.224614502326434612e+09 1.034567446293791493e+00 1.792029315971050525e-06
1.243589923855123758e+09 1.037630462618241989e+00 2.243655086094857661e-06
1.262859369847435951e+09 1.040965680004913407e+00 2.800510189136877691e-06
1.282427396217192411e+09 1.044596212567172167e+00 3.485008199044627494e-06
1.302298629472172976e+09 1.048546953200169218e+00 4.323859340181772114e-06
1.322477767807970285e+09 1.052844827110522186e+00 5.348814199098184547e-06
1.342969582218793631e+09 1.057518780347137088e+00 6.597485989309049116e-06
1.363778917625484943e+09 1.062599940010613642e+00 8.114307260622620929e-06
1.384910694021013021e+09 1.068121930868203950e+00 9.951650790684063330e-06
1.406369907633722782e+09 1.074120857570646903e+00 1.217105778822260111e-05
1.428161632108575344e+09 1.080635459452157665e+00 1.484463791727432130e-05
1.450291019706783295e+09 1.087707582281548291e+00 1.805675940356364100e-05
1.472763302523882866e+09 1.095382045012905481e+00 2.190581890717827212e-05
1.495583793726863146e+09 1.103706917229274831e+00 2.650633552058084851e-05
1.518757888810273170e+09 1.112734048660849018e+00 3.199141313411283624e-05
1.542291066871986866e+09 1.122518876381965791e+00 3.851531433996916066e-05
1.566188891908537626e+09 1.133120847872318482e+00 4.625655587123216745e-05
1.590457014130726576e+09 1.144603966969812703e+00 5.542149147639651005e-05
1.615101171299410820e+09 1.157036614435762445e+00 6.624808757482005602e-05
1.640127190082197428e+09 1.170492048983241995e+00 7.901046747725267230e-05
1.665540987430948496e+09 1.185049012925570855e+00 9.402415610066514246e-05
1.691348571980845928e+09 1.200791672319366787e+00 1.116517093575721041e-04
1.717556045470915318e+09 1.217809978850999508e+00 1.323093026186338971e-04
1.744169604186783075e+09 1.236200603573876622e+00 1.564745993235894337e-04
1.771195540425565243e+09 1.256066869462719948e+00 1.846951160137972486e-04
1.798640243983680964e+09 1.277518839271335693e+00 2.175977819165216399e-04
1.826510203667497396e+09 1.300675186535136474e+00 2.559011870287100122e-04
1.854812008827570677e+09 1.325662085981049731e+00 3.004273223002155166e-04
1.883552350916542530e+09 1.352614461517133826e+00 3.521167681579748655e-04
1.912738025071222544e+09 1.381677095007609601e+00 4.120460612912100681e-04
1.942375931719174385e+09 1.413004446212384302e+00 4.814463364303022482e-04
1.972473078210198879e+09 1.446760921930501542e+00 5.617249092209565444e-04
2.003036580473095179e+09 1.483123684952019739e+00 6.544927670056598394e-04
2.034073664698094368e+09 1.522280622734634381e+00 7.615905422174210591e-04
2.065591669045362234e+09 1.564432804351990836e+00 8.851232360520892547e-04
2.097598045379975080e+09 1.609795743649052202e+00 1.027498652025721129e-03
2.130100361033778667e+09 1.658598805272974097e+00 1.191468528266067823e-03
2.163106300594548702e+09 1.711086735645237500e+00 1.380178189817843001e-03
2.196623667722872734e+09 1.767522070439122572e+00 1.597224746196471970e-03
2.230660386997185230e+09 1.828184152739289470e+00 1.846717538328605541e-03
2.265224505787391663e+09 1.893370885012663152e+00 2.133351074408630210e-03
2.300324196157525063e+09 1.963402164540709816e+00 2.462491597591008607e-03
2.335967756797881126e+09 2.038617745379434965e+00 2.840263508340578388e-03
2.372163614987098217e+09 2.119380011622553184e+00 3.273656830202514596e-03
2.408920328584632397e+09 2.206078458750535543e+00 3.770654114903976544e-03
2.446246588054110050e+09 2.299126861586669346e+00 4.340354633236506027e-03
2.484151218518033028e+09 2.398966023004228454e+00 4.993127516389253388e-03
2.522643181844318390e+09 2.506069787495120327e+00 5.740796077987025091e-03
2.561731578765172005e+09 2.620941659082839159e+00 6.596814456484274315e-03
2.601425651028792858e+09 2.744118045666011252e+00 7.576485453173390297e-03
2.641734783584417343e+09 2.876175692264090866e+00 8.697224286627747505e-03
2.682668506801221371e+09 3.017727408512686171e+00 9.978805347179381044e-03
2.724236498721607208e+09 3.169426107004362780e+00 1.144366932658971020e-02
2.766448587349399090e+09 3.331973983546063334e+00 1.311729727931411522e-02
2.809314752973500729e+09 3.506117140694989587e+00 1.502855045337590095e-02
2.852845130527552605e+09 3.692650607197029533e+00 1.721009894918367963e-02
2.897050011986157894e+09 3.892429669758430411e+00 1.969894796159864930e-02
2.941939848798230648e+09 4.106363135813267284e+00 2.253689943516253014e-02
2.987525254358056068e+09 4.335419583626693552e+00 2.577114507879580199e-02
3.033817006514635563e+09 4.580641292286838251e+00 2.945500103673787812e-02
3.080826050119915485e+09 4.843135117520148469e+00 3.364851949683204946e-02
3.128563499616498947e+09 5.124081492085027278e+00 3.841931298961813457e-02
3.177040641665457726e+09 5.424751960343417778e+00 4.384358025907884870e-02
3.226268937814860821e+09 5.746497214068587489e+00 5.000691045209817304e-02
3.276260027209647655e+09 6.090755872930841086e+00 5.700537706607396171e-02
3.327025729343498230e+09 6.459078587748709133e+00 6.494698161470571773e-02
3.378578046853338718e+09 6.853114626173421264e+00 7.395272647981147862e-02
3.430929168357147217e+09 7.274619771795015843e+00 8.415805235698410602e-02
3.484091471335736275e+09 7.725487068979361993e+00 9.571484058451186494e-02
3.538077525059182644e+09 8.207730894035194069e+00 1.087928134585985362e-01
3.592900093558606625e+09 8.723493467010879243e+00 1.235813921506260099e-01
3.648572138643998146e+09 9.275091893555082123e+00 1.402926379377622823e-01
3.705106822968801022e+09 9.864981960152777063e+00 1.591626896512901290e-01
3.762517513141988754e+09 1.049578950370944774e+01 1.804547573667956706e-01
3.820817782888371944e+09 1.117034065867961878e+01 2.044625099285892200e-01
3.880021416257783890e+09 1.189164346642718328e+01 2.315124695844528457e-01
3.940142410884243965e+09 1.266290649737292995e+01 2.619675266433169059e-01
4.001194981295209408e+09 1.348759127650197343e+01 2.962319424824012559e-01
4.063193562272600174e+09 1.436937466794078411e+01 3.347539178865033271e-01
4.126152812265383244e+09 1.531219152777006443e+01 3.780309149815877512e-01
4.190087616855565071e+09 1.632027013341381050e+01 4.266153963994410159e-01
4.255013092277347565e+09 1.739812546125553538e+01 4.811194382690691107e-01
4.320944588991366386e+09 1.855056859701407745e+01 5.422201736215841450e-01
4.387897695313753128e+09 1.978278872072485939e+01 6.106690022236658244e-01
4.455888241101989746e+09 2.110031599848538875e+01 6.872962776616130531e-01
4.524932301497314453e+09 2.250904853397852179e+01 7.730190327996651067e-01
4.595046200725684166e+09 2.401535268491009845e+01 8.688534125003074537e-01
4.666246515957053185e+09 2.562601015618484723e+01 9.759200631735721609e-01
4.738550081225043297e+09 2.734826176060917291e+01 1.095454812868427386e+00
4.811973991406744957e+09 2.918991584873188572e+01 1.228824505343410367e+00
4.886535606264802933e+09 3.115929935133432949e+01 1.377534446370214827e+00
4.962252554551527023e+09 3.326530609693304541e+01 1.543242105550003185e+00
5.039142738177108765e+09 3.551753058949145014e+01 1.727778310736160838e+00
5.117224336442107201e+09 3.792619086870121237e+01 1.933155049276906956e+00
5.196515810335638046e+09 4.050222258395551478e+01 2.161585862936074243e+00
5.277035906900142670e+09 4.325742190126158704e+01 2.415512561854509244e+00
5.358803663663785934e+09 4.620435648731702116e+01 2.697614880122451098e+00
5.441838413141543388e+09 4.935646568632002840e+01 3.010835879801183612e+00
5.526159787406021118e+09 5.272825618283768989e+01 3.358418945401907774e+00
5.611787722729105949e+09 5.633519666623195832e+01 3.743919629617838751e+00
5.698742464295544624e+09 6.019383047524488006e+01 4.171237926190999090e+00
5.787044570989544868e+09 6.432201919231586373e+01 4.644667500514201741e+00
5.876714920255559921e+09 6.873880247215294048e+01 5.168908340269785739e+00
5.967774713034382820e+09 7.346455583985091664e+01 5.749110749660987452e+00
6.060245478775726318e+09 7.852128228141596367e+01 6.390939525774324004e+00
6.154149080528474808e+09 8.393243670096053677e+01 7.100587844124096826e+00
6.249507720109809875e+09 8.972313700926589775e+01 7.884836612452498450e+00
6.346343943354429245e+09 9.592050818559039271e+01 8.751137199785407716e+00
6.444680645445102692e+09 1.025534781128236830e+02 9.707628204793577353e+00
6.544541076325830460e+09 1.096530215049688763e+02 1.076321061241895727e+01
6.645948846198868752e+09 1.172525986714452841e+02 1.192765828849177190e+01
6.748927931106939316e+09 1.253879041060581443e+02 1.321163632118515174e+01
6.853502678601936340e+09 1.340971684439817864e+02 1.462679885311164263e+01
6.959697813501462936e+09 1.434216966039895453e+02 1.618593347611569655e+01
7.067538443734570503e+09 1.534055625453940479e+02 1.790298127242508386e+01
7.177050066278079033e+09 1.640959845835739941e+02 1.979316417131737538e+01
7.288258573184876442e+09 1.755439857051594856e+02 2.187317320765530226e+01
7.401190257705627441e+09 1.878040228622404584e+02 2.416118984717107310e+01
7.515871820505343437e+09 2.009344535546821930e+02 2.667705153785920658e+01
7.632330375976270676e+09 2.149983470092109599e+02 2.944249672134096585e+01
7.750593458648603439e+09 2.300630334207772023e+02 3.248118664678120382e+01
7.870689029700525284e+09 2.462006834298532851e+02 3.581892013126768859e+01
7.992645483569128990e+09 2.634893068391954216e+02 3.948395210332135719e+01
8.116491654663769722e+09 2.820122033208382959e+02 4.350701451082520776e+01
8.242256824183441162e+09 3.018586839774270061e+02 4.792159489341980816e+01
8.369970727039791107e+09 3.231252987036824038e+02 5.276434912911501129e+01
8.499663558887403488e+09 3.459151686421303111e+02 5.807511992697944692e+01
8.631365983263017654e+09 3.703388838379586332e+02 6.389729748420057120e+01
8.765109138835369110e+09 3.965160146065312006e+02 7.027835380143386601e+01
8.900924646767377853e+09 4.245742982431257815e+02 7.726985581721112339e+01
9.038844618192382812e+09 4.546507561184499195e+02 8.492793176098388130e+01
9.178901661806262970e+09 4.868935560080220739e+02 9.331396169416754560e+01
9.321128891577163696e+09 5.214610212595407575e+02 1.024945815129219682e+02
9.465559934574703217e+09 5.585230067454680238e+02 1.125422813538522036e+02
9.612228938920488358e+09 5.982632363606325043e+02 1.235363074646782451e+02
9.761170581861820221e+09 6.408780573560881066e+02 1.355626418930976911e+02
9.912420077970510483e+09 6.865781849086131388e+02 1.487147828707887527e+02
1.006601318746877289e+10 7.355915312130774737e+02 1.630948917849927682e+02
1.022198622468387222e+10 7.881617335818787069e+02 1.788137609331517694e+02
1.038037606663446045e+10 8.445503182697871125e+02 1.959918168784459453e+02
1.054122016174884987e+10 9.050401885115560390e+02 2.147605948708327048e+02
1.070455653871969604e+10 9.699338294623360071e+02 2.352626748106431478e+02
1.087042381549451637e+10 1.039556006656523550e+03 2.576529736583447061e+02
1.103886120840690231e+10 1.114258053002329916e+03 2.821006329628261255e+02
1.120990854144781494e+10 1.194415713199694665e+03 3.087889203757404744e+02
1.138360625568195534e+10 1.280432511856449537e+03 3.379168938371875015e+02
1.155999541880861473e+10 1.372745036277494592e+03 3.697018188711148241e+02
1.173911773487212181e+10 1.471820276729658872e+03 4.043790001144629400e+02
1.192101555412126160e+10 1.578159839402824446e+03 4.422039236688802930e+02
1.210573188302300262e+10 1.692306497762231402e+03 4.834553614805914208e+02
1.229331039442981911e+10 1.814840936412736710e+03 5.284351140047102717e+02
1.248379543790613937e+10 1.946386970339861819e+03 5.774707474837623522e+02
1.267723205021320915e+10 2.087619727812996189e+03 6.309195961122070457e+02
1.287366596595802307e+10 2.239261646988025404e+03 6.891683779461311588e+02
1.307314362840569115e+10 2.402088976207578071e+03 7.526367016720705578e+02
1.327571220046068001e+10 2.576941869597963432e+03 8.217821720263724501e+02
1.348141957581736374e+10 2.764719480043639578e+03 8.970998371401874465e+02
1.369031439028369331e+10 2.966388148437254586e+03 9.791267120032149478e+02
1.390244603328024483e+10 3.182993818070670386e+03 1.068448265761220000e+03
1.411786465951747131e+10 3.415656128120505400e+03 1.165697687392131684e+03
1.433662120085387230e+10 3.665578661893988283e+03 1.271561689793237292e+03
1.455876737833791733e+10 3.934064252606219725e+03 1.386788758580047670e+03
1.478435571443656158e+10 4.222507701965093474e+03 1.512188112336219092e+03
1.501343954545323753e+10 4.532408613283813793e+03 1.648637142993507950e+03
1.524607303413825607e+10 4.865390430705889230e+03 1.797091961529292803e+03
1.548231118249462509e+10 5.223191424481619833e+03 1.958585934053244273e+03
1.572220984478227997e+10 5.607680940980077139e+03 2.134239293378986986e+03
1.596582574072381401e+10 6.020882835767441065e+03 2.325272495918716686e+03
1.621321646891484261e+10 6.464964505704764633e+03 2.533004278218646505e+03
1.646444052044215012e+10 6.942256944990299417e+03 2.758863824633116110e+03
1.671955729271285820e+10 7.455284121109079024e+03 3.004407906563024426e+03
1.697862710349787521e+10 8.006749354362921622e+03 3.271318191471000773e+03
1.724171120519293976e+10 8.599560728935919542e+03 3.561416944944031457e+03
1.750887179930065918e+10 9.236867189031410817e+03 3.876688658203949672e+03
1.778017205113692856e+10 9.922042017481562652e+03 4.219276552466178146e+03
1.805567610476523209e+10 1.065871434181749100e+04 4.591502488858185643e+03
1.833544909816236115e+10 1.145081418864067200e+04 4.995894568177947804e+03
1.861955717861910248e+10 1.230255222816919922e+04 5.435182505772426339e+03
1.890806751837959671e+10 1.321845942074262894e+04 5.912323153013443516e+03
1.920104833052298355e+10 1.420344258169012573e+04 6.430535348841311134e+03
1.949856888509117508e+10 1.526275958288358197e+04 6.993293849813055203e+03
1.980069952546649170e+10 1.640206893788421075e+04 7.604361856401706973e+03
2.010751168500311661e+10 1.762749895880620534e+04 8.267835302178536949e+03
2.041907790391620255e+10 1.894561761451140410e+04 8.988135050405988295e+03
2.073547184643270874e+10 2.036349420039175675e+04 9.770048136776165848e+03
2.105676831820799255e+10 2.188878559022296395e+04 1.061878410046074714e+04
2.138304328401224136e+10 2.352969856101875848e+04 1.153996441284280445e+04
2.171437388569099045e+10 2.529506763935747949e+04 1.253967535245686850e+04
2.205083846040391541e+10 2.719446245129527597e+04 1.362453947203724965e+04
2.239251655914625931e+10 2.923814118441825849e+04 1.480170169586781412e+04
2.273948896555720901e+10 3.143714813754544593e+04 1.607889667117609679e+04
2.309183771501976013e+10 3.380344716299158608e+04 1.746453926174691151e+04
2.344964611405649185e+10 3.634986427074903622e+04 1.896770638931768553e+04
2.381299876002589035e+10 3.909021030864227941e+04 2.059822302204370499e+04
2.418198156112389374e+10 4.203944710403870704e+04 2.236677682854989325e+04
2.455668175669531250e+10 4.521361634937042982e+04 2.428489436410018970e+04
2.493718793786003494e+10 4.862999387029245554e+04 2.636505078052831595e+04
2.532359006845876312e+10 5.230729552719885396e+04 2.862081440019885486e+04
2.571597950632338333e+10 5.626559039188185852e+04 3.106681637602208139e+04
2.611444902487685776e+10 6.052649461485965003e+04 3.371889051915369782e+04
2.651909283506784439e+10 6.511342718852325925e+04 3.659425582791237684e+04
2.693000660764516449e+10 7.005150300994938880e+04 3.971147735489343177e+04
2.734728749577756119e+10 7.536777584653570375e+04 4.309064389432122698e+04
2.777103415802324677e+10 8.109155721176567022e+04 4.675359898937751132e+04
2.820134678165718460e+10 8.725428476064674032e+04 5.072389066949538392e+04
2.863832710635686874e+10 9.388982694954975159e+04 5.502699722813981498e+04
2.908207844825865936e+10 1.010348804612509557e+05 5.969061931087197445e+04
2.953270572438319778e+10 1.087288071532884642e+05 6.474461480976084567e+04
2.999031547744300079e+10 1.170140170522070548e+05 7.022128620936411608e+04
3.045501590103067017e+10 1.259364640658602293e+05 7.615574992730496160e+04
3.092691686520127106e+10 1.355454437497415929e+05 8.258585207226357306e+04
3.140612994244713593e+10 1.458940757977742178e+05 8.955253464911045739e+04
3.189276843407919312e+10 1.570399195420821197e+05 9.710030043571362330e+04
3.238694739701298904e+10 1.690447259812620177e+05 1.052771061553956097e+05
3.288878367097387695e+10 1.819750435114538705e+05 1.141348275588073011e+05
3.339839590611959457e+10 1.959029853756568627e+05 1.237298463640161935e+05
3.391590459109505844e+10 2.109059225274057826e+05 1.341229129439505632e+05
3.444143208151760101e+10 2.270672454030193912e+05 1.453797375887365488e+05
3.497510262890793610e+10 2.444773211332444334e+05 1.575717313557913003e+05
3.551704241006510925e+10 2.632331127998006996e+05 1.707758297219492379e+05
3.606737955690029144e+10 2.834391375714892638e+05 1.850752440117118822e+05
3.662624418673052979e+10 3.052086601477493532e+05 2.005603956979473587e+05
3.719376843304282379e+10 3.286632230472198571e+05 2.173286919783672492e+05
3.777008647673467255e+10 3.539338507769345888e+05 2.354854797011526534e+05
3.835533457783876801e+10 3.811625363931060419e+05 2.551452220210286614e+05
3.894965110773921204e+10 4.105016614431987400e+05 2.764312128149057389e+05
3.955317658188692474e+10 4.421155112907352741e+05 2.994767885417536600e+05
4.016605369302202606e+10 4.761821311693820171e+05 3.244268125696477946e+05
4.078842734491096497e+10 5.128926047714523738e+05 3.514373086918146582e+05
4.142044468660636902e+10 5.524529613355858019e+05 3.806770001941851806e+05
4.206225514723783875e+10 5.950864898648834787e+05 4.123291790900003398e+05
4.271401047134175110e+10 6.410328488809585106e+05 4.465912417218892369e+05
4.337586475473851776e+10 6.905504692365034716e+05 4.836766446828518528e+05
4.404797448096579742e+10 7.439194326852798695e+05 5.238172526380320778e+05
4.473049855827618408e+10 8.014403736120341346e+05 5.672627508442985127e+05
4.542359835720822906e+10 8.634375023153731599e+05 6.142831268210215494e+05
4.612743774873957062e+10 9.302622009917703690e+05 6.651716295412479667e+05
4.684218314303132629e+10 1.002291666402035160e+06 7.202440254655671306e+05
4.756800352877272034e+10 1.079932696003263351e+06 7.798417326863021590e+05
4.830507051313546753e+10 1.163626196520091034e+06 8.443355615317500196e+05
4.905355836234719086e+10 1.253845486299912678e+06 9.141247581796536688e+05
4.981364404289352417e+10 1.351101085652538110e+06 9.896409987537862035e+05
5.058550726335865021e+10 1.455946325276890537e+06 1.071353082193494076e+06
5.136933051691418457e+10 1.568975235977602890e+06 1.159765712592611322e+06
5.216529912446638489e+10 1.690828593895190861e+06 1.255424575574300950e+06
5.297360127847194672e+10 1.822200914016330615e+06 1.358922236542114755e+06
5.379442808743273926e+10 1.963837858102723490e+06 1.470896616729128174e+06
5.462797362107994080e+10 2.116543813666903879e+06 1.592037404441478197e+06
5.547443495625836945e+10 2.281190634738774970e+06 1.723093481245316099e+06
5.633401222352174377e+10 2.458714426264569629e+06 1.864870991192394169e+06
5.720690865444994354e+10 2.650125107350555249e+06 2.018241483691058820e+06
5.809333062969945526e+10 2.856517329536044504e+06 2.184151255713802762e+06
5.899348772779840851e+10 3.079066445436062757e+06 2.363618874655027874e+06
5.990759277469759369e+10 3.319040590036274865e+06 2.557745528924607206e+06
6.083586189408935547e+10 3.577814289028927218e+06 2.767726752585732844e+06
6.177851455850615692e+10 3.856863505419087131e+06 2.994849332070331089e+06
6.273577364121088409e+10 4.157780851363948546e+06 3.240504419643491041e+06
6.370786546889126587e+10 4.482292507801855914e+06 3.506202209762842394e+06
6.469501987517070007e+10 4.832252149044331163e+06 3.793568087713968009e+06
6.569747025494829559e+10 5.209660059137954377e+06 4.104359208402885590e+06
6.671545361958090973e+10 5.616684378879779018e+06 4.440483033305726945e+06
6.774921065292021179e+10 6.055653463710259646e+06 4.803992383735572919e+06
6.879898576821803284e+10 6.529079944873721339e+06 5.197106426044968888e+06
6.986502716591351318e+10 7.039687328744600527e+06 5.622234011078921147e+06
7.094758689231559753e+10 7.590400491725125350e+06 6.081967416068002582e+06
7.204692089919517517e+10 8.184376101386608556e+06 6.579109014114828780e+06
7.316328910429875183e+10 8.825035688060140237e+06 7.116700464487824589e+06
7.429695545280467224e+10 9.516053892769519240e+06 7.698014859707918949e+06
7.544818797972360229e+10 1.026139679575409926e+07 8.326590499976159073e+06
7.661725887327552795e+10 1.106536332696852647e+07 9.006267633979897946e+06
7.780444453923883057e+10 1.193257073045997694e+07 9.741178608409600332e+06
7.901002566630638123e+10 1.286800257477144897e+07 1.053579039567073435e+07
8.023428729244435120e+10 1.387706072954733856e+07 1.139495093107038550e+07
8.147751887228942871e+10 1.496554713480073586e+07 1.232387655093962513e+07
8.274001434557991028e+10 1.613972469063442759e+07 1.332820616428095102e+07
8.402207220665780640e+10 1.740638196415074915e+07 1.441405923306814767e+07
8.532399557503701782e+10 1.877281036031486839e+07 1.558801979660128430e+07
8.664609226707601929e+10 2.024688111138813570e+07 1.685720526283362135e+07
8.798867486874992371e+10 2.183712600648738444e+07 1.822933908682819083e+07
8.935206080956144714e+10 2.355270946570973843e+07 1.971273103580057994e+07
9.073657243758566284e+10 2.540352501554929838e+07 2.131636378768725321e+07
9.214253709568925476e+10 2.740029639000329748e+07 2.304998433942154795e+07
9.357028719891931152e+10 2.955454274789803475e+07 2.492407910275631770e+07
9.502016031310092163e+10 3.187870059753702581e+07 2.694998378319439664e+07
9.649249923464677429e+10 3.438625036815722287e+07 2.913999829041300714e+07
9.798765207160548401e+10 3.709167224263404310e+07 3.150735460175554827e+07
9.950597232596549988e+10 4.001060061609815806e+07 3.406635647596273571e+07
1.010478189772343445e+11 4.315998183097328246e+07 3.683252325091786683e+07
1.026135565673127899e+11 4.655802030138362199e+07 3.982255033292841166e+07
1.042035552866842499e+11 5.022437253631589562e+07 4.305448538903830945e+07
1.058181910619396820e+11 5.418034379119051993e+07 4.654790832737658918e+07
1.074578456446586761e+11 5.844882173841889203e+07 5.032388219979821891e+07
1.091229067016676788e+11 6.305452097844467312e+07 5.440517604461926967e+07
1.108137679066969299e+11 6.802422993616212904e+07 5.881649163126125932e+07
1.125308290334574432e+11 7.338672674152989686e+07 6.358440032239422947e+07
1.142744960501604004e+11 7.917308797865144908e+07 6.873762540902844071e+07
1.160451812155009613e+11 8.541699756100222468e+07 7.430732674904994667e+07
