# T[K] Gamma_nTOp[1/tau_n] Gamma_pTOn[1/tau_n]
# fingerprint_hash: 50ad6bf113953cc1
# fingerprint: {"QED_corrections":true,"T_end_MeV":0.0001,"T_start_cosmo_MeV":40.0,"analytic_distortions":false,"delta_xi_nu":0.0,"finite_mass_corrections":true,"format_version":1,"incomplete_decoupling":true,"munuOverTnu":0.0,"nevo_file":null,"nevo_file_prefix":"NEVOPRIMAT","nevo_spectral_file":null,"opposite_neutrino_chemical_potential":false,"radiative_corrections":true,"sampling_nTOp_per_decade":80,"spectral_distortions":true,"y_SZ":0.0,"y_gray":0.0}
1.160451812155007152e+06 9.999998335890020185e-01 0.000000000000000000e+00
1.194423774848161964e+06 9.999998287204117098e-01 0.000000000000000000e+00
1.229390259017469129e+06 9.999998237104441579e-01 0.000000000000000000e+00
1.265380379052794306e+06 9.999998185550738050e-01 0.000000000000000000e+00
1.302424101661148015e+06 9.999998132501466408e-01 0.000000000000000000e+00
1.340552270818068646e+06 9.999998077913725414e-01 0.000000000000000000e+00
1.379796633449450601e+06 9.999998021743201626e-01 0.000000000000000000e+00
1.420189865865226369e+06 9.999997963944086132e-01 0.000000000000000000e+00
1.461765600966865197e+06 9.999997904469011267e-01 0.000000000000000000e+00
1.504558456251363736e+06 9.999997843268980668e-01 0.000000000000000000e+00
1.548604062635073205e+06 9.999997780293303773e-01 0.000000000000000000e+00
1.593939094121308997e+06 9.999997715489522543e-01 0.000000000000000000e+00
1.640601298336490057e+06 9.999997648803363726e-01 0.000000000000000000e+00
1.688629527960198000e+06 9.999997580178660028e-01 0.000000000000000000e+00
1.738063773075376172e+06 9.999997509557311259e-01 0.000000000000000000e+00
1.788945194465545705e+06 9.999997436879232149e-01 0.000000000000000000e+00
1.841316157886786154e+06 9.999997362082301278e-01 0.000000000000000000e+00
1.895220269343055319e+06 9.999997285102331102e-01 0.000000000000000000e+00
1.950702411394152790e+06 9.999997205873027983e-01 0.000000000000000000e+00
2.007808780526589602e+06 9.999997124325965547e-01 0.000000000000000000e+00
2.066586925618517678e+06 9.999997040390576908e-01 0.000000000000000000e+00
2.127085787530675530e+06 9.999996953994114701e-01 0.000000000000000000e+00
2.189355739856346976e+06 9.999996865061657747e-01 0.000000000000000000e+00
2.253448630864310078e+06 9.999996773516096615e-01 0.000000000000000000e+00
2.319417826669610105e+06 9.999996679278130296e-01 0.000000000000000000e+00
2.387318255668149795e+06 9.999996582266256206e-01 0.000000000000000000e+00
2.457206454272137024e+06 9.999996482396772413e-01 0.000000000000000000e+00
2.529140613984378055e+06 9.999996379583769857e-01 0.000000000000000000e+00
2.603180629850666504e+06 9.999996273739131247e-01 0.000000000000000000e+00
2.679388150330644567e+06 9.999996164772502194e-01 0.000000000000000000e+00
2.757826628628573846e+06 9.999996052591291207e-01 0.000000000000000000e+00
2.838561375526837073e+06 9.999995937100628618e-01 0.000000000000000000e+00
2.921659613766088616e+06 9.999995818203338827e-01 0.000000000000000000e+00
3.007190534017433412e+06 9.999995695799882567e-01 0.000000000000000000e+00
3.095225352493126877e+06 9.999995569788310279e-01 0.000000000000000000e+00
3.185837370243811514e+06 9.999995440064163299e-01 0.000000000000000000e+00
3.279102034191722516e+06 9.999995306520413907e-01 0.000000000000000000e+00
3.375096999950573780e+06 9.999995169047334320e-01 0.000000000000000000e+00
3.473902196484477259e+06 9.999995027532390113e-01 0.000000000000000000e+00
3.575599892659796868e+06 9.999994881860092555e-01 0.000000000000000000e+00
3.680274765745237935e+06 9.999994731911874268e-01 0.000000000000000000e+00
3.788013971917252522e+06 9.999994577565892717e-01 0.000000000000000000e+00
3.898907218829544261e+06 9.999994418696879217e-01 0.000000000000000000e+00
4.013046840306964237e+06 9.999994255175947977e-01 0.000000000000000000e+00
4.130527873226046562e+06 9.999994086870410692e-01 0.000000000000000000e+00
4.251448136646280065e+06 9.999993913643574484e-01 0.000000000000000000e+00
4.375908313257860020e+06 9.999993735354546498e-01 0.000000000000000000e+00
4.504012033213795163e+06 9.999993551858039620e-01 0.000000000000000000e+00
4.635865960416263901e+06 9.999993363004169300e-01 0.000000000000000000e+00
4.771579881328906864e+06 9.999993168638270369e-01 0.000000000000000000e+00
4.911266796389074065e+06 9.999992968600709409e-01 0.000000000000000000e+00
5.055043014096228406e+06 9.999992762726699347e-01 0.000000000000000000e+00
5.203028247854683548e+06 9.999992550846135142e-01 0.000000000000000000e+00
5.355345715651390143e+06 9.999992332783436133e-01 0.000000000000000000e+00
5.512122242651852779e+06 9.999992108357390608e-01 0.000000000000000000e+00
5.673488366799422540e+06 9.999991877381012584e-01 0.000000000000000000e+00
5.839578447506044991e+06 9.999991639661411913e-01 0.000000000000000000e+00
6.010530777524835430e+06 9.999991394999665495e-01 0.000000000000000000e+00
6.186487698097817600e+06 9.999991143190702925e-01 0.000000000000000000e+00
6.367595717474482954e+06 9.999990884023191029e-01 0.000000000000000000e+00
6.554005632899941877e+06 9.999990617279420624e-01 0.000000000000000000e+00
6.745872656174374744e+06 9.999990342735211035e-01 0.000000000000000000e+00
6.943356542888090014e+06 9.999990060159785754e-01 0.000000000000000000e+00
7.146621725439900532e+06 9.999989769315671406e-01 0.000000000000000000e+00
7.355837449949711561e+06 9.999989469958577848e-01 0.000000000000000000e+00
7.571177917179075070e+06 9.999989161837267160e-01 0.000000000000000000e+00
7.792822427577140741e+06 9.999988844693429302e-01 0.000000000000000000e+00
8.020955530572948977e+06 9.999988518261517800e-01 0.000000000000000000e+00
8.255767178238056600e+06 9.999988182268588766e-01 0.000000000000000000e+00
8.497452883447702974e+06 9.999987836434118815e-01 0.000000000000000000e+00
8.746213882672000676e+06 9.999987480469790802e-01 0.000000000000000000e+00
9.002257303532974795e+06 9.999987114079288419e-01 0.000000000000000000e+00
9.265796337266651914e+06 9.999986736958024203e-01 0.000000000000000000e+00
9.537050416233910248e+06 9.999986348792895274e-01 0.000000000000000000e+00
9.816245396628113464e+06 9.999985949261980256e-01 0.000000000000000000e+00
1.010361374653128162e+07 9.999985538034246169e-01 0.000000000000000000e+00
1.039939473947557062e+07 9.999985114769223138e-01 0.000000000000000000e+00
1.070383465367138945e+07 9.999984679116673547e-01 0.000000000000000000e+00
1.101718697706771642e+07 9.999984230716247868e-01 0.000000000000000000e+00
1.133971261841546744e+07 9.999983769197150485e-01 0.000000000000000000e+00
1.167168012450993806e+07 9.999983294177774429e-01 0.000000000000000000e+00
1.201336590379273519e+07 9.999982805265359431e-01 0.000000000000000000e+00
1.236505445649960823e+07 9.999982302055657746e-01 0.000000000000000000e+00
1.272703861154604144e+07 9.999981784132579987e-01 0.000000000000000000e+00
1.309961977034736983e+07 9.999981251067870947e-01 0.000000000000000000e+00
1.348310815777668729e+07 9.999980702420779854e-01 0.000000000000000000e+00
1.387782308046972565e+07 9.999980137737752850e-01 0.000000000000000000e+00
1.428409319269130938e+07 9.999979556552096582e-01 0.000000000000000000e+00
1.470225676998497546e+07 9.999978958383681782e-01 0.000000000000000000e+00
1.513266199083390087e+07 9.999978342738632398e-01 0.000000000000000000e+00
1.557566722656711750e+07 9.999977709109001411e-01 0.000000000000000000e+00
1.603164133975265734e+07 9.999977056972462197e-01 0.000000000000000000e+00
1.650096399132637493e+07 9.999976385791976563e-01 0.000000000000000000e+00
1.698402595671162382e+07 9.999975695015469457e-01 0.000000000000000000e+00
1.748122945119322836e+07 9.999974984075480355e-01 0.000000000000000000e+00
1.799298846481704339e+07 9.999974252388820206e-01 0.000000000000000000e+00
1.851972910709329695e+07 9.999973499356212825e-01 0.000000000000000000e+00
1.906188996179104224e+07 9.999972724361937404e-01 0.000000000000000000e+00
1.961992245211946219e+07 9.999971926773454367e-01 0.000000000000000000e+00
2.019429121659941226e+07 9.999971105941052318e-01 0.000000000000000000e+00
2.078547449593874440e+07 9.999970261197479449e-01 0.000000000000000000e+00
2.139396453123306111e+07 9.999969391857600476e-01 0.000000000000000000e+00
2.202026797382412851e+07 9.999968497218052477e-01 0.000000000000000000e+00
2.266490630715640634e+07 9.999967576556919591e-01 0.000000000000000000e+00
2.332841628098354116e+07 9.999966629133439922e-01 0.000000000000000000e+00
2.401135035828592256e+07 9.999965654187727981e-01 0.000000000000000000e+00
2.471427717527209967e+07 9.999964650940514899e-01 0.000000000000000000e+00
2.543778201484620571e+07 9.999963618592953019e-01 0.000000000000000000e+00
2.618246729393604398e+07 9.999962556326437157e-01 0.000000000000000000e+00
2.694895306508802250e+07 9.999961463302475817e-01 0.000000000000000000e+00
2.773787753274573386e+07 9.999960338662614578e-01 0.000000000000000000e+00
2.854989758464243636e+07 9.999959181528426111e-01 0.000000000000000000e+00
2.938568933875045553e+07 9.999957991001555691e-01 0.000000000000000000e+00
3.024594870624187589e+07 9.999956766163863309e-01 0.000000000000000000e+00
3.113139197092977539e+07 9.999955506077630174e-01 0.000000000000000000e+00
3.204275638567303866e+07 9.999954209785895110e-01 0.000000000000000000e+00
3.298080078624019027e+07 9.999952876312886429e-01 0.000000000000000000e+00
3.394630622314398736e+07 9.999951504664611468e-01 0.000000000000000000e+00
3.494007661197337508e+07 9.999950093829588216e-01 0.000000000000000000e+00
3.596293940276323259e+07 9.999948642779747932e-01 0.000000000000000000e+00
3.701574626895964146e+07 9.999947150471544255e-01 0.000000000000000000e+00
3.809937381655522436e+07 9.999945615847321001e-01 0.000000000000000000e+00
3.921472431398352981e+07 9.999944037836864252e-01 0.000000000000000000e+00
4.036272644338091463e+07 9.999942415359340808e-01 0.000000000000000000e+00
4.154433607384214550e+07 9.999940747325495316e-01 0.000000000000000000e+00
4.276053705731222034e+07 9.999939032640265957e-01 0.000000000000000000e+00
4.401234204777763784e+07 9.999937270205802031e-01 0.000000000000000000e+00
4.530079334444013983e+07 9.999935458924987808e-01 0.000000000000000000e+00
4.662696375957339257e+07 9.999933597705467081e-01 0.000000000000000000e+00
4.799195751178593934e+07 9.999931685464341635e-01 0.000000000000000000e+00
4.939691114543503523e+07 9.999929721133483662e-01 0.000000000000000000e+00
5.084299447695536911e+07 9.999927703665707490e-01 0.000000000000000000e+00
5.233141156889118254e+07 9.999925632041756218e-01 0.000000000000000000e+00
5.386340173244398832e+07 9.999923505278305313e-01 0.000000000000000000e+00
5.544024055936867744e+07 9.999921322437083093e-01 0.000000000000000000e+00
5.706324098407810181e+07 9.999919082635236878e-01 0.000000000000000000e+00
5.873375437684158981e+07 9.999916785057113566e-01 0.000000000000000000e+00
6.045317166898543388e+07 9.999914428967632274e-01 0.000000000000000000e+00
6.222292451103405654e+07 9.999912013727443316e-01 0.000000000000000000e+00
6.404448646475479007e+07 9.999909538810110021e-01 0.000000000000000000e+00
6.591937423010069132e+07 9.999907003821534301e-01 0.000000000000000000e+00
6.784914890807065368e+07 9.999904408521937960e-01 0.000000000000000000e+00
6.983541730054014921e+07 9.999901752850725023e-01 0.000000000000000000e+00
7.187983324814344943e+07 9.999899036954529308e-01 0.000000000000000000e+00
7.398409900732341409e+07 9.999896261218903515e-01 0.000000000000000000e+00
7.614996666769285500e+07 9.999893426304059529e-01 0.000000000000000000e+00
7.837923961088877916e+07 9.999890533185189501e-01 0.000000000000000000e+00
8.067377401213566959e+07 9.999887583197927254e-01 0.000000000000000000e+00
8.303548038576523960e+07 9.999884578089552889e-01 0.000000000000000000e+00
8.546632517598097026e+07 9.999881520076708830e-01 0.000000000000000000e+00
8.796833239419335127e+07 9.999878411910391174e-01 0.000000000000000000e+00
9.054358530428627133e+07 9.999875256949108948e-01 0.000000000000000000e+00
9.319422815721915662e+07 9.999872059241259326e-01 0.000000000000000000e+00
9.592246797641080618e+07 9.999868823617804603e-01 0.000000000000000000e+00
9.873057639538833499e+07 9.999865555796557670e-01 0.000000000000000000e+00
1.016208915492325127e+08 9.999862262499479293e-01 0.000000000000000000e+00
1.045958200213979483e+08 9.999858951584621458e-01 0.000000000000000000e+00
1.076578388475208879e+08 9.999855632194474264e-01 0.000000000000000000e+00
1.108094975778920650e+08 9.999852314922760277e-01 0.000000000000000000e+00
1.140534204003080726e+08 9.999849012001970072e-01 0.000000000000000000e+00
1.173923083250646591e+08 9.999845737514119204e-01 0.000000000000000000e+00
1.208289414339191765e+08 9.999842507627649812e-01 0.000000000000000000e+00
1.243661811948912442e+08 9.999839340863656556e-01 0.000000000000000000e+00
1.280069728448240012e+08 9.999836258395021771e-01 0.000000000000000000e+00
1.317543478416987956e+08 9.999833284382548815e-01 0.000000000000000000e+00
1.356114263887411058e+08 9.999830446352593327e-01 0.000000000000000000e+00
1.395814200324140787e+08 9.999827775621304982e-01 0.000000000000000000e+00
1.436676343364725709e+08 9.999825307771197380e-01 0.000000000000000000e+00
1.478734716342998445e+08 9.999823083186473172e-01 0.000000000000000000e+00
1.522024338618128896e+08 9.999821147654308628e-01 0.000000000000000000e+00
1.566581254733055234e+08 9.999819553040178999e-01 0.000000000000000000e+00
1.612442564426526427e+08 9.999818358046344002e-01 0.000000000000000000e+00
1.659646453523680866e+08 9.999817629785652251e-01 0.000000000000000000e+00
1.708232225730995834e+08 9.999817441861864609e-01 0.000000000000000000e+00
1.758240335362032056e+08 9.999817879780501517e-01 0.000000000000000000e+00
1.809712421021151841e+08 9.999819039221663486e-01 0.000000000000000000e+00
1.862691340273382664e+08 9.999821028088978769e-01 0.000000000000000000e+00
1.917221205329236984e+08 9.999823968198420232e-01 0.000000000000000000e+00
1.973347419774128497e+08 9.999827996860057855e-01 0.000000000000000000e+00
2.031116716373098791e+08 9.999833268636522110e-01 0.000000000000000000e+00
2.090577195982275307e+08 9.999839957919756106e-01 0.000000000000000000e+00
2.151778367599376738e+08 9.999848260777918219e-01 0.000000000000000000e+00
2.214771189586761594e+08 9.999858398700903761e-01 0.000000000000000000e+00
2.279608112101274729e+08 9.999870620017574652e-01 0.000000000000000000e+00
2.346343120766140223e+08 9.999885204778959924e-01 0.000000000000000000e+00
2.415031781621412933e+08 9.999902467808884365e-01 0.000000000000000000e+00
2.485731287390354574e+08 9.999922763334778697e-01 0.000000000000000000e+00
2.558500505100153685e+08 9.999946490344266969e-01 2.520882445070815227e-28
2.633400025096821785e+08 9.999974095046998412e-01 1.445405338457375727e-27
2.710492211494992375e+08 1.000000609008974140e+00 7.901036896172961286e-27
2.789841254104528427e+08 1.000004302083139285e+00 4.123109358362922719e-26
2.871513221877367496e+08 1.000008554719918896e+00 2.057025407216508661e-25
2.955576117919012904e+08 1.000013437954020645e+00 9.821976382006309027e-25
3.042099936110370755e+08 1.000019030731524428e+00 4.494061113826555923e-24
3.131156719387277365e+08 1.000025425139910995e+00 1.972800692283150993e-23
3.222820619726160765e+08 1.000032722427459220e+00 8.318844774552566369e-23
3.317167959885642529e+08 1.000041036676844408e+00 3.373263931696044155e-22
3.414277296955730319e+08 1.000050496325499250e+00 1.316786855416295679e-21
3.514229487767407298e+08 1.000061246072184717e+00 4.953523576864748261e-21
3.617107756216938496e+08 1.000073448694986045e+00 1.797537899436754468e-20
3.722997762561208606e+08 1.000087287305160944e+00 6.299180274583853176e-20
3.831987674741675258e+08 1.000102968088711686e+00 2.133816133677189673e-19
3.944168241796168089e+08 1.000120724162568253e+00 6.993717366990835239e-19
4.059632869419945478e+08 1.000140818320752967e+00 2.219922530351927751e-18
4.178477697738785744e+08 1.000163547667024533e+00 6.830236978711533553e-18
4.300801681358719468e+08 1.000189249376673528e+00 2.038831946503982640e-17
4.426706671759345531e+08 1.000218305836025001e+00 5.909424548781283815e-17
4.556297502099201679e+08 1.000251152317402026e+00 1.664520160790346674e-16
4.689682074503630400e+08 1.000288285697177981e+00 4.560005298953798050e-16
4.826971449908131361e+08 1.000330275656341028e+00 1.215964428220419859e-15
4.968279940531876683e+08 1.000377775629861965e+00 3.158587141612990241e-15
5.113725205058177710e+08 1.000431539353435761e+00 7.998556021823778844e-15
5.263428346601520181e+08 1.000492438658922900e+00 1.976064685335647804e-14
5.417514013542568684e+08 1.000561487616544065e+00 4.766272915750442579e-14
5.576110503314876556e+08 1.000639863467331248e+00 1.123196472480840589e-13
5.739349869230254889e+08 1.000728965113595548e+00 2.587836806183200603e-13
5.907368030431095362e+08 1.000830390306162165e+00 5.833380417153481408e-13
6.080304885061746836e+08 1.000946078193396094e+00 1.287354915005929904e-12
6.258304426752967834e+08 1.001078288723393550e+00 2.783302359287850700e-12
6.441514864516215324e+08 1.001229701156716612e+00 5.899111529653396993e-12
6.630088746148020029e+08 1.001403502671334600e+00 1.226434948645207571e-11
6.824183085247018337e+08 1.001603475816856159e+00 2.502635541487724658e-11
7.023959491949106455e+08 1.001834123786590647e+00 5.015344778506594154e-11
7.229584307490235567e+08 1.002100810996124913e+00 9.876431104699703292e-11
7.441228742708098888e+08 1.002409948780862203e+00 1.912216820090384102e-10
7.659069020598695278e+08 1.002769188210264284e+00 3.642049338731044047e-10
7.883286523046215773e+08 1.003187557534294116e+00 6.827006722270498131e-10
8.114067941848138571e+08 1.003675838343743631e+00 1.260070903763006372e-09
8.351605434161820412e+08 1.004246856221581385e+00 2.291055408692200332e-09
8.596096782501769066e+08 1.004915956946133448e+00 4.105366501739621606e-09
8.847745559420487881e+08 1.005701036751451838e+00 7.252597583250263044e-09
9.106761297010622025e+08 1.006623402024362735e+00 1.263629172703673760e-08
9.373359661369252205e+08 1.007708459675309420e+00 2.172194445126512366e-08
9.647762632169255018e+08 1.008985712275558333e+00 3.685106161897809415e-08
9.930198687487908602e+08 1.010490084435632596e+00 6.171681785062204481e-08
1.022090299404632449e+09 1.012262769679777685e+00 1.020683486769703337e-07
1.052011760301773071e+09 1.014351531155275543e+00 1.667282393426330883e-07
1.082809165156836033e+09 1.016812770430829183e+00 2.690769253480747833e-07
1.114508157029842138e+09 1.019711790206216939e+00 4.291268510694237110e-07
1.147135129675544500e+09 1.023124975927095504e+00 6.764557928061134662e-07
1.180717249519859791e+09 1.027140871149618162e+00 1.054222503783612202e-06
1.215282478279654264e+09 1.031862245106794029e+00 1.624654589229304316e-06
1.250859596244677782e+09 1.037408080528023246e+00 2.476424279150249457e-06
1.287478226241111994e+09 1.043915539774744827e+00 3.734409753931914010e-06
1.325168858296648741e+09 1.051543499005881177e+00 5.572674187698417296e-06
1.363962875027585745e+09 1.060473352742317132e+00 8.230967138950267271e-06
1.403892577769169807e+09 1.070915746056113171e+00 1.203686590757634409e-05
1.444991213470902681e+09 1.083109830434995535e+00 1.743281013510533385e-05
1.487293002379149437e+09 1.097331691993967073e+00 2.501229528470169612e-05
1.530833166530198097e+09 1.113896102807043764e+00 3.556432993718299619e-05
1.575647959077452183e+09 1.133161283094845651e+00 5.013014230708511150e-05
1.621774694477110863e+09 1.155540694956173509e+00 7.007801545369282529e-05
1.669251779557586193e+09 1.181495290462714509e+00 9.718898091508732082e-05
1.718118745498470783e+09 1.211563507456445032e+00 1.337846226217738997e-04
1.768416280745623112e+09 1.246344219439990297e+00 1.828634317920095783e-04
1.820186264889892578e+09 1.286526819868303972e+00 2.483038026751009306e-04
1.873471803537642002e+09 1.332889701870274557e+00 3.351024542313581385e-04
1.928317264202027798e+09 1.386312235480821053e+00 4.496885880610335790e-04
1.984768313245055676e+09 1.447802695204207568e+00 6.003455306760402876e-04
2.042871953901109934e+09 1.518480985698928531e+00 7.976991794348772423e-04
2.102676565413540125e+09 1.599647589260823288e+00 1.055452709763006307e-03
2.164231943317032814e+09 1.692729881373644885e+00 1.391154712636690025e-03
2.227589340899246693e+09 1.799397134962323452e+00 1.827443034362000434e-03
2.292801511876145363e+09 1.921473337986822072e+00 2.393270441873128224e-03
2.359922754316719055e+09 2.061089884475074907e+00 3.125931277077386838e-03
2.429008955853600979e+09 2.220587366365523341e+00 4.073055420733363852e-03
2.500117640217119217e+09 2.402672708284834702e+00 5.295753447617908283e-03
2.573308015131715775e+09 2.610364336486523218e+00 6.871949921348837094e-03
2.648641021614521503e+09 2.847081970811321305e+00 8.900954237424979834e-03
2.726179384717043400e+09 3.116738441600920506e+00 1.150923990167841346e-02
2.805987665752393723e+09 3.423633605976078353e+00 1.485645186646427154e-02
2.888132316051467896e+09 3.772808108536891414e+00 1.914542955287629536e-02
2.972681732292714119e+09 4.169813804532457979e+00 2.463082487699062156e-02
3.059706313451775551e+09 4.620979977999491339e+00 3.163278040654268763e-02
3.149278519418322563e+09 5.133543506554772762e+00 4.055300160632233086e-02
3.241472931328767300e+09 5.715524531829989208e+00 5.189097295527343029e-02
3.336366313665314674e+09 6.376155630110673656e+00 6.626987362028974315e-02
3.434037678172955513e+09 7.125894210605087764e+00 8.446301914515158549e-02
3.534568349647494316e+09 7.976419518478216730e+00 1.074236798962777684e-01
3.638042033649620056e+09 8.941104348347524322e+00 1.363292983772560474e-01
3.744544886201307297e+09 1.003515643119831857e+01 1.726287803294622170e-01
3.854165585522418976e+09 1.127569613985486185e+01 2.180955521414564835e-01
3.966995405867522717e+09 1.268200741477579818e+01 2.748928228934327533e-01
4.083128293524262428e+09 1.427633022409475139e+01 3.456696322455926618e-01
4.202660945036424160e+09 1.608369900714862766e+01 4.336424588772371247e-01
4.325692887717103958e+09 1.813243323337075807e+01 5.427101166633709894e-01
4.452326562518890381e+09 2.045464305128564320e+01 6.775894742615853339e-01
4.582667409329891205e+09 2.308713604042718615e+01 8.439957633563156536e-01
4.716823954766941071e+09 2.607150896137094520e+01 1.048810195973022941e+00
4.854907902538939476e+09 2.945502527438224050e+01 1.300313178461626196e+00
4.997034226455383301e+09 3.329104124749677140e+01 1.608423771494602805e+00
5.143321266157875061e+09 3.764089190567916887e+01 1.985081058671114285e+00
5.293890825654153824e+09 4.257405374697484035e+01 2.444559125901280439e+00
5.448868274736477852e+09 4.816951962638442808e+01 3.003915012472977430e+00
5.608382653369332314e+09 5.451717224137684781e+01 3.683504169303186693e+00
5.772566779132723808e+09 6.171887835107132503e+01 4.507537616204086106e+00
5.941557357811084747e+09 6.989137726882296420e+01 5.504904123122424053e+00
6.115495097219647408e+09 7.916737763019619933e+01 6.709920313172420769e+00
6.294524824362837791e+09 8.969795105266585722e+01 8.163314688008616926e+00
6.478795606022672653e+09 1.016552301836758261e+02 9.913382643005714812e+00
6.668460872877367020e+09 1.152353952208989369e+02 1.201732959976800430e+01
6.863678547253212929e+09 1.306614317796982903e+02 1.454273822739803990e+01
7.064611174616772652e+09 1.481888483643727454e+02 1.756968661109788243e+01
7.271426058916065216e+09 1.681085720164586803e+02 2.119267191936445727e+01
7.484295401884109497e+09 1.907524376576617442e+02 2.552318376910803011e+01
7.703396446420556068e+09 2.164991205940957286e+02 3.069266074101434683e+01
7.928911624170516014e+09 2.457808493326837720e+02 3.685593170066037771e+01
8.161028707423984528e+09 2.790910916366589731e+02 4.419524492380961789e+01
8.399940965462114334e+09 3.169923000299088471e+02 5.292470430769679268e+01
8.645847325480176926e+09 3.601290393187709356e+02 6.329643542085531749e+01
8.898952538221807480e+09 4.092366988107320935e+02 7.560634265980091584e+01
9.159467348462171555e+09 4.651556163747853248e+02 9.020177614150159684e+01
9.427608670481653214e+09 5.288462897813573136e+02 1.074901911818619027e+02
9.703599768676830292e+09 6.014067903368224961e+02 1.279492782722885380e+02
9.987670443458787918e+09 6.840927367829141303e+02 1.521388003092883423e+02
1.028005722259323120e+10 7.783401955660777958e+02 1.807142191794670509e+02
1.058100355814237022e+10 8.857902411231602855e+02 2.144423016156790993e+02
1.089076002917226219e+10 1.008323837332571316e+03 2.542210058767175553e+02
1.120958455039395523e+10 1.148092059391272187e+03 3.010998967705122027e+02
1.153774258691297150e+10 1.307556952518910066e+03 3.563057735905420600e+02
1.187550737526551247e+10 1.489537129523217345e+03 4.212717477961089116e+02
1.222316015092505455e+10 1.697259998256997960e+03 4.976714667228101234e+02
1.258099038246954536e+10 1.934421704544176237e+03 5.874585847027739192e+02
1.294929601260383224e+10 2.205255940087210092e+03 6.929126057146464746e+02
1.332838370623748016e+10 2.514612973122423227e+03 8.166925073515860731e+02
1.371856910582547760e+10 2.868047751543565482e+03 9.618973711938898532e+02
1.412017709418402481e+10 3.271930828267499692e+03 1.132141206077386869e+03
1.453354206499964905e+10 3.733562784885473775e+03 1.331634518050895394e+03
1.495900820125794411e+10 4.261312142001288521e+03 1.565281177640403257e+03
1.539692976182325935e+10 4.864773744767398057e+03 1.838791383954743651e+03
1.584767137640738297e+10 5.554950053846883748e+03 2.158812227948057625e+03
1.631160834917393303e+10 6.344459499707254508e+03 2.533078721723790750e+03
1.678912697123069191e+10 7.247775797018967751e+03 2.970589705710232465e+03
1.728062484226951218e+10 8.281502932708199296e+03 3.481811327694016200e+03
1.778651120162273026e+10 9.464691162293800517e+03 4.078912759545642530e+03
1.830720726901121521e+10 1.081919568240347144e+04 4.776037431932236359e+03
1.884314659526707458e+10 1.237010540033065990e+04 5.589625867346971063e+03
1.939477542332435226e+10 1.414621478345607466e+04 6.538778545968922117e+03
1.996255305977766800e+10 1.618057488758264844e+04 7.645681124595568690e+03
2.054695225731742096e+10 1.851112842355377870e+04 8.936097920451838945e+03
2.114845960836142349e+10 2.118143840240297504e+04 1.043994171918082611e+04
2.176757595021003342e+10 2.424152570555191778e+04 1.219193457488384229e+04
2.240481678206132889e+10 2.774883198606960286e+04 1.423237264705024063e+04
2.306071269423508835e+10 3.176932690173666560e+04 1.660801035405197763e+04
2.373580980996222305e+10 3.637878108336636069e+04 1.937308508638857529e+04
2.443067024010665131e+10 4.166422949317515304e+04 2.259050284306968388e+04
2.514587255119990158e+10 4.772564322227989760e+04 2.633320121381838908e+04
2.588201224717733383e+10 5.467790014070481266e+04 3.068575714368445551e+04
2.663970226521618652e+10 6.265297669535680325e+04 3.574620245701519889e+04
2.741957348609004974e+10 7.180251883093849756e+04 4.162815220818640228e+04
2.822227525946390915e+10 8.230078589991795889e+04 4.846325788945254317e+04
2.904847594456607819e+10 9.434803600141951756e+04 5.640404534073545801e+04
2.989886346668915558e+10 1.081744193939742836e+05 6.562719448541467136e+04
3.077414588998248291e+10 1.240444559729128378e+05 7.633733020760428917e+04
3.167505200701185226e+10 1.422621845630619791e+05 8.877140285364897863e+04
3.260233194557954788e+10 1.631770846295326191e+05 1.032037506932778488e+05
3.355675779330894470e+10 1.871908862577768741e+05 1.199519489610991586e+05
3.453912424051246643e+10 2.147653807050654141e+05 1.393835532408491126e+05
3.555024924188056183e+10 2.464314855302536453e+05 1.619239381102601765e+05
3.659097469754152679e+10 2.827995512900105095e+05 1.880652791397116671e+05
3.766216715405784607e+10 3.245712828510835534e+05 2.183769663565217634e+05
3.876471852594541931e+10 3.725534389183157473e+05 2.535176215509128524e+05
3.989954683831505585e+10 4.276735823536622920e+05 2.942489680888563744e+05
4.106759699125330353e+10 4.909981902298292844e+05 3.414518404856940033e+05
4.226984154658164978e+10 5.637534785524978070e+05 3.961446612220600364e+05
4.350728153764791870e+10 6.473493463757674908e+05 4.595047610904799658e+05
4.478094730282357025e+10 7.434069051991587039e+05 5.328929772456944920e+05
4.609189934340027618e+10 8.537901301140080905e+05 6.178820270859483862e+05
4.744122920660477448e+10 9.806422248287311522e+05 7.162892223278374877e+05
4.883006039446046448e+10 1.126427490092944354e+06 8.302142450499570696e+05
5.025954929925559235e+10 1.293979405144835589e+06 9.620826615628346335e+05
5.173088616640065765e+10 1.486555857622785494e+06 1.114696071974624880e+06
5.324529608546969604e+10 1.707902679011871573e+06 1.291289959298144327e+06
5.480404001025389099e+10 1.962326643938986352e+06 1.495600344100373331e+06
5.640841580868099213e+10 2.254779359801602550e+06 1.731940595940109808e+06
5.805975934346701050e+10 2.590953653026148677e+06 2.005289926695340779e+06
5.975944558440348053e+10 2.977394311554006767e+06 2.321395329080755357e+06
6.150888975321111298e+10 3.421625335645629559e+06 2.686889000444356352e+06
6.330954850190441132e+10 3.932296067664732691e+06 3.109423540318777785e+06
6.516292112565255737e+10 4.519349033255090006e+06 3.597827594200902153e+06
6.707055081115112305e+10 5.194212691131671891e+06 4.162285015863399953e+06
6.903402592153503418e+10 5.970023010672197677e+06 4.814541266779533587e+06
7.105498131890678406e+10 6.861877424286883324e+06 5.568140551980446093e+06
7.313509972558656311e+10 7.887126663390187547e+06 6.438698875960043631e+06
7.527611312520755005e+10 9.065709671493096277e+06 7.444218074209545739e+06
7.747980420482772827e+10 1.042053797069128975e+07 8.605446931376073509e+06
7.974800783926487732e+10 1.197793670345947891e+07 9.946296374249074608e+06
8.208261261887913513e+10 1.376815066132524796e+07 1.149431674191999249e+07
8.448556242208299255e+10 1.582592458083710819e+07 1.328124618117764778e+07
8.695885803388700867e+10 1.819116876303639263e+07 1.534364078346154466e+07
8.950455881182862854e+10 2.090972230380433425e+07 1.772359839365095273e+07
9.212478440066746521e+10 2.403422790520782396e+07 2.046958969477372244e+07
9.482171649728099060e+10 2.762513484304736182e+07 2.363741257857265323e+07
9.759760066722744751e+10 3.175184784662748873e+07 2.729128725683443248e+07
1.004547482144845123e+11 3.649404327743303776e+07 3.150511278065392375e+07
1.033955381059277954e+11 4.194317668336352706e+07 3.636390847050113976e+07
1.064224189521479797e+11 4.820420874198455364e+07 4.196546672719567269e+07
1.095379110462522736e+11 5.539758096010205895e+07 4.842224774723487347e+07
1.127446084623549347e+11 6.366147648476682603e+07 5.586355077191147953e+07
1.160451812155009613e+11 7.315440630294986069e+07 6.443800134367869049e+07
