# T[K] Gamma_nTOp[1/tau_n] Gamma_pTOn[1/tau_n]
# fingerprint_hash: 13c81aba7cd907ec
# fingerprint: {"QED_corrections":true,"T_end_MeV":0.001,"T_start_cosmo_MeV":100.0,"analytic_distortions":false,"delta_xi_nu":0.0,"finite_mass_corrections":true,"format_version":1,"incomplete_decoupling":false,"munuOverTnu":0.05,"nevo_file":null,"nevo_file_prefix":"NEVOPRIMAT","nevo_spectral_file":null,"radiative_corrections":true,"sampling_nTOp_per_decade":150,"spectral_distortions":false,"y_SZ":0.0,"y_gray":0.0}
1.160451812155007198e+07 9.999983405952765914e-01 0.000000000000000000e+00
1.178433031761291809e+07 9.999983149399662707e-01 0.000000000000000000e+00
1.196692870656324737e+07 9.999982888898644173e-01 0.000000000000000000e+00
1.215235646050493419e+07 9.999982624390016950e-01 0.000000000000000000e+00
1.234065742049430311e+07 9.999982355813222812e-01 0.000000000000000000e+00
1.253187610690555163e+07 9.999982083106822017e-01 0.000000000000000000e+00
1.272605772995679639e+07 9.999981806208471102e-01 0.000000000000000000e+00
1.292324820039921999e+07 9.999981525054932874e-01 0.000000000000000000e+00
1.312349414037183113e+07 9.999981239582050874e-01 0.000000000000000000e+00
1.332684289442444220e+07 9.999980949724748269e-01 0.000000000000000000e+00
1.353334254071142524e+07 9.999980655417012310e-01 0.000000000000000000e+00
1.374304190235893987e+07 9.999980356591895436e-01 0.000000000000000000e+00
1.395599055900826678e+07 9.999980053181491968e-01 0.000000000000000000e+00
1.417223885853803717e+07 9.999979745116948093e-01 0.000000000000000000e+00
1.439183792896807566e+07 9.999979432328439666e-01 0.000000000000000000e+00
1.461483969054769725e+07 9.999979114745169984e-01 0.000000000000000000e+00
1.484129686803135276e+07 9.999978792295362018e-01 0.000000000000000000e+00
1.507126300314432755e+07 9.999978464906250641e-01 0.000000000000000000e+00
1.530479246724189445e+07 9.999978132504081518e-01 0.000000000000000000e+00
1.554194047416432761e+07 9.999977795014091120e-01 0.000000000000000000e+00
1.578276309329124913e+07 9.999977452360515606e-01 0.000000000000000000e+00
1.602731726279822551e+07 9.999977104466575284e-01 0.000000000000000000e+00
1.627566080311877280e+07 9.999976751254472385e-01 0.000000000000000000e+00
1.652785243061496504e+07 9.999976392645377743e-01 0.000000000000000000e+00
1.678395177145985141e+07 9.999976028559441898e-01 0.000000000000000000e+00
1.704401937573499978e+07 9.999975658915769561e-01 0.000000000000000000e+00
1.730811673174647242e+07 9.999975283632426271e-01 0.000000000000000000e+00
1.757630628056262806e+07 9.999974902626433959e-01 0.000000000000000000e+00
1.784865143077719212e+07 9.999974515813760956e-01 0.000000000000000000e+00
1.812521657350106537e+07 9.999974123109318658e-01 0.000000000000000000e+00
1.840606709758647159e+07 9.999973724426960420e-01 0.000000000000000000e+00
1.869126940508694202e+07 9.999973319679477113e-01 0.000000000000000000e+00
1.898089092695691064e+07 9.999972908778596015e-01 0.000000000000000000e+00
1.927500013899453729e+07 9.999972491634975258e-01 0.000000000000000000e+00
1.957366657803158462e+07 9.999972068158200500e-01 0.000000000000000000e+00
1.987696085837414861e+07 9.999971638256792694e-01 0.000000000000000000e+00
2.018495468849814311e+07 9.999971201838198098e-01 0.000000000000000000e+00
2.049772088800346479e+07 9.999970758808792715e-01 0.000000000000000000e+00
2.081533340483090654e+07 9.999970309073888952e-01 0.000000000000000000e+00
2.113786733274578676e+07 9.999969852537734516e-01 0.000000000000000000e+00
2.146539892909253761e+07 9.999969389103512407e-01 0.000000000000000000e+00
2.179800563282437995e+07 9.999968918673354246e-01 0.000000000000000000e+00
2.213576608281236142e+07 9.999968441148338050e-01 0.000000000000000000e+00
2.247876013643810898e+07 9.999967956428510441e-01 0.000000000000000000e+00
2.282706888847468048e+07 9.999967464412874429e-01 0.000000000000000000e+00
2.318077469025994465e+07 9.999966964999422725e-01 0.000000000000000000e+00
2.353996116916708648e+07 9.999966458085144394e-01 0.000000000000000000e+00
2.390471324837678671e+07 9.999965943566021531e-01 0.000000000000000000e+00
2.427511716695579141e+07 9.999965421337080329e-01 0.000000000000000000e+00
2.465126050024658069e+07 9.999964891292379976e-01 0.000000000000000000e+00
2.503323218057302758e+07 9.999964353325045963e-01 0.000000000000000000e+00
2.542112251826666296e+07 9.999963807327290066e-01 0.000000000000000000e+00
2.581502322301920131e+07 9.999963253190450319e-01 0.000000000000000000e+00
2.621502742556547374e+07 9.999962690804997667e-01 0.000000000000000000e+00
2.662122969970256090e+07 9.999962120060578163e-01 0.000000000000000000e+00
2.703372608465004340e+07 9.999961540846056263e-01 0.000000000000000000e+00
2.745261410775677487e+07 9.999960953049527035e-01 0.000000000000000000e+00
2.787799280755945295e+07 9.999960356558387220e-01 0.000000000000000000e+00
2.830996275719850883e+07 9.999959751259362983e-01 0.000000000000000000e+00
2.874862608819680288e+07 9.999959137038548773e-01 0.000000000000000000e+00
2.919408651460680366e+07 9.999958513781481706e-01 0.000000000000000000e+00
2.964644935753189772e+07 9.999957881373183755e-01 0.000000000000000000e+00
3.010582157002766803e+07 9.999957239698217260e-01 0.000000000000000000e+00
3.057231176238903776e+07 9.999956588640765975e-01 0.000000000000000000e+00
3.104603022782918811e+07 9.999955928084689472e-01 0.000000000000000000e+00
3.152708896855644137e+07 9.999955257913609730e-01 0.000000000000000000e+00
3.201560172225513682e+07 9.999954578010987749e-01 0.000000000000000000e+00
3.251168398897688091e+07 9.999953888260202373e-01 0.000000000000000000e+00
3.301545305844844505e+07 9.999953188544661309e-01 0.000000000000000000e+00
3.352702803780281544e+07 9.999952478747887730e-01 0.000000000000000000e+00
3.404652987973993272e+07 9.999951758753624631e-01 0.000000000000000000e+00
3.457408141112377495e+07 9.999951028445963619e-01 0.000000000000000000e+00
3.510980736202257872e+07 9.999950287709450381e-01 0.000000000000000000e+00
3.565383439519898593e+07 9.999949536429234564e-01 0.000000000000000000e+00
3.620629113605720550e+07 9.999948774491187464e-01 0.000000000000000000e+00
3.676730820305417478e+07 9.999948001782071882e-01 0.000000000000000000e+00
3.733701823858191818e+07 9.999947218189686460e-01 0.000000000000000000e+00
3.791555594032848626e+07 9.999946423603046641e-01 0.000000000000000000e+00
3.850305809312484413e+07 9.999945617912557871e-01 0.000000000000000000e+00
3.909966360128491372e+07 9.999944801010217654e-01 0.000000000000000000e+00
3.970551352144742757e+07 9.999943972789808733e-01 0.000000000000000000e+00
4.032075109592594206e+07 9.999943133147131125e-01 0.000000000000000000e+00
4.094552178657598794e+07 9.999942281980230829e-01 0.000000000000000000e+00
4.157997330918689817e+07 9.999941419189649627e-01 0.000000000000000000e+00
4.222425566840653867e+07 9.999940544678684873e-01 0.000000000000000000e+00
4.287852119320724159e+07 9.999939658353680372e-01 0.000000000000000000e+00
4.354292457290121913e+07 9.999938760124318371e-01 0.000000000000000000e+00
4.421762289371407777e+07 9.999937849903938192e-01 0.000000000000000000e+00
4.490277567592503130e+07 9.999936927609884840e-01 0.000000000000000000e+00
4.559854491158261150e+07 9.999935993163853176e-01 0.000000000000000000e+00
4.630509510280475020e+07 9.999935046492285373e-01 0.000000000000000000e+00
4.702259330067235976e+07 9.999934087526766158e-01 0.000000000000000000e+00
4.775120914472556859e+07 9.999933116204464678e-01 0.000000000000000000e+00
4.849111490307190269e+07 9.999932132468584145e-01 0.000000000000000000e+00
4.924248551311602443e+07 9.999931136268853660e-01 0.000000000000000000e+00
5.000549862292049825e+07 9.999930127562041138e-01 0.000000000000000000e+00
5.078033463320748508e+07 9.999929106312512861e-01 0.000000000000000000e+00
5.156717674001127481e+07 9.999928072492800801e-01 0.000000000000000000e+00
5.236621097799165547e+07 9.999927026084234338e-01 0.000000000000000000e+00
5.317762626441849768e+07 9.999925967077584188e-01 0.000000000000000000e+00
5.400161444383779913e+07 9.999924895473770725e-01 0.000000000000000000e+00
5.483837033342991769e+07 9.999923811284601172e-01 0.000000000000000000e+00
5.568809176907058060e+07 9.999922714533542312e-01 0.000000000000000000e+00
5.655097965210559964e+07 9.999921605256560930e-01 0.000000000000000000e+00
5.742723799685039371e+07 9.999920483503011992e-01 0.000000000000000000e+00
5.831707397882549465e+07 9.999919349336557906e-01 0.000000000000000000e+00
5.922069798373948038e+07 9.999918202836179937e-01 0.000000000000000000e+00
6.013832365723089874e+07 9.999917044097210717e-01 0.000000000000000000e+00
6.107016795538090169e+07 9.999915873232463337e-01 0.000000000000000000e+00
6.201645119600865245e+07 9.999914690373415960e-01 0.000000000000000000e+00
6.297739711076147109e+07 9.999913495671454156e-01 0.000000000000000000e+00
6.395323289801218361e+07 9.999912289299214274e-01 0.000000000000000000e+00
6.494418927657606453e+07 9.999911071451985656e-01 0.000000000000000000e+00
6.595050054026017338e+07 9.999909842349212763e-01 0.000000000000000000e+00
6.697240461325791478e+07 9.999908602236071697e-01 0.000000000000000000e+00
6.801014310640202463e+07 9.999907351385156629e-01 0.000000000000000000e+00
6.906396137428861856e+07 9.999906090098261702e-01 0.000000000000000000e+00
7.013410857328766584e+07 9.999904818708267307e-01 0.000000000000000000e+00
7.122083772045093775e+07 9.999903537581146251e-01 0.000000000000000000e+00
7.232440575333356857e+07 9.999902247118077625e-01 0.000000000000000000e+00
7.344507359074223042e+07 9.999900947757706104e-01 0.000000000000000000e+00
7.458310619442476332e+07 9.999899639978520050e-01 0.000000000000000000e+00
7.573877263171552122e+07 9.999898324301378372e-01 0.000000000000000000e+00
7.691234613915163279e+07 9.999897001292197274e-01 0.000000000000000000e+00
7.810410418707470596e+07 9.999895671564781319e-01 0.000000000000000000e+00
7.931432854523386061e+07 9.999894335783836574e-01 0.000000000000000000e+00
8.054330534940499067e+07 9.999892994668161395e-01 0.000000000000000000e+00
8.179132516904246807e+07 9.999891648994022608e-01 0.000000000000000000e+00
8.305868307597909868e+07 9.999890299598755972e-01 0.000000000000000000e+00
8.434567871419046819e+07 9.999888947384543147e-01 0.000000000000000000e+00
8.565261637064042687e+07 9.999887593322452917e-01 0.000000000000000000e+00
8.697980504722426832e+07 9.999886238456706655e-01 0.000000000000000000e+00
8.832755853382664919e+07 9.999884883909203603e-01 0.000000000000000000e+00
8.969619548251155019e+07 9.999883530884308147e-01 0.000000000000000000e+00
9.108603948286184669e+07 9.999882180673943521e-01 0.000000000000000000e+00
9.249741913848623633e+07 9.999880834662976392e-01 0.000000000000000000e+00
9.393066814471167326e+07 9.999879494334926733e-01 0.000000000000000000e+00
9.538612536747957766e+07 9.999878161278020761e-01 0.000000000000000000e+00
9.686413492346459627e+07 9.999876837191612466e-01 0.000000000000000000e+00
9.836504626143486798e+07 9.999875523892984841e-01 0.000000000000000000e+00
9.988921424487280846e+07 9.999874223324561884e-01 0.000000000000000000e+00
1.014369992358764559e+08 9.999872937561549158e-01 0.000000000000000000e+00
1.030087671803597659e+08 9.999871668820045079e-01 0.000000000000000000e+00
1.046048896945751756e+08 9.999870419465631821e-01 0.000000000000000000e+00
1.062257441529747695e+08 9.999869192022472486e-01 0.000000000000000000e+00
1.078717137774338573e+08 9.999867989182984473e-01 0.000000000000000000e+00
1.095431877278568894e+08 9.999866813818061306e-01 0.000000000000000000e+00
1.112405611941873878e+08 9.999865668987938383e-01 0.000000000000000000e+00
1.129642354898433983e+08 9.999864557953688227e-01 0.000000000000000000e+00
1.147146181466008723e+08 9.999863484189430718e-01 0.000000000000000000e+00
1.164921230109472573e+08 9.999862451395271634e-01 0.000000000000000000e+00
1.182971703419280052e+08 9.999861463511003912e-01 0.000000000000000000e+00
1.201301869105092436e+08 9.999860524730661560e-01 0.000000000000000000e+00
1.219916061004801840e+08 9.999859639517940657e-01 0.000000000000000000e+00
1.238818680109188110e+08 9.999858812622556270e-01 0.000000000000000000e+00
1.258014195602454841e+08 9.999858049097561929e-01 0.000000000000000000e+00
1.277507145918886960e+08 9.999857354317761571e-01 0.000000000000000000e+00
1.297302139815881997e+08 9.999856733999197278e-01 0.000000000000000000e+00
1.317403857463608384e+08 9.999856194219822747e-01 0.000000000000000000e+00
1.337817051551546305e+08 9.999855741441446844e-01 0.000000000000000000e+00
1.358546548412176967e+08 9.999855382532972792e-01 0.000000000000000000e+00
1.379597249162081480e+08 9.999855124795086203e-01 0.000000000000000000e+00
1.400974130860720873e+08 9.999854975986391947e-01 0.000000000000000000e+00
1.422682247687174082e+08 9.999854944351176389e-01 0.000000000000000000e+00
1.444726732135106027e+08 9.999855038648836070e-01 0.000000000000000000e+00
1.467112796226254404e+08 9.999855268185077195e-01 0.000000000000000000e+00
1.489845732742717564e+08 9.999855642845044690e-01 0.000000000000000000e+00
1.512930916478338540e+08 9.999856173128428560e-01 0.000000000000000000e+00
1.536373805509477854e+08 9.999856870186721869e-01 0.000000000000000000e+00
1.560179942485477626e+08 9.999857745862748004e-01 0.000000000000000000e+00
1.584354955939120650e+08 9.999858812732564939e-01 0.000000000000000000e+00
1.608904561617396772e+08 9.999860084149959638e-01 0.000000000000000000e+00
1.633834563832888305e+08 9.999861574293612554e-01 0.000000000000000000e+00
1.659150856836094260e+08 9.999863298217160912e-01 0.000000000000000000e+00
1.684859426209020317e+08 9.999865271902301789e-01 0.000000000000000000e+00
1.710966350280363262e+08 9.999867512315130380e-01 0.000000000000000000e+00
1.737477801562620401e+08 9.999870037465921069e-01 0.000000000000000000e+00
1.764400048211470246e+08 9.999872866472561128e-01 0.000000000000000000e+00
1.791739455507765412e+08 9.999876019627831347e-01 0.000000000000000000e+00
1.819502487362487614e+08 9.999879518470836670e-01 0.000000000000000000e+00
1.847695707845024765e+08 9.999883385862753382e-01 0.000000000000000000e+00
1.876325782735125422e+08 9.999887646067255886e-01 0.000000000000000000e+00
1.905399481098903120e+08 9.999892324835837343e-01 0.000000000000000000e+00
1.934923676889261007e+08 9.999897449498336144e-01 0.000000000000000000e+00
1.964905350571113229e+08 9.999903049059042370e-01 0.000000000000000000e+00
1.995351590771790445e+08 9.999909154298702862e-01 0.000000000000000000e+00
2.026269595957019329e+08 9.999915797882593660e-01 0.000000000000000000e+00
2.057666676132869124e+08 9.999923014475582406e-01 0.000000000000000000e+00
2.089550254574079216e+08 9.999930840863896497e-01 0.000000000000000000e+00
2.121927869579117596e+08 9.999939316084549557e-01 0.000000000000000000e+00
2.154807176252569854e+08 9.999948481562648261e-01 0.000000000000000000e+00
2.188195948314920366e+08 9.999958381257172402e-01 0.000000000000000000e+00
2.222102079940649271e+08 9.999969061815674465e-01 0.000000000000000000e+00
2.256533587624525726e+08 9.999980572738533802e-01 0.000000000000000000e+00
2.291498612077109218e+08 9.999992966553276075e-01 0.000000000000000000e+00
2.327005420149325728e+08 1.000000629899967075e+00 0.000000000000000000e+00
2.363062406787165999e+08 1.000002062922619173e+00 0.000000000000000000e+00
2.399678097016378045e+08 1.000003601999860381e+00 0.000000000000000000e+00
2.436861147958159745e+08 1.000005253792144888e+00 0.000000000000000000e+00
2.474620350875932574e+08 1.000007025367317226e+00 0.000000000000000000e+00
2.512964633253887594e+08 1.000008924225581186e+00 7.519188566015061760e-29
2.551903060907726884e+08 1.000010958326014165e+00 1.950604702944727982e-28
2.591444840128114223e+08 1.000013136114725087e+00 4.989969286390085538e-28
2.631599319857335687e+08 1.000015466554760257e+00 1.259065695386034633e-27
2.672375993899689615e+08 1.000017959157873504e+00 3.134086694256364960e-27
2.713784503166126013e+08 1.000020624018274740e+00 7.697939678287261110e-27
2.755834637953664660e+08 1.000023471848485279e+00 1.866062991497073711e-26
2.798536340260137916e+08 1.000026514017447132e+00 4.465318658466451493e-26
2.841899706134794354e+08 1.000029762591027938e+00 1.054964160040317552e-25
2.885934988065328598e+08 1.000033230375092286e+00 2.461305185902692289e-25
2.930652597401899099e+08 1.000036930961315074e+00 5.671760321414206090e-25
2.976063106818702817e+08 1.000040878775858788e+00 1.291147251900053340e-24
3.022177252813694477e+08 1.000045089131274878e+00 2.904148315262551654e-24
3.069005938247038126e+08 1.000049578281697604e+00 6.455431846580647568e-24
3.116560234918893576e+08 1.000054363481688968e+00 1.418314262838479388e-23
3.164851386187142134e+08 1.000059463048907249e+00 3.080606884129304630e-23
3.213890809625677466e+08 1.000064896430894912e+00 6.615939779235221920e-23
3.263690099723885655e+08 1.000070684276504140e+00 1.405115144557876437e-22
3.314261030627954006e+08 1.000076848512135186e+00 2.951684426888251151e-22
3.365615558924655318e+08 1.000083412423428131e+00 6.133904230708239941e-22
3.417765826468266249e+08 1.000090400741896035e+00 1.261198491301893085e-21
3.470724163251295090e+08 1.000097839738821381e+00 2.566129303835752705e-21
3.524503090319680572e+08 1.000105757325340017e+00 5.167618917671188445e-21
3.579115322733171582e+08 1.000114183160109915e+00 1.030116755564177241e-20
3.634573772571575642e+08 1.000123148765751813e+00 2.032977752603198440e-20
3.690891551987583041e+08 1.000132687651529517e+00 3.972776957970856690e-20
3.748081976306903362e+08 1.000142835449324918e+00 7.688388819990065270e-20
3.806158567176433802e+08 1.000153630058922216e+00 1.473734884976411602e-19
3.865135055761207938e+08 1.000165111805949136e+00 2.798392400571372036e-19
3.925025385990885496e+08 1.000177323610364377e+00 5.264589734881995254e-19
3.985843717856540680e+08 1.000190311171487600e+00 9.814036943785913616e-19
4.047604430758538246e+08 1.000204123170746140e+00 1.813083439049122042e-18
4.110322126906284690e+08 1.000218811489579807e+00 3.319966592404985744e-18
4.174011634770658016e+08 1.000234431456644035e+00 6.026338731579720388e-18
4.238688012589931488e+08 1.000251042095136711e+00 1.084512432014546882e-17
4.304366551930025220e+08 1.000268706416174158e+00 1.935232727168708132e-17
4.371062781299918890e+08 1.000287491738515611e+00 3.424564111099226002e-17
4.438792469823092222e+08 1.000307470028379830e+00 6.010434626335175365e-17
4.507571630965847373e+08 1.000328718295319552e+00 1.046379686667496659e-16
4.577416526323405504e+08 1.000351318975538195e+00 1.807212439184878989e-16
4.648343669464669228e+08 1.000375360422309345e+00 3.096838793188682343e-16
4.720369829836559296e+08 1.000400937403336910e+00 5.265866286153571804e-16
4.793512036728846431e+08 1.000428151679416233e+00 8.886170600126864297e-16
4.867787583300423026e+08 1.000457112647535229e+00 1.488347211853273415e-15
4.943214030667957664e+08 1.000487937931973992e+00 2.474509732803896535e-15
5.019809212057906389e+08 1.000520754250567634e+00 4.084316356513659144e-15
5.097591237022857666e+08 1.000555698213880795e+00 6.693362077341611308e-15
5.176578495723209381e+08 1.000592917249089941e+00 1.089213161522901131e-14
5.256789663275194168e+08 1.000632570709218516e+00 1.760246461770466723e-14
5.338243704166270494e+08 1.000674830965856632e+00 2.825361435892840070e-14
5.420959876738939285e+08 1.000719884549162941e+00 4.504657028743128448e-14
5.504957737744028568e+08 1.000767933782965802e+00 7.134827883973766353e-14
5.590257146964536905e+08 1.000819198194881521e+00 1.122756693330649433e-13
5.676878271911146641e+08 1.000873916215606396e+00 1.755553114966254300e-13
5.764841592590348721e+08 1.000932347227893038e+00 2.727808237688708007e-13
5.854167906346831322e+08 1.000994773502275725e+00 4.212404382021277369e-13
5.944878332780287266e+08 1.001061502597475394e+00 6.465572041160095536e-13
6.036994318739138842e+08 1.001132869862234154e+00 9.864800827153198595e-13
6.130537643390874863e+08 1.001209241209190859e+00 1.496295524391280733e-12
6.225530423371738195e+08 1.001291016151342417e+00 2.256507323646087611e-12
6.321995118015404940e+08 1.001378631586429702e+00 3.383675081659564430e-12
6.419954534663496017e+08 1.001472565101545475e+00 5.045621170990320674e-12
6.519431834057576656e+08 1.001573339031623044e+00 7.482652360037811664e-12
6.620450535815382004e+08 1.001681525606575196e+00 1.103702128729652780e-11
6.723034523991479874e+08 1.001797751190647290e+00 1.619359409749739879e-11
6.827208052724248171e+08 1.001922701623891188e+00 2.363570570094158479e-11
6.932995751970334053e+08 1.002057129133526736e+00 3.432150433177069868e-11
7.040422633327958584e+08 1.002201857901484860e+00 4.958771750678130829e-11
7.149514095950464010e+08 1.002357791099994788e+00 7.129003224787760742e-11
7.260295932551482916e+08 1.002525919044799707e+00 1.019920970888810644e-10
7.372794335503163338e+08 1.002707327082759559e+00 1.452186886506134912e-10
7.487035903028886318e+08 1.002903204220648714e+00 2.057932190013913158e-10
7.603047645491930246e+08 1.003114855751998213e+00 2.902859913650627791e-10
7.720856991781592369e+08 1.003343712654706454e+00 4.076060755338306673e-10
7.840491795798252821e+08 1.003591338003968936e+00 5.697784626831079027e-10
7.961980343038927317e+08 1.003859448781156072e+00 7.929640298482953674e-10
8.085351357284868956e+08 1.004149927280559407e+00 1.098787286357927084e-09
8.210634007392781973e+08 1.004464825106003545e+00 1.516054080194901257e-09
8.337857914191280603e+08 1.004806399602879985e+00 2.082983312901838757e-09
8.467053157484196424e+08 1.005177111052909744e+00 2.850058374092965313e-09
8.598250283162407875e+08 1.005579654577929194e+00 3.883694916216210615e-09
8.731480310425866842e+08 1.006016973630973421e+00 5.270904238633782110e-09
8.866774739117529392e+08 1.006492292408998290e+00 7.125231854764896559e-09
9.004165557170931101e+08 1.007009116518354785e+00 9.594215444101546879e-09
9.143685248173152208e+08 1.007571286625379203e+00 1.286884971381507861e-08
9.285366799044981003e+08 1.008182992365967312e+00 1.719538826807963533e-08
9.429243707840079069e+08 1.008848790268188411e+00 2.289004648985704028e-08
9.575349991664987803e+08 1.009573660311774423e+00 3.035739283390258430e-08
9.723720194721868038e+08 1.010363021060164845e+00 4.011297096142460811e-08
9.874389396475850344e+08 1.011222765881304886e+00 5.281121640280445168e-08
1.002739321994894743e+09 1.012159322564521347e+00 6.927987564348740178e-08
1.018276784014247060e+09 1.013179671338833243e+00 9.056179416091322572e-08
1.034054999258996606e+09 1.014291390881153054e+00 1.179658854699865726e-07
1.050077698204266429e+09 1.015502734883624747e+00 1.531292903224855475e-07
1.066348669128951907e+09 1.016822650195555733e+00 1.980917480770345069e-07
1.082871759011391401e+09 1.018260833812918431e+00 2.553853053166821417e-07
1.099650874438914537e+09 1.019827830901630428e+00 3.281426162825059083e-07
1.116689982531485558e+09 1.021535054731294689e+00 4.202246725235320533e-07
1.133993111879655838e+09 1.023394850966640179e+00 5.363730728281949390e-07
1.151564353497053146e+09 1.025420622760342182e+00 6.823922535553450599e-07
1.169407861787627220e+09 1.027626850897002564e+00 8.653612549227422978e-07
1.187527855527884483e+09 1.030029180433838398e+00 1.093884093012476395e-06
1.205928618864341497e+09 1.032644565124100966e+00 1.378386067391670123e-06
1.224614502326434612e+09 1.035491294919939964e+00 1.731453982425448346e-06
1.243589923855123758e+09 1.038589087623405183e+00 2.168233763831482718e-06
1.262859369847435951e+09 1.041959297004043217e+00 2.706900429368314112e-06
1.282427396217192411e+09 1.045624908985480106e+00 3.369186226498601792e-06
1.302298629472172976e+09 1.049610670167437698e+00 4.180996966205027372e-06
1.322477767807970285e+09 1.053943345596197734e+00 5.173135981679829112e-06
1.342969582218793631e+09 1.058651699009555136e+00 6.382105198373822602e-06
1.363778917625484943e+09 1.063766652309827032e+00 7.851037362623448956e-06
1.384910694021013021e+09 1.069321607383300288e+00 9.630788345516429788e-06
1.406369907633722782e+09 1.075352418587115277e+00 1.178113510648122550e-05
1.428161632108575344e+09 1.081897545026927254e+00 1.437214128923528136e-05
1.450291019706783295e+09 1.088998531840558837e+00 1.748580560390572094e-05
1.472763302523882866e+09 1.096699861189186720e+00 2.121778990303720917e-05
1.495583793726863146e+09 1.105049230373585267e+00 2.567946314218960734e-05
1.518757888810273170e+09 1.114098090509882510e+00 3.100030423402857572e-05
1.542291066871986866e+09 1.123901434424916967e+00 3.733041664599057305e-05
1.566188891908537626e+09 1.134518223645703650e+00 4.484355033089323987e-05
1.590457014130726576e+09 1.146011941231054099e+00 5.374059857141115666e-05
1.615101171299410820e+09 1.158450392042155830e+00 6.425328609682161751e-05
1.640127190082197428e+09 1.171906207712766879e+00 7.664860390402931131e-05
1.665540987430948496e+09 1.186457458197539117e+00 9.123392550089704227e-05
1.691348571980845928e+09 1.202187573749872840e+00 1.083625004696794962e-04
1.717556045470915318e+09 1.219185702809096439e+00 1.284398793194218495e-04
1.744169604186783075e+09 1.237547659191658989e+00 1.519315790558891548e-04
1.771195540425565243e+09 1.257375833418320266e+00 1.793712343244050953e-04
1.798640243983680964e+09 1.278779264445629504e+00 2.113699072060770949e-04
1.826510203667497396e+09 1.301875549580958635e+00 2.486279936004180506e-04
1.854812008827570677e+09 1.326789677464771611e+00 2.919466481902459028e-04
1.883552350916542530e+09 1.353655292634805329e+00 3.422425372318046500e-04
1.912738025071222544e+09 1.382615813390138948e+00 4.005646938579356890e-04
1.942375931719174385e+09 1.413824219975805985e+00 4.681126075750605955e-04
1.972473078210198879e+09 1.447443305128589763e+00 5.462571511943375112e-04
2.003036580473095179e+09 1.483648536535116191e+00 6.365671887519486335e-04
2.034073664698094368e+09 1.522625934810331483e+00 7.408347378461248040e-04
2.065591669045362234e+09 1.564574569673576887e+00 8.611085400542250502e-04
2.097598045379975080e+09 1.609707823566371765e+00 9.997311943682439528e-04
2.130100361033778667e+09 1.658252743779893512e+00 1.159378894804119660e-03
2.163106300594548702e+09 1.710451577671640688e+00 1.343109343792977693e-03
2.196623667722872734e+09 1.766564204440110197e+00 1.554417848921156456e-03
2.230660386997185230e+09 1.826867081477630661e+00 1.797295605258239330e-03
2.265224505787391663e+09 1.891654997361232216e+00 2.076299938105901320e-03
2.300324196157525063e+09 1.961244548615954875e+00 2.396637562976508800e-03
2.335967756797881126e+09 2.035971890328464262e+00 2.764247792474775530e-03
2.372163614987098217e+09 2.116195526572804742e+00 3.185905836214516628e-03
2.408920328584632397e+09 2.202300847356476243e+00 3.669344610856544765e-03
2.446246588054110050e+09 2.294697156528143989e+00 4.223374143663886568e-03
2.484151218518033028e+09 2.393820423092297478e+00 4.858028565416086693e-03
2.522643181844318390e+09 2.500139374215356369e+00 5.584742702448246450e-03
2.561731578765172005e+09 2.614151945909081398e+00 6.416521716675310794e-03
2.601425651028792858e+09 2.736388525715849340e+00 7.368149904166006008e-03
2.641734783584417343e+09 2.867419481933976222e+00 8.456442956372359557e-03
2.682668506801221371e+09 3.007850684856765877e+00 9.700484745473499440e-03
2.724236498721607208e+09 3.158327542762873197e+00 1.112192132999808084e-02
2.766448587349399090e+09 3.319544298257102621e+00 1.274531813486590344e-02
2.809314752973500729e+09 3.492238397115702497e+00 1.459848588227832117e-02
2.852845130527552605e+09 3.677195504265354575e+00 1.671289044993823705e-02
2.897050011986157894e+09 3.875260976158324766e+00 1.912415457736453550e-02
2.941939848798230648e+09 4.087332808821168229e+00 2.187250051971218953e-02
2.987525254358056068e+09 4.314367883276088556e+00 2.500331642704370361e-02
3.033817006514635563e+09 4.557396064818304282e+00 2.856785570049482845e-02
3.080826050119915485e+09 4.817510672349697209e+00 3.262382365060565587e-02
3.128563499616498947e+09 5.095877502183927099e+00 3.723616368293471146e-02
3.177040641665457726e+09 5.393752576633237261e+00 4.247803222442612242e-02
3.226268937814860821e+09 5.712469661907943141e+00 4.843157047206934213e-02
3.276260027209647655e+09 6.053449018346062083e+00 5.518894749527444160e-02
3.327025729343498230e+09 6.418221824222554162e+00 6.285372955086233893e-02
3.378578046853338718e+09 6.808416154699891365e+00 7.154190945272390079e-02
3.430929168357147217e+09 7.225764769220726969e+00 8.138327708375248104e-02
3.484091471335736275e+09 7.672136272262201295e+00 9.252331534126684298e-02
3.538077525059182644e+09 8.149518449136429865e+00 1.051245442750260162e-01
3.592900093558606625e+09 8.660024557694276481e+00 1.193682931579595347e-01
3.648572138643998146e+09 9.205941098791173616e+00 1.354574765750777288e-01
3.705106822968801022e+09 9.789690300975619763e+00 1.536179894980949645e-01
3.762517513141988754e+09 1.041386177599384411e+01 1.741015441889999515e-01
3.820817782888371944e+09 1.108124298960597720e+01 1.971888759413820691e-01
3.880021416257783890e+09 1.179479988119609501e+01 2.231920423031523160e-01
3.940142410884243965e+09 1.255769534697177292e+01 2.524577628176322697e-01
4.001194981295209408e+09 1.337334230084888986e+01 2.853721364265180416e-01
4.063193562272600174e+09 1.424536446618337315e+01 3.223631297879590574e-01
4.126152812265383244e+09 1.517763932479030586e+01 3.639056098875538270e-01
4.190087616855565071e+09 1.617433361403892178e+01 4.105267708759147705e-01
4.255013092277347565e+09 1.723989558698722036e+01 4.628105397480460903e-01
4.320944588991366386e+09 1.837906372711631775e+01 5.214027610226570353e-01
4.387897695313753128e+09 1.959694973772924698e+01 5.870198536166194581e-01
4.455888241101989746e+09 2.089899945752631538e+01 6.604533342146354791e-01
4.524932301497314453e+09 2.229101930900239026e+01 7.425771503222737824e-01
4.595046200725684166e+09 2.377927782551740066e+01 8.343593478772520777e-01
4.666246515957053185e+09 2.537045010174662352e+01 9.368673050454831008e-01
4.738550081225043297e+09 2.707166116915036369e+01 1.051277843494791364e+00
4.811973991406744957e+09 2.889059553033759897e+01 1.178892083772836941e+00
4.886535606264802933e+09 3.083544530145513818e+01 1.321142649770877808e+00
4.962252554551527023e+09 3.291495788682991019e+01 1.479606637225936661e+00
5.039142738177108765e+09 3.513857110270478046e+01 1.656025467432144183e+00
5.117224336442107201e+09 3.751633198802255009e+01 1.852312530528356982e+00
5.196515810335638046e+09 4.005899090544274088e+01 2.070572392608336809e+00
5.277035906900142670e+09 4.277814553614710746e+01 2.313125814159955773e+00
5.358803663663785934e+09 4.568614694613925309e+01 2.582519236873794366e+00
5.441838413141543388e+09 4.879619935299982103e+01 2.881548718579905355e+00
5.526159787406021118e+09 5.212255758209202128e+01 3.213294494280484415e+00
5.611787722729105949e+09 5.568041568031137700e+01 3.581132654965769824e+00
5.698742464295544624e+09 5.948601871858844703e+01 3.988765546514608573e+00
5.787044570989544868e+09 6.355690861378121781e+01 4.440267687996843904e+00
5.876714920255559921e+09 6.791177610042510082e+01 4.940098437986014446e+00
5.967774713034382820e+09 7.257061788729747320e+01 5.493143330714628902e+00
6.060245478775726318e+09 7.755503071545213345e+01 6.104773861368719245e+00
6.154149080528474808e+09 8.288802587937840372e+01 6.780861608696624465e+00
6.249507720109809875e+09 8.859423984466803859e+01 7.527833877797050377e+00
6.346343943354429245e+09 9.470028087700315211e+01 8.352750688399723344e+00
6.444680645445102692e+09 1.012345127105161282e+02 9.263321950717084974e+00
6.544541076325830460e+09 1.082272973330030368e+02 1.026797789502079716e+01
6.645948846198868752e+09 1.157114371868028257e+02 1.137597170403110702e+01
6.748927931106939316e+09 1.237219084621338681e+02 1.259739867899821597e+01
6.853502678601936340e+09 1.322961614942221615e+02 1.394328779816064134e+01
6.959697813501462936e+09 1.414746629311686945e+02 1.542573563806658932e+01
7.067538443734570503e+09 1.513005713595835857e+02 1.705792781402675473e+01
7.177050066278079033e+09 1.618201105362195449e+02 1.885425800411049480e+01
7.288258573184876442e+09 1.730832343993013751e+02 2.083050228967452355e+01
7.401190257705627441e+09 1.851432324072976030e+02 2.300384271376920964e+01
7.515871820505343437e+09 1.980571933393236748e+02 2.539302178070480309e+01
7.632330375976270676e+09 2.118868219419840955e+02 2.801856900403868167e+01
7.750593458648603439e+09 2.266979581303767475e+02 3.090282615121817500e+01
7.870689029700525284e+09 2.425611527359248498e+02 3.407014737914443003e+01
7.992645483569128990e+09 2.595526726032019837e+02 3.754719330388021348e+01
8.116491654663769722e+09 2.777539135572674240e+02 4.136295704881747781e+01
8.242256824183441162e+09 2.972521170199781295e+02 4.554902345398514996e+01
8.369970727039791107e+09 3.181416046996757245e+02 5.013994950350084423e+01
8.499663558887403488e+09 3.405230636409718841e+02 5.517329030985774807e+01
8.631365983263017654e+09 3.645044372963544674e+02 6.068993418784801719e+01
8.765109138835369110e+09 3.902024453087811935e+02 6.673459431754797322e+01
8.900924646767377853e+09 4.177417105588339723e+02 7.335583266010296200e+01
9.038844618192382812e+09 4.472558675063251030e+02 8.060649254790361340e+01
9.178901661806262970e+09 4.788894341131585861e+02 8.854433302496946112e+01
9.321128891577163696e+09 5.127967458535005107e+02 9.723204814771008841e+01
9.465559934574703217e+09 5.491433196147618219e+02 1.067378212881984041e+02
9.612228938920488358e+09 5.881082032214620767e+02 1.171361519334179633e+02
9.761170581861820221e+09 6.298826338997475887e+02 1.285078578628943831e+02
9.912420077970510483e+09 6.746717677870213947e+02 1.409407965627177646e+02
1.006601318746877289e+10 7.226975210185639753e+02 1.545309151505261980e+02
1.022198622468387222e+10 7.741969781924279914e+02 1.693822479806259480e+02
1.038037606663446045e+10 8.294245359379060574e+02 1.856078426480324026e+02
1.054122016174884987e+10 8.886554040105434069e+02 2.033311071906753966e+02
1.070455653871969604e+10 9.521836590525248312e+02 2.226857872399355074e+02
1.087042381549451637e+10 1.020324916275075680e+03 2.438171566580042793e+02
1.103886120840690231e+10 1.093420629858150050e+03 2.668837390747019640e+02
1.120990854144781494e+10 1.171835747158526374e+03 2.920572646697511914e+02
1.138360625568195534e+10 1.255962041522520167e+03 3.195242004237298374e+02
1.155999541880861473e+10 1.346223408510889385e+03 3.494879505913822868e+02
1.173911773487212181e+10 1.443072964378227198e+03 3.821687647188730352e+02
1.192101555412126160e+10 1.546997212714653188e+03 4.178057037451602582e+02
1.210573188302300262e+10 1.658522609558677004e+03 4.566594600628202443e+02
1.229331039442981911e+10 1.778212000486065563e+03 4.990122042404318563e+02
1.248379543790613937e+10 1.906669777462457660e+03 5.451700926058500727e+02
1.267723205021320915e+10 2.044550076808033054e+03 5.954668946166704018e+02
1.287366596595802307e+10 2.192552385709849659e+03 6.502637502316531481e+02
1.307314362840569115e+10 2.351427959765635933e+03 7.099523760192686268e+02
1.327571220046068001e+10 2.521989930547135373e+03 7.749596826830991176e+02
1.348141957581736374e+10 2.705107902560015191e+03 8.457474134739039755e+02
1.369031439028369331e+10 2.901716035745111640e+03 9.228162702351164626e+02
1.390244603328024483e+10 3.112825464587082024e+03 1.006711768318325198e+03
1.411786465951747131e+10 3.339517763921990081e+03 1.098023753851617812e+03
1.433662120085387230e+10 3.582955057123334882e+03 1.197391685916977622e+03
1.455876737833791733e+10 3.844395315881526585e+03 1.305512064515645989e+03
1.478435571443656158e+10 4.125184277849707541e+03 1.423137730258602005e+03
1.501343954545323753e+10 4.426768096056758623e+03 1.551084620050754893e+03
1.524607303413825607e+10 4.750712360810231985e+03 1.690241239741932986e+03
1.548231118249462509e+10 5.098692060877383483e+03 1.841567658448071143e+03
1.572220984478227997e+10 5.472507598680150295e+03 2.006104211884194683e+03
1.596582574072381401e+10 5.874108180280061788e+03 2.184983471687753536e+03
1.621321646891484261e+10 6.305579543762156391e+03 2.379428907081162833e+03
1.646444052044215012e+10 6.769163696622639691e+03 2.590765879736350598e+03
1.671955729271285820e+10 7.267288228546767641e+03 2.820436959196862972e+03
1.697862710349787521e+10 7.802551019976086536e+03 3.070000046178626235e+03
1.724171120519293976e+10 8.377745245465348489e+03 3.341142519483576052e+03
1.750887179930065918e+10 8.995895352623841973e+03 3.635700513540048178e+03
1.778017205113692856e+10 9.660238411620755869e+03 3.955656489941121890e+03
1.805567610476523209e+10 1.037425507406058205e+04 4.303157132555498720e+03
1.833544909816236115e+10 1.114171445648739609e+04 4.680537876279732700e+03
1.861955717861910248e+10 1.196665116161266269e+04 5.090319692544401732e+03
1.890806751837959671e+10 1.285340421332715414e+04 5.535231960268306466e+03
1.920104833052298355e+10 1.380667235111197442e+04 6.018243353245916296e+03
1.949856888509117508e+10 1.483148574650323644e+04 6.542557629549561170e+03
1.980069952546649170e+10 1.593325465063746196e+04 7.111642696774572869e+03
2.010751168500311661e+10 1.711783816252610632e+04 7.729269742070355278e+03
2.041907790391620255e+10 1.839150963237975157e+04 8.399507856784583055e+03
2.073547184643270874e+10 1.976101708273572876e+04 9.126760787339580929e+03
2.105676831820799255e+10 2.123366891514648160e+04 9.915816541178612169e+03
2.138304328401224136e+10 2.281729049422619937e+04 1.077184006774492082e+04
2.171437388569099045e+10 2.452030037701487163e+04 1.170042021561214096e+04
2.205083846040391541e+10 2.635181689441859999e+04 1.270763245547635779e+04
2.239251655914625931e+10 2.832160423319915208e+04 1.380002927579878997e+04
2.273948896555720901e+10 3.044016786196146495e+04 1.498469979971981775e+04
2.309183771501976013e+10 3.271888689108527979e+04 1.626934893193238531e+04
2.344964611405649185e+10 3.516994718602838839e+04 1.766228486637321839e+04
2.381299876002589035e+10 3.780646127573039848e+04 1.917249493019148213e+04
2.418198156112389374e+10 4.064263299269799609e+04 2.080974549480430142e+04
2.455668175669531250e+10 4.369367413110727648e+04 2.258456565028930345e+04
2.493718793786003494e+10 4.697595509534307348e+04 2.450834361466810151e+04
2.532359006845876312e+10 5.050720868705643079e+04 2.659345225614522133e+04
2.571597950632338333e+10 5.430642757333796908e+04 2.885322851200408331e+04
2.611444902487685776e+10 5.839405342056049994e+04 3.130209579219438456e+04
2.651909283506784439e+10 6.279222972889927769e+04 3.395572183736010629e+04
2.693000660764516449e+10 6.752467465772244032e+04 3.683099238712583610e+04
2.734728749577756119e+10 7.261691776832660253e+04 3.994616612143368548e+04
2.777103415802324677e+10 7.809661491506719904e+04 4.332107361219542508e+04
2.820134678165718460e+10 8.399339055605814792e+04 4.697708382247314876e+04
2.863832710635686874e+10 9.033913423905480886e+04 5.093730017795068125e+04
2.908207844825865936e+10 9.716839261281599465e+04 5.522681103061919566e+04
2.953270572438319778e+10 1.045181726795106806e+05 5.987264660818000266e+04
2.999031547744300079e+10 1.124283140953705733e+05 6.490402746476022003e+04
3.045501590103067017e+10 1.209419775636380946e+05 7.035267974231457629e+04
3.092691686520127106e+10 1.301053990359076852e+05 7.625277994510308781e+04
3.140612994244713593e+10 1.399683582597296045e+05 8.264127009889969486e+04
3.189276843407919312e+10 1.505847842626479687e+05 8.955825273229629965e+04
3.238694739701298904e+10 1.620124511621757410e+05 9.704692184081750747e+04
3.288878367097387695e+10 1.743135656058441091e+05 1.051539612500671647e+05
3.339839590611959457e+10 1.875555207208521897e+05 1.139300408309859195e+05
3.391590459109505844e+10 2.018105162266748084e+05 1.234297287758106831e+05
3.444143208151760101e+10 2.171562962745177501e+05 1.337119955013174622e+05
3.497510262890793610e+10 2.336770885066930496e+05 1.448408367226302216e+05
3.551704241006510925e+10 2.514631290957989695e+05 1.568851621711011976e+05
3.606737955690029144e+10 2.706115895646529971e+05 1.699194326339104737e+05
3.662624418673052979e+10 2.912277458276327816e+05 1.840244414587951906e+05
3.719376843304282379e+10 3.134243865166467731e+05 1.992871751207679335e+05
3.777008647673467255e+10 3.373229761146553210e+05 2.158016175048945879e+05
3.835533457783876801e+10 3.630551086748059606e+05 2.336697285794553172e+05
3.894965110773921204e+10 3.907617697556588100e+05 2.530012698748916155e+05
3.955317658188692474e+10 4.205947980698014144e+05 2.739148203146327869e+05
4.016605369302202606e+10 4.527186976509628003e+05 2.965390033596482244e+05
4.078842734491096497e+10 4.873097113384689437e+05 3.210122663602835382e+05
4.142044468660636902e+10 5.245576576476373011e+05 3.474841628213116201e+05
4.206225514723783875e+10 5.646681861919554649e+05 3.761168881314875907e+05
4.271401047134175110e+10 6.078616214708728949e+05 4.070850054417700740e+05
4.337586475473851776e+10 6.543752739782930585e+05 4.405770646952476236e+05
4.404797448096579742e+10 7.044662396639428334e+05 4.767975191573434277e+05
4.473049855827618408e+10 7.584099566019846825e+05 5.159663860748776351e+05
4.542359835720822906e+10 8.165031082137136254e+05 5.583212871545709204e+05
4.612743774873957062e+10 8.790671139117819257e+05 6.041198473723214120e+05
4.684218314303132629e+10 9.464463237256914144e+05 6.536392748371890048e+05
4.756800352877272034e+10 1.019011646073921584e+06 7.071789203918406274e+05
4.830507051313546753e+10 1.097164917173010064e+06 7.650632872301824391e+05
4.905355836234719086e+10 1.181336620014950167e+06 8.276415007923762314e+05
4.981364404289352417e+10 1.271990469072250882e+06 8.952905454374745023e+05
5.058550726335865021e+10 1.369628831982141128e+06 9.684190120906189550e+05
5.136933051691418457e+10 1.474789860189464875e+06 1.047466439070357126e+06
5.216529912446638489e+10 1.588053266013646033e+06 1.132907393071539700e+06
5.297360127847194672e+10 1.710047066951541230e+06 1.225256142019344028e+06
5.379442808743273926e+10 1.841444007718697190e+06 1.325065856080111349e+06
5.462797362107994080e+10 1.982968785968789831e+06 1.432933720797552029e+06
5.547443495625836945e+10 2.135406462082353886e+06 1.549506770689255325e+06
5.633401222352174377e+10 2.299597960095822345e+06 1.675480906329192687e+06
5.720690865444994354e+10 2.476449170040209312e+06 1.811607331270754337e+06
5.809333062969945526e+10 2.666941426404047757e+06 1.958699825430879369e+06
5.899348772779840851e+10 2.872125802038783673e+06 2.117633516196143813e+06
5.990759277469759369e+10 3.093134589007953648e+06 2.289352984001472592e+06
6.083586189408935547e+10 3.331194320280046202e+06 2.474881306628833525e+06
6.177851455850615692e+10 3.587618638066414278e+06 2.675318586015913635e+06
6.273577364121088409e+10 3.863822719526276458e+06 2.891852118185402360e+06
6.370786546889126587e+10 4.161339410952757578e+06 3.125767606976791751e+06
6.469501987517070007e+10 4.481810318621178158e+06 3.378447413160444703e+06
6.569747025494829559e+10 4.827003892515311949e+06 3.651383283337553497e+06
6.671545361958090973e+10 5.198835640011569485e+06 3.946190361328501720e+06
6.774921065292021179e+10 5.599356780036536977e+06 4.264605011351929046e+06
6.879898576821803284e+10 6.030776950712611899e+06 4.608500758429429494e+06
6.986502716591351318e+10 6.495489441871970892e+06 4.979905734589834698e+06
7.094758689231559753e+10 6.996056856576365419e+06 5.381000045237664133e+06
7.204692089919517517e+10 7.535239770243312232e+06 5.814135790110247210e+06
7.316328910429875183e+10 8.116027974408214912e+06 6.281858639375682920e+06
7.429695545280467224e+10 8.741622420906752348e+06 6.786904704558724537e+06
7.544818797972360229e+10 9.415471243771955371e+06 7.332225588401075453e+06
7.661725887327552795e+10 1.014130875369413197e+07 7.921015206536759622e+06
7.780444453923883057e+10 1.092313267827856727e+07 8.556706092032711953e+06
7.901002566630638123e+10 1.176524912597752362e+07 9.243000553942982107e+06
8.023428729244435120e+10 1.267232138060002960e+07 9.983904057302121073e+06
8.147751887228942871e+10 1.364934091194060817e+07 1.078372075854873098e+07
8.274001434557991028e+10 1.470168431605745852e+07 1.164709263350176811e+07
8.402207220665780640e+10 1.583517377931697480e+07 1.257904068792081997e+07
8.532399557503701782e+10 1.705604017413688079e+07 1.358495962254656665e+07
8.664609226707601929e+10 1.837099490369272232e+07 1.467066679309468530e+07
8.798867486874992371e+10 1.978730499325414747e+07 1.584245313266698830e+07
8.935206080956144714e+10 2.131274681575156003e+07 1.710707717942155525e+07
9.073657243758566284e+10 2.295569577373946458e+07 1.847182581059630588e+07
9.214253709568925476e+10 2.472521994970867783e+07 1.994457730058224127e+07
9.357028719891931152e+10 2.663102132527567446e+07 2.153379443505229056e+07
9.502016031310092163e+10 2.868354884822393954e+07 2.324860030394097418e+07
9.649249923464677429e+10 3.089411515628160909e+07 2.509885626964048296e+07
9.798765207160548401e+10 3.327482091826951504e+07 2.709515371518349648e+07
9.950597232596549988e+10 3.583869778354204446e+07 2.924890870629229769e+07
1.010478189772343445e+11 3.859985301388680190e+07 3.157245791918941587e+07
1.026135565673127899e+11 4.157337453434761614e+07 3.407904997061058879e+07
1.042035552866842499e+11 4.477550980990923196e+07 3.678296265509306639e+07
1.058181910619396820e+11 4.822384507459765673e+07 3.969962086718678474e+07
1.074578456446586761e+11 5.193718533161157370e+07 4.284558758336908370e+07
1.091229067016676788e+11 5.593577902343976498e+07 4.623870925494758040e+07
1.108137679066969299e+11 6.024154199125828594e+07 4.989826139565479010e+07
1.125308290334574432e+11 6.487790289417381585e+07 5.384493850174045563e+07
1.142744960501604004e+11 6.987008603981354833e+07 5.810103439590185136e+07
1.160451812155009613e+11 7.524538990777339041e+07 6.269062119652906060e+07
