# T[K] Gamma_nTOp[1/tau_n] Gamma_pTOn[1/tau_n]
# fingerprint_hash: aa2b4f9c5aa33be6
# fingerprint: {"QED_corrections":true,"T_end_MeV":0.001,"T_start_cosmo_MeV":100.0,"analytic_distortions":false,"delta_xi_nu":0.0,"finite_mass_corrections":true,"format_version":1,"incomplete_decoupling":false,"munuOverTnu":-0.05,"nevo_file":null,"nevo_file_prefix":"NEVOPRIMAT","nevo_spectral_file":null,"radiative_corrections":false,"sampling_nTOp_per_decade":150,"spectral_distortions":false,"y_SZ":0.0,"y_gray":0.0}
1.160451812155007198e+07 9.999983965267791319e-01 0.000000000000000000e+00
1.178433031761291809e+07 9.999983716350263618e-01 0.000000000000000000e+00
1.196692870656324737e+07 9.999983463555823793e-01 0.000000000000000000e+00
1.215235646050493419e+07 9.999983206823649384e-01 0.000000000000000000e+00
1.234065742049430311e+07 9.999982946091917624e-01 0.000000000000000000e+00
1.253187610690555163e+07 9.999982681297800990e-01 0.000000000000000000e+00
1.272605772995679639e+07 9.999982412377427243e-01 0.000000000000000000e+00
1.292324820039921999e+07 9.999982139265888303e-01 0.000000000000000000e+00
1.312349414037183113e+07 9.999981861897195845e-01 0.000000000000000000e+00
1.332684289442444220e+07 9.999981580204290177e-01 0.000000000000000000e+00
1.353334254071142524e+07 9.999981294118994724e-01 0.000000000000000000e+00
1.374304190235893987e+07 9.999981003572022686e-01 0.000000000000000000e+00
1.395599055900826678e+07 9.999980708492947068e-01 0.000000000000000000e+00
1.417223885853803717e+07 9.999980408810175136e-01 0.000000000000000000e+00
1.439183792896807566e+07 9.999980104450953977e-01 0.000000000000000000e+00
1.461483969054769725e+07 9.999979795341322752e-01 0.000000000000000000e+00
1.484129686803135276e+07 9.999979481406116033e-01 0.000000000000000000e+00
1.507126300314432755e+07 9.999979162568931601e-01 0.000000000000000000e+00
1.530479246724189445e+07 9.999978838752120458e-01 0.000000000000000000e+00
1.554194047416432761e+07 9.999978509876756849e-01 0.000000000000000000e+00
1.578276309329124913e+07 9.999978175862623830e-01 0.000000000000000000e+00
1.602731726279822551e+07 9.999977836628193284e-01 0.000000000000000000e+00
1.627566080311877280e+07 9.999977492090599274e-01 0.000000000000000000e+00
1.652785243061496504e+07 9.999977142165616950e-01 0.000000000000000000e+00
1.678395177145985141e+07 9.999976786767648118e-01 0.000000000000000000e+00
1.704401937573499978e+07 9.999976425809681269e-01 0.000000000000000000e+00
1.730811673174647242e+07 9.999976059203291578e-01 0.000000000000000000e+00
1.757630628056262806e+07 9.999975686858586510e-01 0.000000000000000000e+00
1.784865143077719212e+07 9.999975308684205810e-01 0.000000000000000000e+00
1.812521657350106537e+07 9.999974924587281544e-01 0.000000000000000000e+00
1.840606709758647159e+07 9.999974534473420329e-01 0.000000000000000000e+00
1.869126940508694202e+07 9.999974138246670030e-01 0.000000000000000000e+00
1.898089092695691064e+07 9.999973735809489783e-01 0.000000000000000000e+00
1.927500013899453729e+07 9.999973327062731121e-01 0.000000000000000000e+00
1.957366657803158462e+07 9.999972911905601336e-01 0.000000000000000000e+00
1.987696085837414861e+07 9.999972490235633504e-01 0.000000000000000000e+00
2.018495468849814311e+07 9.999972061948663171e-01 0.000000000000000000e+00
2.049772088800346479e+07 9.999971626938785052e-01 0.000000000000000000e+00
2.081533340483090654e+07 9.999971185098340820e-01 0.000000000000000000e+00
2.113786733274578676e+07 9.999970736317865816e-01 0.000000000000000000e+00
2.146539892909253761e+07 9.999970280486079055e-01 0.000000000000000000e+00
2.179800563282437995e+07 9.999969817489825497e-01 0.000000000000000000e+00
2.213576608281236142e+07 9.999969347214067161e-01 0.000000000000000000e+00
2.247876013643810898e+07 9.999968869541829841e-01 0.000000000000000000e+00
2.282706888847468048e+07 9.999968384354187556e-01 0.000000000000000000e+00
2.318077469025994465e+07 9.999967891530210373e-01 0.000000000000000000e+00
2.353996116916708648e+07 9.999967390946937762e-01 0.000000000000000000e+00
2.390471324837678671e+07 9.999966882479345287e-01 0.000000000000000000e+00
2.427511716695579141e+07 9.999966366000307971e-01 0.000000000000000000e+00
2.465126050024658069e+07 9.999965841380554776e-01 0.000000000000000000e+00
2.503323218057302758e+07 9.999965308488645288e-01 0.000000000000000000e+00
2.542112251826666296e+07 9.999964767190928638e-01 0.000000000000000000e+00
2.581502322301920131e+07 9.999964217351496876e-01 0.000000000000000000e+00
2.621502742556547374e+07 9.999963658832158320e-01 0.000000000000000000e+00
2.662122969970256090e+07 9.999963091492395373e-01 0.000000000000000000e+00
2.703372608465004340e+07 9.999962515189320111e-01 0.000000000000000000e+00
2.745261410775677487e+07 9.999961929777652081e-01 0.000000000000000000e+00
2.787799280755945295e+07 9.999961335109653904e-01 0.000000000000000000e+00
2.830996275719850883e+07 9.999960731035114625e-01 0.000000000000000000e+00
2.874862608819680288e+07 9.999960117401294202e-01 0.000000000000000000e+00
2.919408651460680366e+07 9.999959494052892417e-01 0.000000000000000000e+00
2.964644935753189772e+07 9.999958860832004470e-01 0.000000000000000000e+00
3.010582157002766803e+07 9.999958217578078790e-01 0.000000000000000000e+00
3.057231176238903776e+07 9.999957564127883725e-01 0.000000000000000000e+00
3.104603022782918811e+07 9.999956900315454256e-01 0.000000000000000000e+00
3.152708896855644137e+07 9.999956225972063129e-01 0.000000000000000000e+00
3.201560172225513682e+07 9.999955540926173114e-01 0.000000000000000000e+00
3.251168398897688091e+07 9.999954845003402593e-01 0.000000000000000000e+00
3.301545305844844505e+07 9.999954138026480033e-01 0.000000000000000000e+00
3.352702803780281544e+07 9.999953419815202915e-01 0.000000000000000000e+00
3.404652987973993272e+07 9.999952690186404425e-01 0.000000000000000000e+00
3.457408141112377495e+07 9.999951948953909042e-01 0.000000000000000000e+00
3.510980736202257872e+07 9.999951195928502568e-01 0.000000000000000000e+00
3.565383439519898593e+07 9.999950430917882160e-01 0.000000000000000000e+00
3.620629113605720550e+07 9.999949653726634136e-01 0.000000000000000000e+00
3.676730820305417478e+07 9.999948864156187334e-01 0.000000000000000000e+00
3.733701823858191818e+07 9.999948062004785365e-01 0.000000000000000000e+00
3.791555594032848626e+07 9.999947247067457745e-01 0.000000000000000000e+00
3.850305809312484413e+07 9.999946419135984366e-01 0.000000000000000000e+00
3.909966360128491372e+07 9.999945577998864410e-01 0.000000000000000000e+00
3.970551352144742757e+07 9.999944723441297478e-01 0.000000000000000000e+00
4.032075109592594206e+07 9.999943855245159163e-01 0.000000000000000000e+00
4.094552178657598794e+07 9.999942973188974404e-01 0.000000000000000000e+00
4.157997330918689817e+07 9.999942077047904165e-01 0.000000000000000000e+00
4.222425566840653867e+07 9.999941166593731001e-01 0.000000000000000000e+00
4.287852119320724159e+07 9.999940241594849066e-01 0.000000000000000000e+00
4.354292457290121913e+07 9.999939301816251902e-01 0.000000000000000000e+00
4.421762289371407777e+07 9.999938347019542428e-01 0.000000000000000000e+00
4.490277567592503130e+07 9.999937376962917401e-01 0.000000000000000000e+00
4.559854491158261150e+07 9.999936391401199609e-01 0.000000000000000000e+00
4.630509510280475020e+07 9.999935390085834541e-01 0.000000000000000000e+00
4.702259330067235976e+07 9.999934372764917034e-01 0.000000000000000000e+00
4.775120914472556859e+07 9.999933339183216807e-01 0.000000000000000000e+00
4.849111490307190269e+07 9.999932289082223980e-01 0.000000000000000000e+00
4.924248551311602443e+07 9.999931222200180159e-01 0.000000000000000000e+00
5.000549862292049825e+07 9.999930138272148383e-01 0.000000000000000000e+00
5.078033463320748508e+07 9.999929037030061973e-01 0.000000000000000000e+00
5.156717674001127481e+07 9.999927918202807797e-01 0.000000000000000000e+00
5.236621097799165547e+07 9.999926781516309537e-01 0.000000000000000000e+00
5.317762626441849768e+07 9.999925626693633163e-01 0.000000000000000000e+00
5.400161444383779913e+07 9.999924453455092399e-01 0.000000000000000000e+00
5.483837033342991769e+07 9.999923261518383066e-01 0.000000000000000000e+00
5.568809176907058060e+07 9.999922050598725187e-01 0.000000000000000000e+00
5.655097965210559964e+07 9.999920820409031741e-01 0.000000000000000000e+00
5.742723799685039371e+07 9.999919570660084078e-01 0.000000000000000000e+00
5.831707397882549465e+07 9.999918301060729542e-01 0.000000000000000000e+00
5.922069798373948038e+07 9.999917011318123494e-01 0.000000000000000000e+00
6.013832365723089874e+07 9.999915701137958024e-01 0.000000000000000000e+00
6.107016795538090169e+07 9.999914370224748383e-01 0.000000000000000000e+00
6.201645119600865245e+07 9.999913018282138299e-01 0.000000000000000000e+00
6.297739711076147109e+07 9.999911645013217498e-01 0.000000000000000000e+00
6.395323289801218361e+07 9.999910250120901400e-01 0.000000000000000000e+00
6.494418927657606453e+07 9.999908833308319700e-01 0.000000000000000000e+00
6.595050054026017338e+07 9.999907394279267114e-01 0.000000000000000000e+00
6.697240461325791478e+07 9.999905932738665237e-01 0.000000000000000000e+00
6.801014310640202463e+07 9.999904448393088785e-01 0.000000000000000000e+00
6.906396137428861856e+07 9.999902940951336250e-01 0.000000000000000000e+00
7.013410857328766584e+07 9.999901410125050516e-01 0.000000000000000000e+00
7.122083772045093775e+07 9.999899855629376111e-01 0.000000000000000000e+00
7.232440575333356857e+07 9.999898277183703055e-01 0.000000000000000000e+00
7.344507359074223042e+07 9.999896674512445127e-01 0.000000000000000000e+00
7.458310619442476332e+07 9.999895047345910282e-01 0.000000000000000000e+00
7.573877263171552122e+07 9.999893395421215470e-01 0.000000000000000000e+00
7.691234613915163279e+07 9.999891718483305825e-01 0.000000000000000000e+00
7.810410418707470596e+07 9.999890016286032690e-01 0.000000000000000000e+00
7.931432854523386061e+07 9.999888288593333785e-01 0.000000000000000000e+00
8.054330534940499067e+07 9.999886535180501079e-01 0.000000000000000000e+00
8.179132516904246807e+07 9.999884755835557471e-01 0.000000000000000000e+00
8.305868307597909868e+07 9.999882950360731160e-01 0.000000000000000000e+00
8.434567871419046819e+07 9.999881118574055483e-01 0.000000000000000000e+00
8.565261637064042687e+07 9.999879260311095308e-01 0.000000000000000000e+00
8.697980504722426832e+07 9.999877375426791115e-01 0.000000000000000000e+00
8.832755853382664919e+07 9.999875463797464059e-01 0.000000000000000000e+00
8.969619548251155019e+07 9.999873525322960921e-01 0.000000000000000000e+00
9.108603948286184669e+07 9.999871559928984466e-01 0.000000000000000000e+00
9.249741913848623633e+07 9.999869567569562578e-01 0.000000000000000000e+00
9.393066814471167326e+07 9.999867548229742775e-01 0.000000000000000000e+00
9.538612536747957766e+07 9.999865501928465461e-01 0.000000000000000000e+00
9.686413492346459627e+07 9.999863428721648129e-01 0.000000000000000000e+00
9.836504626143486798e+07 9.999861328705529351e-01 0.000000000000000000e+00
9.988921424487280846e+07 9.999859202020221494e-01 0.000000000000000000e+00
1.014369992358764559e+08 9.999857048853552088e-01 0.000000000000000000e+00
1.030087671803597659e+08 9.999854869445176098e-01 0.000000000000000000e+00
1.046048896945751756e+08 9.999852664090989052e-01 0.000000000000000000e+00
1.062257441529747695e+08 9.999850433147861040e-01 0.000000000000000000e+00
1.078717137774338573e+08 9.999848177038727082e-01 0.000000000000000000e+00
1.095431877278568894e+08 9.999845896258018341e-01 0.000000000000000000e+00
1.112405611941873878e+08 9.999843591377520768e-01 0.000000000000000000e+00
1.129642354898433983e+08 9.999841263052615670e-01 0.000000000000000000e+00
1.147146181466008723e+08 9.999838912028999882e-01 0.000000000000000000e+00
1.164921230109472573e+08 9.999836539149865589e-01 0.000000000000000000e+00
1.182971703419280052e+08 9.999834145363604154e-01 0.000000000000000000e+00
1.201301869105092436e+08 9.999831731732039541e-01 0.000000000000000000e+00
1.219916061004801840e+08 9.999829299439267905e-01 0.000000000000000000e+00
1.238818680109188110e+08 9.999826849801104478e-01 0.000000000000000000e+00
1.258014195602454841e+08 9.999824384275189937e-01 0.000000000000000000e+00
1.277507145918886960e+08 9.999821904471838385e-01 0.000000000000000000e+00
1.297302139815881997e+08 9.999819412165595889e-01 0.000000000000000000e+00
1.317403857463608384e+08 9.999816909307668311e-01 0.000000000000000000e+00
1.337817051551546305e+08 9.999814398039149621e-01 0.000000000000000000e+00
1.358546548412176967e+08 9.999811880705223865e-01 0.000000000000000000e+00
1.379597249162081480e+08 9.999809359870338588e-01 0.000000000000000000e+00
1.400974130860720873e+08 9.999806838334407422e-01 0.000000000000000000e+00
1.422682247687174082e+08 9.999804319150160659e-01 0.000000000000000000e+00
1.444726732135106027e+08 9.999801805641695962e-01 0.000000000000000000e+00
1.467112796226254404e+08 9.999799301424270315e-01 0.000000000000000000e+00
1.489845732742717564e+08 9.999796810425506388e-01 0.000000000000000000e+00
1.512930916478338540e+08 9.999794336908016668e-01 0.000000000000000000e+00
1.536373805509477854e+08 9.999791885493585220e-01 0.000000000000000000e+00
1.560179942485477626e+08 9.999789461189019235e-01 0.000000000000000000e+00
1.584354955939120650e+08 9.999787069413753615e-01 0.000000000000000000e+00
1.608904561617396772e+08 9.999784716029342935e-01 0.000000000000000000e+00
1.633834563832888305e+08 9.999782407370952919e-01 0.000000000000000000e+00
1.659150856836094260e+08 9.999780150281022406e-01 0.000000000000000000e+00
1.684859426209020317e+08 9.999777952145177951e-01 0.000000000000000000e+00
1.710966350280363262e+08 9.999775820930593140e-01 0.000000000000000000e+00
1.737477801562620401e+08 9.999773765226969147e-01 0.000000000000000000e+00
1.764400048211470246e+08 9.999771794290248650e-01 0.000000000000000000e+00
1.791739455507765412e+08 9.999769918089312926e-01 0.000000000000000000e+00
1.819502487362487614e+08 9.999768147355828640e-01 0.000000000000000000e+00
1.847695707845024765e+08 9.999766493637416431e-01 0.000000000000000000e+00
1.876325782735125422e+08 9.999764969354449917e-01 0.000000000000000000e+00
1.905399481098903120e+08 9.999763587860638347e-01 0.000000000000000000e+00
1.934923676889261007e+08 9.999762363507677110e-01 0.000000000000000000e+00
1.964905350571113229e+08 9.999761311714259193e-01 0.000000000000000000e+00
1.995351590771790445e+08 9.999760449039689636e-01 0.000000000000000000e+00
2.026269595957019329e+08 9.999759793262397167e-01 0.000000000000000000e+00
2.057666676132869124e+08 9.999759363463778250e-01 0.000000000000000000e+00
2.089550254574079216e+08 9.999759180117560042e-01 0.000000000000000000e+00
2.121927869579117596e+08 9.999759265185158563e-01 0.000000000000000000e+00
2.154807176252569854e+08 9.999759642217398437e-01 0.000000000000000000e+00
2.188195948314920366e+08 9.999760336462985011e-01 0.000000000000000000e+00
2.222102079940649271e+08 9.999761374984224016e-01 0.000000000000000000e+00
2.256533587624525726e+08 9.999762786780408419e-01 0.000000000000000000e+00
2.291498612077109218e+08 9.999764602919430923e-01 0.000000000000000000e+00
2.327005420149325728e+08 9.999766856678097282e-01 0.000000000000000000e+00
2.363062406787165999e+08 9.999769583691801023e-01 0.000000000000000000e+00
2.399678097016378045e+08 9.999772822114076920e-01 0.000000000000000000e+00
2.436861147958159745e+08 9.999776612786758223e-01 0.000000000000000000e+00
2.474620350875932574e+08 9.999780999421423733e-01 0.000000000000000000e+00
2.512964633253887594e+08 9.999786028792839732e-01 8.368656745853291511e-29
2.551903060907726884e+08 9.999791750945241642e-01 2.170695167639738749e-28
2.591444840128114223e+08 9.999798219412290301e-01 5.552283921479903618e-28
2.631599319857335687e+08 9.999805491451617678e-01 1.400766738121286020e-27
2.672375993899689615e+08 9.999813628294940138e-01 3.486353918540322848e-27
2.713784503166126013e+08 9.999822695414816165e-01 8.562042839423197912e-27
2.755834637953664660e+08 9.999832762809108822e-01 2.075252727262242139e-26
2.798536340260137916e+08 9.999843905304471869e-01 4.965217889199668048e-26
2.841899706134794354e+08 9.999856202880116340e-01 1.172908321718154596e-25
2.885934988065328598e+08 9.999869741013318603e-01 2.736098117143391928e-25
2.930652597401899099e+08 9.999884611048223126e-01 6.304101911945581127e-25
2.976063106818702817e+08 9.999900910589335501e-01 1.434893227915452752e-24
3.022177252813694477e+08 9.999918743922191489e-01 3.227010235026640427e-24
3.069005938247038126e+08 9.999938222462553261e-01 7.172059099867825395e-24
3.116560234918893576e+08 9.999959465236795131e-01 1.575532222034714771e-23
3.164851386187142134e+08 9.999982599395457195e-01 3.421579187924511257e-23
3.213890809625677466e+08 1.000000776076259035e+00 7.347110461296011386e-23
3.263690099723885655e+08 1.000003509442481731e+00 1.560166152915038155e-22
3.314261030627954006e+08 1.000006475536244110e+00 3.276890682725488425e-22
3.365615558924655318e+08 1.000009690912748272e+00 6.808654169596623090e-22
3.417765826468266249e+08 1.000013173256759202e+00 1.399713419131398876e-21
3.470724163251295090e+08 1.000016941461001840e+00 2.847506626616342707e-21
3.524503090319680572e+08 1.000021015710214289e+00 5.733321761118093774e-21
3.579115322733171582e+08 1.000025417571828168e+00 1.142696775337461173e-20
3.634573772571575642e+08 1.000030170094209581e+00 2.254784062130316929e-20
3.690891551987583041e+08 1.000035297911299192e+00 4.405481062111901116e-20
3.748081976306903362e+08 1.000040827357939088e+00 8.524331760361284819e-20
3.806158567176433802e+08 1.000046786594025239e+00 1.633688392408982486e-19
3.865135055761207938e+08 1.000053205739781292e+00 3.101575161595270813e-19
3.925025385990885496e+08 1.000060117021345452e+00 5.833927540431800244e-19
3.985843717856540680e+08 1.000067554930634595e+00 1.087341414235656125e-18
4.047604430758538246e+08 1.000075556400797039e+00 2.008429985314794217e-18
4.110322126906284690e+08 1.000084160996322691e+00 3.676987764851431257e-18
4.174011634770658016e+08 1.000093411127056520e+00 6.673143385276138722e-18
4.238688012589931488e+08 1.000103352269082535e+00 1.200684099518376684e-17
4.304366551930025220e+08 1.000114033221191967e+00 2.142118897204541850e-17
4.371062781299918890e+08 1.000125506386165597e+00 3.789925241854516491e-17
4.438792469823092222e+08 1.000137828073846435e+00 6.650357514406895774e-17
4.507571630965847373e+08 1.000151058849697572e+00 1.157553236215622629e-16
4.577416526323405504e+08 1.000165263886637623e+00 1.998813189963257768e-16
4.648343669464669228e+08 1.000180513397353144e+00 3.424456672199559704e-16
4.720369829836559296e+08 1.000196883085303412e+00 5.821725415301666005e-16
4.793512036728846431e+08 1.000214454663567842e+00 9.822093708857365296e-16
4.867787583300423026e+08 1.000233316433066788e+00 1.644750132063100362e-15
4.943214030667957664e+08 1.000253563844671012e+00 2.733945045763668521e-15
5.019809212057906389e+08 1.000275300263060663e+00 4.511527594933288997e-15
5.097591237022857666e+08 1.000298637709922778e+00 7.391811314163165566e-15
5.176578495723209381e+08 1.000323697714701865e+00 1.202597828775039603e-14
5.256789663275194168e+08 1.000350612318192889e+00 1.943035180705132032e-14
5.338243704166270494e+08 1.000379525095641098e+00 3.118024415246013021e-14
5.420959876738939285e+08 1.000410592242938490e+00 4.970089477765968204e-14
5.504957737744028568e+08 1.000443984039008694e+00 7.870124846510022018e-14
5.590257146964536905e+08 1.000479886194379775e+00 1.238163755875836628e-13
5.676878271911146641e+08 1.000518501441283847e+00 1.935527723371869682e-13
5.764841592590348721e+08 1.000560051416144791e+00 3.006705771431383302e-13
5.854167906346831322e+08 1.000604778514121662e+00 4.641918564764991824e-13
5.944878332780287266e+08 1.000652948125933417e+00 7.123008962295721493e-13
6.036994318739138842e+08 1.000704851007628848e+00 1.086507314614061444e-12
6.130537643390874863e+08 1.000760805908779361e+00 1.647586589340051054e-12
6.225530423371738195e+08 1.000821162458667812e+00 2.484007578065683870e-12
6.321995118015404940e+08 1.000886304671515292e+00 3.723821900025004105e-12
6.419954534663496017e+08 1.000956654186332173e+00 5.551339315935088081e-12
6.519431834057576656e+08 1.001032674138978562e+00 8.230390019199777279e-12
6.620450535815382004e+08 1.001114873933118155e+00 1.213660724297134693e-11
6.723034523991479874e+08 1.001203813445712854e+00 1.780197228147189789e-11
6.827208052724248171e+08 1.001300108148875490e+00 2.597597204697889407e-11
6.932995751970334053e+08 1.001404435526027203e+00 3.770915942134653076e-11
7.040422633327958584e+08 1.001517540612339108e+00 5.446668252836191783e-11
7.149514095950464010e+08 1.001640242761220545e+00 7.828181360631119430e-11
7.260295932551482916e+08 1.001773443401611674e+00 1.119625729125212422e-10
7.372794335503163338e+08 1.001918133747167428e+00 1.593683889493605799e-10
7.487035903028886318e+08 1.002075403222176364e+00 2.257787771017179666e-10
7.603047645491930246e+08 1.002246451138206984e+00 3.183828022664350227e-10
7.720856991781592369e+08 1.002432596089875227e+00 4.469250929607829593e-10
7.840491795798252821e+08 1.002635283178244352e+00 6.245537077704629369e-10
7.961980343038927317e+08 1.002856103398947596e+00 8.689324845286545197e-10
8.085351357284868956e+08 1.003096805228525623e+00 1.203688399687522922e-09
8.210634007392781973e+08 1.003359300527304487e+00 1.660283105795028988e-09
8.337857914191280603e+08 1.003645696208821159e+00 2.280443689152510173e-09
8.467053157484196424e+08 1.003958295279516078e+00 3.119266633861746668e-09
8.598250283162407875e+08 1.004299625517930838e+00 4.249208919288441658e-09
8.731480310425866842e+08 1.004672453888896033e+00 5.765159817648241971e-09
8.866774739117529392e+08 1.005079816368332990e+00 7.790896808428729178e-09
9.004165557170931101e+08 1.005525022581085670e+00 1.048718814167111291e-08
9.143685248173152208e+08 1.006011703360541798e+00 1.406207220880917604e-08
9.285366799044981003e+08 1.006543826765654348e+00 1.878366686927009070e-08
9.429243707840079069e+08 1.007125717489410377e+00 2.499611809466275992e-08
9.575349991664987803e+08 1.007762108138753110e+00 3.313954098697131662e-08
9.723720194721868038e+08 1.008458157218883766e+00 4.377453042694919604e-08
9.874389396475850344e+08 1.009219484619464424e+00 5.761239066496081831e-08
1.002739321994894743e+09 1.010052226912504070e+00 7.555238623968575792e-08
1.018276784014247060e+09 1.010963058834409845e+00 9.872693114603317426e-08
1.034054999258996606e+09 1.011959238185145660e+00 1.285566709328679822e-07
1.050077698204266429e+09 1.013048676803631976e+00 1.668176193440986376e-07
1.066348669128951907e+09 1.014239963442707060e+00 2.157214064299850196e-07
1.082871759011391401e+09 1.015542419351543879e+00 2.780120074152215466e-07
1.099650874438914537e+09 1.016966189094673290e+00 3.570824463303930336e-07
1.116689982531485558e+09 1.018522266374954688e+00 4.571122754051246774e-07
1.133993111879655838e+09 1.020222557478191350e+00 5.832313345856404165e-07
1.151564353497053146e+09 1.022079997097330661e+00 7.417156074247174601e-07
1.169407861787627220e+09 1.024108575893792894e+00 9.402144986633994709e-07
1.187527855527884483e+09 1.026323424872847667e+00 1.188019318046631156e-06
1.205928618864341497e+09 1.028740950160841106e+00 1.496380785702424146e-06
1.224614502326434612e+09 1.031378868572998542e+00 1.878872997680155712e-06
1.243589923855123758e+09 1.034256298414074182e+00 2.351818366179601055e-06
1.262859369847435951e+09 1.037393951787933144e+00 2.934789608777090728e-06
1.282427396217192411e+09 1.040814145109531630e+00 3.651172613051246710e-06
1.302298629472172976e+09 1.044540924057859810e+00 4.528822752827800324e-06
1.322477767807970285e+09 1.048600302224201419e+00 5.600835418431844673e-06
1.342969582218793631e+09 1.053020259678605131e+00 6.906396320965211674e-06
1.363778917625484943e+09 1.057830897560182004e+00 8.491770350638163910e-06
1.384910694021013021e+09 1.063064736364034202e+00 1.041145985327071102e-05
1.406369907633722782e+09 1.068756709874531641e+00 1.272947080703880971e-05
1.428161632108575344e+09 1.074944316182477877e+00 1.552075586497435100e-05
1.450291019706783295e+09 1.081668060611069349e+00 1.887295634615439316e-05
1.472763302523882866e+09 1.088971344774228855e+00 2.288822079508076102e-05
1.495583793726863146e+09 1.096900731980070542e+00 2.768535730540086311e-05
1.518757888810273170e+09 1.105506446133629028e+00 3.340236519747254656e-05
1.542291066871986866e+09 1.114842206702506777e+00 4.019907147208343876e-05
1.566188891908537626e+09 1.124965630490373680e+00 4.826030555015015208e-05
1.590457014130726576e+09 1.135938748928088993e+00 5.779957374942632615e-05
1.615101171299410820e+09 1.147827856010416259e+00 6.906291803340191247e-05
1.640127190082197428e+09 1.160703984903851849e+00 8.233356764678476027e-05
1.665540987430948496e+09 1.174643483623687423e+00 9.793730801066031979e-05
1.691348571980845928e+09 1.189727974844621894e+00 1.162482279206424990e-04
1.717556045470915318e+09 1.206044706370301034e+00 1.376954508760482910e-04
1.744169604186783075e+09 1.223687434718954581e+00 1.627711866641624568e-04
1.771195540425565243e+09 1.242756379713801707e+00 1.920392660692937358e-04
1.798640243983680964e+09 1.263358322240179854e+00 2.261448941988394130e-04
1.826510203667497396e+09 1.285608365326050606e+00 2.658272012612447588e-04
1.854812008827570677e+09 1.309628919040119355e+00 3.119311913614136321e-04
1.883552350916542530e+09 1.335550882523538041e+00 3.654232799553434950e-04
1.912738025071222544e+09 1.363514700177173689e+00 4.274090625892872823e-04
1.942375931719174385e+09 1.393670214675581276e+00 4.991523468871138626e-04
1.972473078210198879e+09 1.426176938589580390e+00 5.820972046162892514e-04
2.003036580473095179e+09 1.461206706686801526e+00 6.778961772838006930e-04
2.034073664698094368e+09 1.498941797237763662e+00 7.884367467049869030e-04
2.065591669045362234e+09 1.539577257042528569e+00 9.158769446781020581e-04
2.097598045379975080e+09 1.583322112791476943e+00 1.062684738056302210e-03
2.130100361033778667e+09 1.630398839939580347e+00 1.231680100011041086e-03
2.163106300594548702e+09 1.681044826125718705e+00 1.426085917854998933e-03
2.196623667722872734e+09 1.735514662715055501e+00 1.649587738618929359e-03
2.230660386997185230e+09 1.794079251916486539e+00 1.906395656465697088e-03
2.265224505787391663e+09 1.857027483941852797e+00 2.201319164754114623e-03
2.300324196157525063e+09 1.924669503862612929e+00 2.539856147658576830e-03
2.335967756797881126e+09 1.997334732691829151e+00 2.928281387223626454e-03
2.372163614987098217e+09 2.075374512712925501e+00 3.373756990613378109e-03
2.408920328584632397e+09 2.159166369836171828e+00 3.884462987687684662e-03
2.446246588054110050e+09 2.249111382982931673e+00 4.469724605767312620e-03
2.484151218518033028e+09 2.345636814325365194e+00 5.140169693945034236e-03
2.522643181844318390e+09 2.449201827877445670e+00 5.907918585684702843e-03
2.561731578765172005e+09 2.560294342410120105e+00 6.786765228303600142e-03
2.601425651028792858e+09 2.679434138690601319e+00 7.792401229112833755e-03
2.641734783584417343e+09 2.807179931971362397e+00 8.942687712948206927e-03
2.682668506801221371e+09 2.944125387039724373e+00 1.025790838681702073e-02
2.724236498721607208e+09 3.090902985982274309e+00 1.176108555227501490e-02
2.766448587349399090e+09 3.248192767009437265e+00 1.347836585984736775e-02
2.809314752973500729e+09 3.416717299802124685e+00 1.543936879514309739e-02
2.852845130527552605e+09 3.597246493004321533e+00 1.767762785160768152e-02
2.897050011986157894e+09 3.790608385405254133e+00 2.023113345019383544e-02
2.941939848798230648e+09 3.997682838775352021e+00 2.314280618321066726e-02
2.987525254358056068e+09 4.219407523855298159e+00 2.646110723141931881e-02
3.033817006514635563e+09 4.456791190510902112e+00 3.024079656169679012e-02
3.080826050119915485e+09 4.710905106157073696e+00 3.454355928023433719e-02
3.128563499616498947e+09 4.982891662624308715e+00 3.943885443852134659e-02
3.177040641665457726e+09 5.273981083478666676e+00 4.500497417077445328e-02
3.226268937814860821e+09 5.585480179290797764e+00 5.132986637723799955e-02
3.276260027209647655e+09 5.918780763678081591e+00 5.851226042244697667e-02
3.327025729343498230e+09 6.275382611579272130e+00 6.666315853713415673e-02
3.378578046853338718e+09 6.656880849899489583e+00 7.590693278161636526e-02
3.430929168357147217e+09 7.064973557881353727e+00 8.638280295729659775e-02
3.484091471335736275e+09 7.501491052969194939e+00 9.824690584334605514e-02
3.538077525059182644e+09 7.968380908551278452e+00 1.116737254411716007e-01
3.592900093558606625e+09 8.467714259201684968e+00 1.268580009595486058e-01
3.648572138643998146e+09 9.001730584900300869e+00 1.440177706325370399e-01
3.705106822968801022e+09 9.572803500019203327e+00 1.633958256147155230e-01
3.762517513141988754e+09 1.018347067755318847e+01 1.852627971341146429e-01
3.820817782888371944e+09 1.083646273037995655e+01 2.099206509735015991e-01
3.880021416257783890e+09 1.153468592436757056e+01 2.377051291701715308e-01
3.940142410884243965e+09 1.228124003517281793e+01 2.689893630127336288e-01
4.001194981295209408e+09 1.307946832657942160e+01 3.041890427656557816e-01
4.063193562272600174e+09 1.393292202841676541e+01 3.437650159401000050e-01
4.126152812265383244e+09 1.484540105256371767e+01 3.882287724220941927e-01
4.190087616855565071e+09 1.582098787220588321e+01 4.381483558745726814e-01
4.255013092277347565e+09 1.686404137026210392e+01 4.941530782639119157e-01
4.320944588991366386e+09 1.797920601785221706e+01 5.569390946757617478e-01
4.387897695313753128e+09 1.917149003244091077e+01 6.272789208252623760e-01
4.455888241101989746e+09 2.044623038923439395e+01 7.060261809909470498e-01
4.524932301497314453e+09 2.180911870718525236e+01 7.941235324570714571e-01
4.595046200725684166e+09 2.326629689114862742e+01 8.926155127098182041e-01
4.666246515957053185e+09 2.482430715979766234e+01 1.002653968789079642e+00
4.738550081225043297e+09 2.649013395751953581e+01 1.125509021330323378e+00
4.811973991406744957e+09 2.827130737771742730e+01 1.262585410122400331e+00
4.886535606264802933e+09 3.017585697904292275e+01 1.415430009977326264e+00
4.962252554551527023e+09 3.221235808641414877e+01 1.585745884005050010e+00
5.039142738177108765e+09 3.439005939127001454e+01 1.775414158736526415e+00
5.117224336442107201e+09 3.671881000503552173e+01 1.986501820502554638e+00
5.196515810335638046e+09 3.920914933439321715e+01 2.221282681624157096e+00
5.277035906900142670e+09 4.187244345032203796e+01 2.482264919831765670e+00
5.358803663663785934e+09 4.472080088045649404e+01 2.772200701135438816e+00
5.441838413141543388e+09 4.776716835810264428e+01 3.094112259112862251e+00
5.526159787406021118e+09 5.102551746477458039e+01 3.451330046931524453e+00
5.611787722729105949e+09 5.451074493212970395e+01 3.847504504172209128e+00
5.698742464295544624e+09 5.823878032526754822e+01 4.286639153673252878e+00
5.787044570989544868e+09 6.222681839292474848e+01 4.773141357077258284e+00
5.876714920255559921e+09 6.649318624371554165e+01 5.311834736431205073e+00
5.967774713034382820e+09 7.105749406893971809e+01 5.908004310369090462e+00
6.060245478775726318e+09 7.594091328192196499e+01 6.567462616324227120e+00
6.154149080528474808e+09 8.116601003332598907e+01 7.296563187651736726e+00
6.249507720109809875e+09 8.675694673052446149e+01 8.102261456265557271e+00
6.346343943354429245e+09 9.273981023980422833e+01 8.992199920945806113e+00
6.444680645445102692e+09 9.914241813223890176e+01 9.974724338461495421e+00
6.544541076325830460e+09 1.059945515290748972e+02 1.105896076250671811e+01
6.645948846198868752e+09 1.133283735865664568e+02 1.225492926037911090e+01
6.748927931106939316e+09 1.211781906898965246e+02 1.357356137285559505e+01
6.853502678601936340e+09 1.295807406002376752e+02 1.502680034241246787e+01
6.959697813501462936e+09 1.385757056936382696e+02 1.662774962053735095e+01
7.067538443734570503e+09 1.482054227518277969e+02 1.839069163471188517e+01
7.177050066278079033e+09 1.585152409909372295e+02 2.033121819184427892e+01
7.288258573184876442e+09 1.695541517755497409e+02 2.246642395879765886e+01
7.401190257705627441e+09 1.813744358144500666e+02 2.481492598825915863e+01
7.515871820505343437e+09 1.940321080950518535e+02 2.739703312836644500e+01
7.632330375976270676e+09 2.075876914072156865e+02 3.023499763396159068e+01
7.750593458648603439e+09 2.221057868801875372e+02 3.335303448356732758e+01
7.870689029700525284e+09 2.376556263705199115e+02 3.677754099906155005e+01
7.992645483569128990e+09 2.543120247305523378e+02 4.053742369805873835e+01
8.116491654663769722e+09 2.721548558417740082e+02 4.466411578377062597e+01
8.242256824183441162e+09 2.912697401813339297e+02 4.919186182205904601e+01
8.369970727039791107e+09 3.117492149812662205e+02 5.415814086752531153e+01
8.499663558887403488e+09 3.336920966374550517e+02 5.960368035743801585e+01
8.631365983263017654e+09 3.572043357320442283e+02 6.557282439165608423e+01
8.765109138835369110e+09 3.824004577981544344e+02 7.211408095435555765e+01
8.900924646767377853e+09 4.094027854324664872e+02 7.928012891992082700e+01
9.038844618192382812e+09 4.383425018934685227e+02 8.712829387323078834e+01
9.178901661806262970e+09 4.693614262093621505e+02 9.572125459924194502e+01
9.321128891577163696e+09 5.026110640351863026e+02 1.051270390106979988e+02
9.465559934574703217e+09 5.382539170925485905e+02 1.154196341162992212e+02
9.612228938920488358e+09 5.764657109643535478e+02 1.266799078179331559e+02
9.761170581861820221e+09 6.174342000505345140e+02 1.389955777423185737e+02
9.912420077970510483e+09 6.613608271645271088e+02 1.524620060691225092e+02
1.006601318746877289e+10 7.084634193332487939e+02 1.671833703132654989e+02
1.022198622468387222e+10 7.589747729864868688e+02 1.832726174724927262e+02
1.038037606663446045e+10 8.131447113891317713e+02 2.008524848906729687e+02
1.054122016174884987e+10 8.712434077725312136e+02 2.200570034005001219e+02
1.070455653871969604e+10 9.335596565756110294e+02 2.410314158669335711e+02
1.087042381549451637e+10 1.000403437975941983e+03 2.639334907476498415e+02
1.103886120840690231e+10 1.072110001370451073e+03 2.889354437941075844e+02
1.120990854144781494e+10 1.149037784794544223e+03 3.162238177611550327e+02
1.138360625568195534e+10 1.231571614278464040e+03 3.460011719031828648e+02
1.155999541880861473e+10 1.320127734770644565e+03 3.784885395439443982e+02
1.173911773487212181e+10 1.415151237412811724e+03 4.139252319311686392e+02
1.192101555412126160e+10 1.517120059358084291e+03 4.525710105912092445e+02
1.210573188302300262e+10 1.626551221483649670e+03 4.947092388398359617e+02
1.229331039442981911e+10 1.743997671246738264e+03 5.406465898966765735e+02
1.248379543790613937e+10 1.870053234788170585e+03 5.907158188061758892e+02
1.267723205021320915e+10 2.005360406689638694e+03 6.452798192776159567e+02
1.287366596595802307e+10 2.150606458572558950e+03 7.047311967517932771e+02
1.307314362840569115e+10 2.306529602947139665e+03 7.694958146441622375e+02
1.327571220046068001e+10 2.473928601121778229e+03 8.400379609114919504e+02
1.348141957581736374e+10 2.653657980370521727e+03 9.168597430329646158e+02
1.369031439028369331e+10 2.846635795350591252e+03 1.000505656041238808e+03
1.390244603328024483e+10 3.053855438857601257e+03 1.091569135895523004e+03
1.411786465951747131e+10 3.276379865919499025e+03 1.190691762672199047e+03
1.433662120085387230e+10 3.515351300812118552e+03 1.298569112845503469e+03
1.455876737833791733e+10 3.772005793553891181e+03 1.415959076649534154e+03
1.478435571443656158e+10 4.047666077595693878e+03 1.543680743649214719e+03
1.501343954545323753e+10 4.343753717535045325e+03 1.682621892882344810e+03
1.524607303413825607e+10 4.661807210894252421e+03 1.833749606025376806e+03
1.548231118249462509e+10 5.003473117550264760e+03 1.998108715535399369e+03
1.572220984478227997e+10 5.370521434542413772e+03 2.176831464440433592e+03
1.596582574072381401e+10 5.764867865589370922e+03 2.371150920951073658e+03
1.621321646891484261e+10 6.188562987296603751e+03 2.582398934454166920e+03
1.646444052044215012e+10 6.643811207478830511e+03 2.812018341419362514e+03
1.671955729271285820e+10 7.132998675067535260e+03 3.061580143139161009e+03
1.697862710349787521e+10 7.658679778781914138e+03 3.332780701741323355e+03
1.724171120519293976e+10 8.223601155416181427e+03 3.627457462039549682e+03
1.750887179930065918e+10 8.830735965852434674e+03 3.947610578160249133e+03
1.778017205113692856e+10 9.483267444641145630e+03 4.295399296569668877e+03
1.805567610476523209e+10 1.018461863862566497e+04 4.673161850193057944e+03
1.833544909816236115e+10 1.093849517334500706e+04 5.083442993166671840e+03
1.861955717861910248e+10 1.174886499452670068e+04 5.528989251493746451e+03
1.890806751837959671e+10 1.261999576500019430e+04 6.012774369817873776e+03
1.920104833052298355e+10 1.355650757634682486e+04 6.538033994178794273e+03
1.949856888509117508e+10 1.456334802657037108e+04 7.108259485746540122e+03
1.980069952546649170e+10 1.564583895142710571e+04 7.727230278918381373e+03
2.010751168500311661e+10 1.680974199747514285e+04 8.399057842450352837e+03
2.041907790391620255e+10 1.806122816324741507e+04 9.128177783464954700e+03
2.073547184643270874e+10 1.940693585864375200e+04 9.919390778638451593e+03
2.105676831820799255e+10 2.085405264664456263e+04 1.077791833647863314e+04
2.138304328401224136e+10 2.241027699734888301e+04 1.170939218781812451e+04
2.171437388569099045e+10 2.408389152446194566e+04 1.271990663080475679e+04
2.205083846040391541e+10 2.588386466354266668e+04 1.381608907396644463e+04
2.239251655914625931e+10 2.781980317346471929e+04 1.500508619071139401e+04
2.273948896555720901e+10 2.990204382234330114e+04 1.629463041937558046e+04
2.309183771501976013e+10 3.214177969716019288e+04 1.769312901892919399e+04
2.344964611405649185e+10 3.455100128150136152e+04 1.920964612676852266e+04
2.381299876002589035e+10 3.714261165925189562e+04 2.085398742356026924e+04
2.418198156112389374e+10 3.993058367144925433e+04 2.263681260927714538e+04
2.455668175669531250e+10 4.292988647931344167e+04 2.456961206064782164e+04
2.493718793786003494e+10 4.615663029673843266e+04 2.666481453413263080e+04
2.532359006845876312e+10 4.962826099163829349e+04 2.893592852465152464e+04
2.571597950632338333e+10 5.336346977953025635e+04 3.139751277289327481e+04
2.611444902487685776e+10 5.738237492795740400e+04 3.406531310758092150e+04
2.651909283506784439e+10 6.170676327653104090e+04 3.695644029448008951e+04
2.693000660764516449e+10 6.635997822040220490e+04 4.008933232213472365e+04
2.734728749577756119e+10 7.136714717157348059e+04 4.348392772856129159e+04
2.777103415802324677e+10 7.675548243217573327e+04 4.716188986545291118e+04
2.820134678165718460e+10 8.255414229193865322e+04 5.114655888948663051e+04
2.863832710635686874e+10 8.879451590874668909e+04 5.546317124117720232e+04
2.908207844825865936e+10 9.551059796500462107e+04 6.013914211991690536e+04
2.953270572438319778e+10 1.027388152815734356e+05 6.520400386780253757e+04
2.999031547744300079e+10 1.105183845391533105e+05 7.068968428493755346e+04
3.045501590103067017e+10 1.188917791598106705e+05 7.663086237489209452e+04
3.092691686520127106e+10 1.279045125724989630e+05 8.306488937426888151e+04
3.140612994244713593e+10 1.376055883746097679e+05 9.003214208290407259e+04
3.189276843407919312e+10 1.480480793542758911e+05 9.757646874170821684e+04
3.238694739701298904e+10 1.592888592538714583e+05 1.057450899326052750e+05
3.288878367097387695e+10 1.713891671739560552e+05 1.145890454988412530e+05
3.339839590611959457e+10 1.844153287503796746e+05 1.241637549962987250e+05
3.391590459109505844e+10 1.984384209606994700e+05 1.345288916533078300e+05
3.444143208151760101e+10 2.135349810092384578e+05 1.457489481239144516e+05
3.497510262890793610e+10 2.297879047805685841e+05 1.578939405991923704e+05
3.551704241006510925e+10 2.472860274552635092e+05 1.710392487178103183e+05
3.606737955690029144e+10 2.661250139291814412e+05 1.852663313465391693e+05
3.662624418673052979e+10 2.864084775784703670e+05 2.006636101960881788e+05
3.719376843304282379e+10 3.082474575273528462e+05 2.173262685104638222e+05
3.777008647673467255e+10 3.317615360876361374e+05 2.353571554381116293e+05
3.835533457783876801e+10 3.570802303309668205e+05 2.548678931338950642e+05
3.894965110773921204e+10 3.843423395780746941e+05 2.759786238062553457e+05
3.955317658188692474e+10 4.136973495512977242e+05 2.988191528804717236e+05
4.016605369302202606e+10 4.453071674213645165e+05 3.235303379977596924e+05
4.078842734491096497e+10 4.793453018036986468e+05 3.502637685397443711e+05
4.142044468660636902e+10 5.159986272676417721e+05 3.791832098030659836e+05
4.206225514723783875e+10 5.554695442784698680e+05 4.104663422393649817e+05
4.271401047134175110e+10 5.979749550820576260e+05 4.443043611109717749e+05
4.337586475473851776e+10 6.437484835582926171e+05 4.809038015534169390e+05
4.404797448096579742e+10 6.930431569531610003e+05 5.204887101079007261e+05
4.473049855827618408e+10 7.461301263286458561e+05 5.633001459497520700e+05
4.542359835720822906e+10 8.033014549842826091e+05 6.095984829554862808e+05
4.612743774873957062e+10 8.648734628783381777e+05 6.596661294159045210e+05
4.684218314303132629e+10 9.311851244574196171e+05 7.138069064507727744e+05
4.756800352877272034e+10 1.002601553227139288e+06 7.723489376609467436e+05
4.830507051313546753e+10 1.079518188413280062e+06 8.356480640345836291e+05
4.905355836234719086e+10 1.162358767388946377e+06 9.040870573670238955e+05
4.981364404289352417e+10 1.251579728384124581e+06 9.780792782990878914e+05
5.058550726335865021e+10 1.347675406802105252e+06 1.058072930823283503e+06
5.136933051691418457e+10 1.451175481008831179e+06 1.144550078253193758e+06
5.216529912446638489e+10 1.562650519178287825e+06 1.238031260163041065e+06
5.297360127847194672e+10 1.682718444502388593e+06 1.339080800498302327e+06
5.379442808743273926e+10 1.812041346874273149e+06 1.448305600833258592e+06
5.462797362107994080e+10 1.951332420769900316e+06 1.566360929463315988e+06
5.547443495625836945e+10 2.101364028011689894e+06 1.693957052832484012e+06
5.633401222352174377e+10 2.262963682494198438e+06 1.831857737658260390e+06
5.720690865444994354e+10 2.437022788431645371e+06 1.980887546559907030e+06
5.809333062969945526e+10 2.624506687714030501e+06 2.141940112191245425e+06
5.899348772779840851e+10 2.826449557190998457e+06 2.315976253854484297e+06
5.990759277469759369e+10 3.043965427972063422e+06 2.504033174887998495e+06
6.083586189408935547e+10 3.278260673489816487e+06 2.707234758140775375e+06
6.177851455850615692e+10 3.530627623320592567e+06 2.926789272750962526e+06
6.273577364121088409e+10 3.802458407180713024e+06 3.164000925973751582e+06
6.370786546889126587e+10 4.095260431263008155e+06 3.420282635566342622e+06
6.469501987517070007e+10 4.410648389119972475e+06 3.697153253216693178e+06
6.569747025494829559e+10 4.750361614604900591e+06 3.996252037333259359e+06
6.671545361958090973e+10 5.116283470395880751e+06 4.319354628367226571e+06
6.774921065292021179e+10 5.510431149996642023e+06 4.668369568485400639e+06
6.879898576821803284e+10 5.934977464583686553e+06 5.045356445667617023e+06
6.986502716591351318e+10 6.392275045719718561e+06 5.452545803854954429e+06
7.094758689231559753e+10 6.884843431145285256e+06 5.892334866081221960e+06
7.204692089919517517e+10 7.415396554482037202e+06 6.367310354026361369e+06
7.316328910429875183e+10 7.986872718630934134e+06 6.880273127794928849e+06
7.429695545280467224e+10 8.602418301731279120e+06 7.434232994598476216e+06
7.544818797972360229e+10 9.265422302541159093e+06 8.032437295554683544e+06
7.661725887327552795e+10 9.979553748121425509e+06 8.678401567273771390e+06
7.780444453923883057e+10 1.074874111271307617e+07 9.375903259322941303e+06
7.901002566630638123e+10 1.157721543550151773e+07 1.012901732840499282e+07
8.023428729244435120e+10 1.246955712430852093e+07 1.094215444236916862e+07
8.147751887228942871e+10 1.343066967529302090e+07 1.182005324315983243e+07
8.274001434557991028e+10 1.446583425503122993e+07 1.276782511993719824e+07
8.402207220665780640e+10 1.558076770088423043e+07 1.379100141577681527e+07
8.532399557503701782e+10 1.678158898105758429e+07 1.489552396021839045e+07
8.664609226707601929e+10 1.807488804222656786e+07 1.608780118274128810e+07
8.798867486874992371e+10 1.946779783938807994e+07 1.737476650300921127e+07
8.935206080956144714e+10 2.096795219408383220e+07 1.876386721949547902e+07
9.073657243758566284e+10 2.258357172317832708e+07 2.026313420331206173e+07
9.214253709568925476e+10 2.432355365847073868e+07 2.188125429451484606e+07
9.357028719891931152e+10 2.619741817903103307e+07 2.362755695638058335e+07
9.502016031310092163e+10 2.821541671004093811e+07 2.551210140206207708e+07
9.649249923464677429e+10 3.038864385425201431e+07 2.754576622765112296e+07
9.798765207160548401e+10 3.272896810857128724e+07 2.974023294820358977e+07
9.950597232596549988e+10 3.524916873080929369e+07 3.210809503029647470e+07
1.010478189772343445e+11 3.796307441927619278e+07 3.466296829796088487e+07
1.026135565673127899e+11 4.088547616695804149e+07 3.741947208439760655e+07
1.042035552866842499e+11 4.403229848313764483e+07 4.039336448918221146e+07
1.058181910619396820e+11 4.742077121987970173e+07 4.360167826630476862e+07
1.074578456446586761e+11 5.106931915345571935e+07 4.706269912465629727e+07
1.091229067016676788e+11 5.499777696660954505e+07 5.079613379283754528e+07
1.108137679066969299e+11 5.922760388757222891e+07 5.482327808223252743e+07
1.125308290334574432e+11 6.378174101653335989e+07 5.916699073198314756e+07
1.142744960501604004e+11 6.868488185307809711e+07 6.385190232923738658e+07
1.160451812155009613e+11 7.396373914715789258e+07 6.890462224884454906e+07
