# T[K] Gamma_nTOp[1/tau_n] Gamma_pTOn[1/tau_n]
# fingerprint_hash: fe428de457b24b59
# fingerprint: {"QED_corrections":false,"T_end_MeV":0.001,"T_start_cosmo_MeV":40.0,"analytic_distortions":false,"finite_mass_corrections":true,"format_version":1,"incomplete_decoupling":true,"munuOverTnu":0.02,"nevo_file":null,"nevo_file_prefix":"NEVOPRIMAT","nevo_spectral_file":null,"radiative_corrections":true,"sampling_nTOp_per_decade":80,"spectral_distortions":true,"y_SZ":0.0,"y_gray":0.0}
1.160451812155007198e+07 9.999983396593944418e-01 0.000000000000000000e+00
1.194445382843508385e+07 9.999982910754622312e-01 0.000000000000000000e+00
1.229434740548801981e+07 9.999982410733443405e-01 0.000000000000000000e+00
1.265449055251050368e+07 9.999981896120628821e-01 0.000000000000000000e+00
1.302518351418111660e+07 9.999981366494682389e-01 0.000000000000000000e+00
1.340673533036361635e+07 9.999980821422113086e-01 0.000000000000000000e+00
1.379946409374797717e+07 9.999980260457151937e-01 0.000000000000000000e+00
1.420369721503815055e+07 9.999979683141477782e-01 0.000000000000000000e+00
1.461977169590851478e+07 9.999979089003963040e-01 0.000000000000000000e+00
1.504803440995584987e+07 9.999978477560399481e-01 0.000000000000000000e+00
1.548884239188134670e+07 9.999977848313257311e-01 0.000000000000000000e+00
1.594256313514404185e+07 9.999977200751429818e-01 0.000000000000000000e+00
1.640957489833307080e+07 9.999976534349968027e-01 0.000000000000000000e+00
1.689026702051510662e+07 9.999975848569840897e-01 0.000000000000000000e+00
1.738504024581887946e+07 9.999975142857665533e-01 0.000000000000000000e+00
1.789430705752837285e+07 9.999974416645469599e-01 0.000000000000000000e+00
1.841849202196240798e+07 9.999973669350413763e-01 0.000000000000000000e+00
1.895803214242760837e+07 9.999972900374546336e-01 0.000000000000000000e+00
1.951337722354025394e+07 9.999972109104566798e-01 0.000000000000000000e+00
2.008499024621973559e+07 9.999971294911574882e-01 0.000000000000000000e+00
2.067334775366751477e+07 9.999970457150860748e-01 0.000000000000000000e+00
2.127894024865204096e+07 9.999969595161691815e-01 0.000000000000000000e+00
2.190227260243212804e+07 9.999968708267156225e-01 0.000000000000000000e+00
2.254386447565865889e+07 9.999967795774000745e-01 0.000000000000000000e+00
2.320425075160592049e+07 9.999966856972533069e-01 0.000000000000000000e+00
2.388398198209420219e+07 9.999965891136554097e-01 0.000000000000000000e+00
2.458362484647430480e+07 9.999964897523341278e-01 0.000000000000000000e+00
2.530376262405800447e+07 9.999963875373685251e-01 0.000000000000000000e+00
2.604499568038682267e+07 9.999962823911995313e-01 0.000000000000000000e+00
2.680794196774604172e+07 9.999961742346469284e-01 0.000000000000000000e+00
2.759323754033992812e+07 9.999960629869334428e-01 0.000000000000000000e+00
2.840153708455819264e+07 9.999959485657201608e-01 0.000000000000000000e+00
2.923351446477630734e+07 9.999958308871487178e-01 0.000000000000000000e+00
3.008986328514331579e+07 9.999957098658974752e-01 0.000000000000000000e+00
3.097129746782724559e+07 9.999955854152484669e-01 0.000000000000000000e+00
3.187855184819832072e+07 9.999954574471703328e-01 0.000000000000000000e+00
3.281238278744807094e+07 9.999953258724164629e-01 0.000000000000000000e+00
3.377356880315344781e+07 9.999951906006420144e-01 0.000000000000000000e+00
3.476291121831235290e+07 9.999950515405411355e-01 0.000000000000000000e+00
3.578123482939223200e+07 9.999949086000083920e-01 0.000000000000000000e+00
3.682938859394711256e+07 9.999947616863263944e-01 0.000000000000000000e+00
3.790824633837836981e+07 9.999946107063810707e-01 0.000000000000000000e+00
3.901870748642701656e+07 9.999944555669145752e-01 0.000000000000000000e+00
4.016169780900728703e+07 9.999942961748103931e-01 0.000000000000000000e+00
4.133817019600404054e+07 9.999941324374248541e-01 0.000000000000000000e+00
4.254910545068005472e+07 9.999939642629629422e-01 0.000000000000000000e+00
4.379551310735325515e+07 9.999937915609082850e-01 0.000000000000000000e+00
4.507843227302657813e+07 9.999936142425120966e-01 0.000000000000000000e+00
4.639893249367284775e+07 9.999934322213491766e-01 0.000000000000000000e+00
4.775811464589476585e+07 9.999932454139472959e-01 0.000000000000000000e+00
4.915711185470598191e+07 9.999930537405011810e-01 0.000000000000000000e+00
5.059709043819620460e+07 9.999928571256804233e-01 0.000000000000000000e+00
5.207925087986870110e+07 9.999926554995408612e-01 0.000000000000000000e+00
5.360482882946188748e+07 9.999924487985555333e-01 0.000000000000000000e+00
5.517509613308683038e+07 9.999922369667758604e-01 0.000000000000000000e+00
5.679136189354267716e+07 9.999920199571410429e-01 0.000000000000000000e+00
5.845497356169053912e+07 9.999917977329532137e-01 0.000000000000000000e+00
6.016731805979927629e+07 9.999915702695367781e-01 0.000000000000000000e+00
6.192982293779598922e+07 9.999913375561055862e-01 0.000000000000000000e+00
6.374395756338880956e+07 9.999910995978632533e-01 0.000000000000000000e+00
6.561123434705124050e+07 9.999908564183612736e-01 0.000000000000000000e+00
6.753321000289034843e+07 9.999906080621507876e-01 0.000000000000000000e+00
6.951148684645150602e+07 9.999903545977590902e-01 0.000000000000000000e+00
7.154771413053803146e+07 9.999900961210307360e-01 0.000000000000000000e+00
7.364358942016379535e+07 9.999898327588793157e-01 0.000000000000000000e+00
7.580086000778134167e+07 9.999895646734942023e-01 0.000000000000000000e+00
7.802132436996677518e+07 9.999892920670632179e-01 0.000000000000000000e+00
8.030683366677752137e+07 9.999890151870663990e-01 0.000000000000000000e+00
8.265929328502891958e+07 9.999887343322136912e-01 0.000000000000000000e+00
8.508066442678131163e+07 9.999884498591016246e-01 0.000000000000000000e+00
8.757296574435649812e+07 9.999881621896781203e-01 0.000000000000000000e+00
9.013827502325230837e+07 9.999878718196046901e-01 0.000000000000000000e+00
9.277873091435243189e+07 9.999875793276358227e-01 0.000000000000000000e+00
9.549653471688136458e+07 9.999872853861243582e-01 0.000000000000000000e+00
9.829395221358637512e+07 9.999869907727982898e-01 0.000000000000000000e+00
1.011733155596781969e+08 9.999866963839537659e-01 0.000000000000000000e+00
1.041370252271060497e+08 9.999864032492413735e-01 0.000000000000000000e+00
1.071875520057871491e+08 9.999861125482309987e-01 0.000000000000000000e+00
1.103274390634579509e+08 9.999858256289717584e-01 0.000000000000000000e+00
1.135593040658666492e+08 9.999855440287863662e-01 0.000000000000000000e+00
1.168858413590708673e+08 9.999852694975688294e-01 0.000000000000000000e+00
1.203098242156668752e+08 9.999850040238847937e-01 0.000000000000000000e+00
1.238341071468138248e+08 9.999847498642132626e-01 0.000000000000000000e+00
1.274616282819872946e+08 9.999845095757078361e-01 0.000000000000000000e+00
1.311954118184435666e+08 9.999842860528990185e-01 0.000000000000000000e+00
1.350385705424373746e+08 9.999840825688153245e-01 0.000000000000000000e+00
1.389943084242920876e+08 9.999839028210522063e-01 0.000000000000000000e+00
1.430659232894937396e+08 9.999837509833867655e-01 0.000000000000000000e+00
1.472568095680249631e+08 9.999836317636078276e-01 0.000000000000000000e+00
1.515704611242395937e+08 9.999835504683092235e-01 0.000000000000000000e+00
1.560104741696303487e+08 9.999835130754861634e-01 0.000000000000000000e+00
1.605805502609273791e+08 9.999835263158780574e-01 0.000000000000000000e+00
1.652844993860153258e+08 9.999835978253139857e-01 0.000000000000000000e+00
1.701262431402502060e+08 9.999837360141765608e-01 0.000000000000000000e+00
1.751098179958217144e+08 9.999839505045572396e-01 0.000000000000000000e+00
1.802393786668825150e+08 9.999842520761017539e-01 0.000000000000000000e+00
1.855192015732608140e+08 9.999846528495210940e-01 0.000000000000000000e+00
1.909536884056296647e+08 9.999851663780257027e-01 0.000000000000000000e+00
1.965473697951165140e+08 9.999858079680518097e-01 0.000000000000000000e+00
2.023049090904033780e+08 9.999865947462308613e-01 0.000000000000000000e+00
2.082311062454790771e+08 9.999875459603139172e-01 0.000000000000000000e+00
2.143309018212690055e+08 9.999886832134738945e-01 0.000000000000000000e+00
2.206093811044900417e+08 9.999900307987777959e-01 0.000000000000000000e+00
2.270717783471610248e+08 9.999916158918711329e-01 0.000000000000000000e+00
2.337234811302981079e+08 9.999934689959409928e-01 0.000000000000000000e+00
2.405700348554467559e+08 9.999956244253278559e-01 0.000000000000000000e+00
2.476171473677769899e+08 9.999981205026509112e-01 0.000000000000000000e+00
2.548706937146100700e+08 1.000001000455266853e+00 1.943189762716261521e-28
2.623367210433326662e+08 1.000004312378601101e+00 1.122667902992670856e-27
2.700214536427979469e+08 1.000008111237803643e+00 6.183432615029835361e-27
2.779312981323959827e+08 1.000012456134254935e+00 3.249771519930466605e-26
2.860728488031346798e+08 1.000017416996360708e+00 1.632261249409031064e-25
2.944528931151782870e+08 1.000023070261205849e+00 7.846063508270780526e-25
3.030784173564286828e+08 1.000029500027529661e+00 3.613295344876776797e-24
3.119566124668592215e+08 1.000036803865707924e+00 1.596262692697034405e-23
3.210948800334758162e+08 1.000045089631988349e+00 6.771946117399949981e-23
3.305008384608782530e+08 1.000054477994118951e+00 2.762048393904599206e-22
3.401823293225855827e+08 1.000065104848882003e+00 1.084356508860734884e-21
3.501474238984055519e+08 1.000077122795036244e+00 4.101706716764656534e-21
3.604044299033194184e+08 1.000090703208099452e+00 1.496400265571959519e-20
3.709618984134646654e+08 1.000106038470894187e+00 5.271051181338420322e-20
3.818286309950104952e+08 1.000123345213106862e+00 1.794507402540587821e-19
3.930136870418622494e+08 1.000142867127306046e+00 5.910240106827111482e-19
4.045263913283039927e+08 1.000164878861559359e+00 1.884858298813812488e-18
4.163763417829000354e+08 1.000189690680112653e+00 5.825828192475113318e-18
4.285734174901039600e+08 1.000217653300293996e+00 1.746721473140546136e-17
4.411277869262718558e+08 1.000249163890126969e+00 5.084516047020137372e-17
4.540499164369260669e+08 1.000284674027902110e+00 1.438129931904983985e-16
4.673505789623640776e+08 1.000324697938820728e+00 3.955705545362182068e-16
4.810408630188527703e+08 1.000369822608464521e+00 1.058947552254428810e-15
4.951321819429209232e+08 1.000420721923547029e+00 2.761138123254528179e-15
5.096362834064487815e+08 1.000478170433408698e+00 7.017746342300162168e-15
5.245652592104764581e+08 1.000543063688146495e+00 1.739920558354869214e-14
5.399315553659272194e+08 1.000616440380434513e+00 4.211168241145893981e-14
5.557479824696080685e+08 1.000699501264424862e+00 9.956994835935020760e-14
5.720277263841720819e+08 1.000793673547881957e+00 2.301510700351846156e-13
5.887843592309185266e+08 1.000900585104751217e+00 5.204229440175331522e-13
6.060318507046331167e+08 1.001022197355058818e+00 1.151998037784369202e-12
6.237845797198551893e+08 1.001160806199396403e+00 2.497963424970784882e-12
6.420573463983147144e+08 1.001319109068512070e+00 5.309323931037254121e-12
6.608653844075227976e+08 1.001500338654208733e+00 1.106845470564316512e-11
6.802243736607878208e+08 1.001708324351263890e+00 2.264639909232367304e-11
7.001504533892848492e+08 1.001947591232893453e+00 4.550148952764403512e-11
7.206602355970234871e+08 1.002223537844997514e+00 8.982842085555228137e-11
7.417708189099742174e+08 1.002542587651426009e+00 1.743417428697897972e-10
7.634998028308640718e+08 1.002912382054866658e+00 3.328250999595468529e-10
7.858653024115747213e+08 1.003342104249720590e+00 6.253075061884836282e-10
8.088859633553140163e+08 1.003842507867348965e+00 1.156709995286306347e-09
8.325809775611968040e+08 1.004426417148824857e+00 2.107665792365608426e-09
8.569700991241761446e+08 1.005109062033437972e+00 3.784514233737119928e-09
8.820736608036700487e+08 1.005908654385892831e+00 6.699501642018713337e-09
9.079125909745934010e+08 1.006846355061927323e+00 1.169597645503868393e-08
9.345084310749771595e+08 1.007947323095975012e+00 2.014384739189946915e-08
9.618833535646533966e+08 1.009241512585982825e+00 3.423904073736084765e-08
9.900601804100320339e+08 1.010763523357403493e+00 5.744871783007651851e-08
1.019062402110335708e+09 1.012554431325695115e+00 9.518073999093243978e-08
1.048914197281219006e+09 1.014662256183252564e+00 1.557552000782293342e-07
1.079640452812016487e+09 1.017142902620951528e+00 2.518032124087676412e-07
1.111266784613485813e+09 1.020062000169523309e+00 4.022683353675670459e-07
1.143819558973324299e+09 1.023495458637601940e+00 6.351807708810828127e-07
1.177325914537234783e+09 1.027531896875155226e+00 9.915344657265115236e-07
1.211813784933942080e+09 1.032273807204488802e+00 1.530531044847254615e-06
1.247311922062922478e+09 1.037839830903079186e+00 2.336669887214583660e-06
1.283849920064341068e+09 1.044367259874209086e+00 3.529212622954749986e-06
1.321458239991118431e+09 1.052013920809362402e+00 5.274542981516585087e-06
1.360168235203776360e+09 1.060962046173980378e+00 7.802481306945036350e-06
1.400012177509135485e+09 1.071420720184374176e+00 1.142716302322569771e-05
1.441023284064728022e+09 1.083629394403887947e+00 1.657388871834055953e-05
1.483235745071326971e+09 1.097864258695508966e+00 2.381403853489959854e-05
1.526684752276691675e+09 1.114436819927392852e+00 3.390721782194759155e-05
1.571406528314249754e+09 1.133709398910882626e+00 4.785980877714011235e-05
1.617438356901275635e+09 1.156088614869924980e+00 6.699151128378197752e-05
1.664818613921616554e+09 1.182042647237980804e+00 9.302867675016166535e-05
1.713586799418937206e+09 1.212103062383239171e+00 1.282165147687467602e-04
1.763783570527214289e+09 1.246869743628856053e+00 1.754619517796915384e-04
1.815450775365811586e+09 1.287036221246869561e+00 2.385307072759812528e-04
1.868631487927488089e+09 1.333367238950392109e+00 3.222625919099023572e-04
1.923370043988390207e+09 1.386760516691103451e+00 4.329179744688013893e-04
1.979712078069975138e+09 1.448201350956656031e+00 5.785238800935029076e-04
2.037704561483635664e+09 1.518835449127419190e+00 7.694376065001406768e-04
2.097395841489860296e+09 1.599932712267202017e+00 1.018946122068840020e-03
2.158835681604428291e+09 1.692955155520880828e+00 1.344165274783718595e-03
2.222075303085304260e+09 1.799532252408865718e+00 1.767053976239883837e-03
2.287167427634904385e+09 1.921533666490811587e+00 2.315863911497528099e-03
2.354166321353172302e+09 2.061039901374629224e+00 3.026781188227340488e-03
2.423127839978229046e+09 2.220450604827511665e+00 3.946301366095386794e-03
2.494109475452268600e+09 2.402408801539221539e+00 5.133733986346672440e-03
2.567170403851538181e+09 2.610002772749810962e+00 6.665160264319217390e-03
2.642371534720295429e+09 2.846588778955602361e+00 8.637052459855796768e-03
2.719775561850031853e+09 3.116112528474560772e+00 1.117268206709057764e-02
2.799447015546083927e+09 3.422919610192892925e+00 1.442783162353433388e-02
2.881452316425378323e+09 3.771965331278087863e+00 1.859961590231978823e-02
2.965859830790022850e+09 4.168914273160095441e+00 2.393696748514567013e-02
3.052739927623100281e+09 4.620000146701534582e+00 3.075121162651640871e-02
3.142165037253938198e+09 5.132499689949864496e+00 3.943422602607285499e-02
3.234209711741948128e+09 5.714551035536778123e+00 5.047454784750728812e-02
3.328950687029297352e+09 6.375218550640929571e+00 6.447798249182394581e-02
3.426466946914258480e+09 7.125061960806209349e+00 8.220020256586618723e-02
3.526839788898484230e+09 7.975894808143523029e+00 1.045740728215526910e-01
3.630152891963314533e+09 8.940904830338618936e+00 1.327455473803002550e-01
3.736492386331355095e+09 1.003541139075598387e+01 1.681312554177490926e-01
3.845946925271603107e+09 1.127661796501193159e+01 2.124651561354265195e-01
3.958607759008128166e+09 1.268390050629408528e+01 2.678635847314487783e-01
4.074568810793635368e+09 1.427933287858002309e+01 3.369094755670677399e-01
4.193926755211558819e+09 1.608812370108623213e+01 4.227513331379307293e-01
4.316781098771873474e+09 1.813874844839887146e+01 5.292065916878767595e-01
4.443234262867848396e+09 2.046335508327136665e+01 6.608891320094001376e-01
4.573391669162797928e+09 2.309865934817108268e+01 8.233828798784464942e-01
4.707361827478274345e+09 2.608649151803726696e+01 1.023428616903631516e+00
4.845256426256653786e+09 2.947423872035309955e+01 1.269132818021556641e+00
4.987190425673658371e+09 3.331571858142230269e+01 1.570231488015622512e+00
5.133282153478646278e+09 3.767182224122778678e+01 1.938377305970541808e+00
5.283653403642189980e+09 4.261252193046970405e+01 2.387573023396186045e+00
5.438429537893475533e+09 4.821704292910570189e+01 2.934532357907696731e+00
5.597739590232056618e+09 5.457554099447089158e+01 3.599205228692551106e+00
5.761716374501134872e+09 6.179063124260284212e+01 4.405370940014982750e+00
5.930496595111913681e+09 6.997861389977185809e+01 5.381271139533123637e+00
6.104220961011671066e+09 7.927299267558308316e+01 6.560594679725691769e+00
6.283034302990117073e+09 8.982536835286462917e+01 7.983290719980479011e+00
6.467085694422193527e+09 1.018084673963794273e+02 9.696737212999115840e+00
6.656528575547679901e+09 1.154191622471918919e+02 1.175706265594567945e+01
6.851520881391641617e+09 1.308819065673964417e+02 1.423069281351218152e+01
7.052225173431834221e+09 1.484518932185194728e+02 1.719603455815555648e+01
7.258808775123225212e+09 1.684217277084460704e+02 2.074594159602997223e+01
7.471443911392463684e+09 1.911245489657419796e+02 2.498987853964110073e+01
7.690307852218645096e+09 2.169405277027067598e+02 3.005691585872250471e+01
7.915583060419889450e+09 2.463036356720513425e+02 3.609911647104129884e+01
8.147457343769403458e+09 2.797093765804881969e+02 4.329549690968264741e+01
8.386124011567255020e+09 3.177236335893899764e+02 5.185664055339223211e+01
8.631782035798656464e+09 3.609916538098640331e+02 6.202983135996528574e+01
8.884636217013431549e+09 4.102530538578883466e+02 7.410606822888983913e+01
9.144897355064310074e+09 4.663519128550357209e+02 8.842674128602565986e+01
9.412782424846891403e+09 5.302530939785985993e+02 1.053923728269179065e+02
9.688514757187610626e+09 6.030597498071761038e+02 1.254725826365117882e+02
9.972324225030553818e+09 6.860334169585736390e+02 1.492177545662428031e+02
1.026444743507811546e+10 7.806170513397338482e+02 1.772724501494120659e+02
1.056512792504586601e+10 8.884614399026604588e+02 2.103912847787474050e+02
1.087461636669533730e+10 1.011453734797692050e+03 2.494565641765999260e+02
1.119317077481427765e+10 1.151757261014123060e+03 2.955011986224651537e+02
1.152105672231908607e+10 1.311846829948129880e+03 3.497322176600443981e+02
1.185854756165785217e+10 1.494555816789496930e+03 4.135597648879355575e+02
1.220592465269928932e+10 1.703128804010466411e+03 4.886308552753853860e+02
1.256347759729724312e+10 1.941281931716418057e+03 5.768683039236277637e+02
1.293150448072645378e+10 2.213272175561916811e+03 6.805158624469777351e+02
1.331031212019052696e+10 2.523976881497543673e+03 8.021911247107478857e+02
1.370021632061007500e+10 2.878985154037904067e+03 9.449463161013603667e+02
1.410154213790321732e+10 3.284699795991095471e+03 1.112338169895054989e+03
1.451462414997881317e+10 3.748465429212124945e+03 1.308513649408797619e+03
1.493980673566762352e+10 4.278700912284170954e+03 1.538302579786293109e+03
1.537744436182493210e+10 4.885059012397439801e+03 1.807329343007222633e+03
1.582790187884276772e+10 5.578609611074469285e+03 2.122141855497301094e+03
1.629155482481897926e+10 6.372049618146309513e+03 2.490360501855554048e+03
1.676878973863648033e+10 7.279944100331794289e+03 2.920851677830857170e+03
1.726000448221327972e+10 8.319003377998958968e+03 3.423928571395607378e+03
1.776560857219301224e+10 9.508401528998238064e+03 4.011583624589644842e+03
1.828602352135112762e+10 1.087014235887498580e+04 4.697758772902110650e+03
1.882168319000241089e+10 1.242947426862700922e+04 5.498655314045146042e+03
1.937303414770203400e+10 1.421538958567953887e+04 6.433103089947545413e+03
1.994053604554274368e+10 1.626116739466779291e+04 7.522974904861731375e+03
2.052466199935720444e+10 1.860501477769611301e+04 8.793673645291197317e+03
2.112589898414597702e+10 2.129080247695899016e+04 1.027469522355736262e+04
2.174474824005956650e+10 2.436890950703370618e+04 1.200028107580403594e+04
2.238172569027315521e+10 2.789719431435859951e+04 1.401017332531497595e+04
2.303736237110184479e+10 3.194211162195317229e+04 1.635048784143759440e+04
2.371220487471634674e+10 3.657999658815399016e+04 1.907472621070063542e+04
2.440681580482650757e+10 4.189854137331139646e+04 2.224494674393129026e+04
2.512177424571330261e+10 4.799849065703162341e+04 2.593311617495211613e+04
2.585767624500127792e+10 5.499559329697638896e+04 3.022267555121246551e+04
2.661513531057204056e+10 6.302287036202150921e+04 3.521036711489391018e+04
2.739478292203451920e+10 7.223317247773626877e+04 4.100831511864918866e+04
2.819726905717783356e+10 8.280216113496555772e+04 4.774645452525796281e+04
2.902326273384587479e+10 9.493172591079634731e+04 5.557533573151416203e+04
2.987345256768461609e+10 1.088539154287054553e+05 6.466936530011149443e+04
3.074854734622896576e+10 1.248354587341137958e+05 7.523055252654774813e+04
3.164927661980533600e+10 1.431829652655866521e+05 8.749283857649295533e+04
3.257639130974450684e+10 1.642489052629779617e+05 1.017271007918120449e+05
3.353066433441031647e+10 1.884384889092632802e+05 1.182469336119660293e+05
3.451289125356819153e+10 2.162175719542073202e+05 1.374153233397089934e+05
3.552389093162808228e+10 2.481217533821186225e+05 1.596523621510985249e+05
3.656450622031669617e+10 2.847668788977527875e+05 1.854441855681802554e+05
3.763560466134754944e+10 3.268610309094105614e+05 2.153532268863587524e+05
3.873807920967382812e+10 3.752183865825782996e+05 2.500301130969637306e+05
3.987284897792932892e+10 4.307751385663003311e+05 2.902273796541380580e+05
4.104086000267502594e+10 4.946078030219160137e+05 3.368153035614585970e+05
4.224308603309262085e+10 5.679542738579245051e+05 3.908001772779104649e+05
4.348052934278048706e+10 6.522380333781498484e+05 4.533453961462535663e+05
4.475422156533167267e+10 7.490959937629246851e+05 5.257957897358422633e+05
4.606522455438705444e+10 8.604105032852275763e+05 6.097056883711215341e+05
4.741463126888324738e+10 9.883461535408588825e+05 7.068713012451650575e+05
4.880356668423223877e+10 1.135392060751270037e+06 8.193680358621797059e+05
5.023318873019279480e+10 1.304410626668972895e+06 9.495936252282243222e+05
5.170468925621424103e+10 1.498693347957779653e+06 1.100317701631405856e+06
5.321929502506053925e+10 1.722025136821116554e+06 1.274739046452710638e+06
5.477826873553909302e+10 1.978758207719570259e+06 1.476551548375735991e+06
5.638291007518873596e+10 2.273896996131776366e+06 1.710020213707766030e+06
5.803455680380647278e+10 2.613195748136213981e+06 1.980068745441680308e+06
5.973458586871220398e+10 3.003270660555126145e+06 2.292380433475319296e+06
6.148441455268445587e+10 3.451728727331899107e+06 2.653514359797079582e+06
6.328550165552282715e+10 3.967315767186009325e+06 3.071039222311686724e+06
6.513934871022261047e+10 4.560086465627317317e+06 3.553687415336825419e+06
6.704750123477406311e+10 5.241599633849618025e+06 4.111532346697178204e+06
6.901155002063371277e+10 6.025142671525849029e+06 4.756192713692529127e+06
7.103313245893699646e+10 6.925989035374690779e+06 5.501067329909830354e+06
7.311393390556010437e+10 7.961693992387603037e+06 6.361605399143664166e+06
7.525568908617167664e+10 9.152434150510644540e+06 7.355617406159610488e+06
7.746018354244035339e+10 1.052139715439279377e+07 8.503632628878733143e+06
7.972925512060813904e+10 1.209522891983315721e+07 9.829310190274111927e+06
8.206479550366879272e+10 1.390454680503889918e+07 1.135991155504184403e+07
8.446875178842932129e+10 1.598452834783503041e+07 1.312684353593126498e+07
8.694312810876712036e+10 1.837558656433485076e+07 1.516628218572226912e+07
8.948998730644142151e+10 2.112414438320906088e+07 1.751988942261736467e+07
9.211145265084492493e+10 2.428352250175426900e+07 2.023563590547661856e+07
9.480970960913493347e+10 2.791495731734575331e+07 2.336874589895859361e+07
9.758700766821530151e+10 3.208876744496964291e+07 2.698278163831580430e+07
1.004456622100944519e+11 3.688569057573934644e+07 3.115088756000300124e+07
1.033880564421748657e+11 4.239841357907390594e+07 3.595721702270390838e+07
1.064166433840895081e+11 4.873332672824504226e+07 4.149856919172018766e+07
1.095339479127387848e+11 5.601253073657862842e+07 4.788626480156290531e+07
1.127425688672342987e+11 6.437613432806185633e+07 5.524829583649270236e+07
1.160451812155009613e+11 7.398488269426947832e+07 6.373178787681593001e+07
