# T[K] Gamma_nTOp[1/tau_n] Gamma_pTOn[1/tau_n]
# fingerprint_hash: dea82e9f141bbdd4
# fingerprint: {"QED_corrections":true,"T_end_MeV":0.001,"T_start_cosmo_MeV":40.0,"analytic_distortions":false,"finite_mass_corrections":true,"format_version":1,"incomplete_decoupling":false,"munuOverTnu":0.05,"nevo_file":null,"nevo_file_prefix":"NEVOPRIMAT","nevo_spectral_file":null,"radiative_corrections":true,"sampling_nTOp_per_decade":80,"spectral_distortions":false,"y_SZ":0.0,"y_gray":0.0}
1.160451812155007198e+07 9.999983405952765914e-01 0.000000000000000000e+00
1.194445382843508385e+07 9.999982920960552857e-01 0.000000000000000000e+00
1.229434740548801981e+07 9.999982421863093940e-01 0.000000000000000000e+00
1.265449055251050368e+07 9.999981908257569163e-01 0.000000000000000000e+00
1.302518351418111660e+07 9.999981379730077391e-01 0.000000000000000000e+00
1.340673533036361635e+07 9.999980835855402095e-01 0.000000000000000000e+00
1.379946409374797717e+07 9.999980276196802631e-01 0.000000000000000000e+00
1.420369721503815055e+07 9.999979700305789976e-01 0.000000000000000000e+00
1.461977169590851478e+07 9.999979107721956861e-01 0.000000000000000000e+00
1.504803440995584987e+07 9.999978497972780156e-01 0.000000000000000000e+00
1.548884239188134670e+07 9.999977870573465433e-01 0.000000000000000000e+00
1.594256313514404185e+07 9.999977225026784877e-01 0.000000000000000000e+00
1.640957489833307080e+07 9.999976560822930738e-01 0.000000000000000000e+00
1.689026702051510662e+07 9.999975877439369887e-01 0.000000000000000000e+00
1.738504024581887946e+07 9.999975174340722806e-01 0.000000000000000000e+00
1.789430705752837285e+07 9.999974450978624807e-01 0.000000000000000000e+00
1.841849202196240798e+07 9.999973706791637218e-01 0.000000000000000000e+00
1.895803214242760837e+07 9.999972941205145238e-01 0.000000000000000000e+00
1.951337722354025394e+07 9.999972153631285776e-01 0.000000000000000000e+00
2.008499024621973559e+07 9.999971343468910812e-01 0.000000000000000000e+00
2.067334775366751477e+07 9.999970510103564081e-01 0.000000000000000000e+00
2.127894024865204096e+07 9.999969652907522155e-01 0.000000000000000000e+00
2.190227260243212804e+07 9.999968771239846621e-01 0.000000000000000000e+00
2.254386447565865889e+07 9.999967864446527299e-01 0.000000000000000000e+00
2.320425075160592049e+07 9.999966931860660990e-01 0.000000000000000000e+00
2.388398198209420219e+07 9.999965972802705716e-01 0.000000000000000000e+00
2.458362484647430480e+07 9.999964986580812676e-01 0.000000000000000000e+00
2.530376262405800447e+07 9.999963972491251463e-01 0.000000000000000000e+00
2.604499568038682267e+07 9.999962929818920765e-01 0.000000000000000000e+00
2.680794196774604172e+07 9.999961857837972312e-01 0.000000000000000000e+00
2.759323754033992812e+07 9.999960755812558055e-01 0.000000000000000000e+00
2.840153708455819264e+07 9.999959622997700581e-01 0.000000000000000000e+00
2.923351446477630734e+07 9.999958458640332282e-01 0.000000000000000000e+00
3.008986328514331579e+07 9.999957261980463308e-01 0.000000000000000000e+00
3.097129746782724559e+07 9.999956032252577121e-01 0.000000000000000000e+00
3.187855184819832072e+07 9.999954768687203677e-01 0.000000000000000000e+00
3.281238278744807094e+07 9.999953470512736864e-01 0.000000000000000000e+00
3.377356880315344781e+07 9.999952136957513948e-01 0.000000000000000000e+00
3.476291121831235290e+07 9.999950767252157036e-01 0.000000000000000000e+00
3.578123482939223200e+07 9.999949360632286455e-01 0.000000000000000000e+00
3.682938859394711256e+07 9.999947916341540566e-01 0.000000000000000000e+00
3.790824633837836981e+07 9.999946433635029663e-01 0.000000000000000000e+00
3.901870748642701656e+07 9.999944911783249513e-01 0.000000000000000000e+00
4.016169780900728703e+07 9.999943350076437865e-01 0.000000000000000000e+00
4.133817019600404054e+07 9.999941747829559358e-01 0.000000000000000000e+00
4.254910545068005472e+07 9.999940104387871065e-01 0.000000000000000000e+00
4.379551310735325515e+07 9.999938419133157508e-01 0.000000000000000000e+00
4.507843227302657813e+07 9.999936691490810547e-01 0.000000000000000000e+00
4.639893249367284775e+07 9.999934920937676441e-01 0.000000000000000000e+00
4.775811464589476585e+07 9.999933107010936517e-01 0.000000000000000000e+00
4.915711185470598191e+07 9.999931249317995929e-01 0.000000000000000000e+00
5.059709043819620460e+07 9.999929347547593661e-01 0.000000000000000000e+00
5.207925087986870110e+07 9.999927401482227030e-01 0.000000000000000000e+00
5.360482882946188748e+07 9.999925411012039467e-01 0.000000000000000000e+00
5.517509613308683038e+07 9.999923376150352539e-01 0.000000000000000000e+00
5.679136189354267716e+07 9.999921297051044267e-01 0.000000000000000000e+00
5.845497356169053912e+07 9.999919174027930291e-01 0.000000000000000000e+00
6.016731805979927629e+07 9.999917007576450967e-01 0.000000000000000000e+00
6.192982293779598922e+07 9.999914798397856464e-01 0.000000000000000000e+00
6.374395756338880956e+07 9.999912547426241805e-01 0.000000000000000000e+00
6.561123434705124050e+07 9.999910255858692754e-01 0.000000000000000000e+00
6.753321000289034843e+07 9.999907925188969982e-01 0.000000000000000000e+00
6.951148684645150602e+07 9.999905557245036825e-01 0.000000000000000000e+00
7.154771413053803146e+07 9.999903154231016833e-01 0.000000000000000000e+00
7.364358942016379535e+07 9.999900718773940822e-01 0.000000000000000000e+00
7.580086000778134167e+07 9.999898253975920692e-01 0.000000000000000000e+00
7.802132436996677518e+07 9.999895763472362864e-01 0.000000000000000000e+00
8.030683366677752137e+07 9.999893251496904112e-01 0.000000000000000000e+00
8.265929328502891958e+07 9.999890722953844735e-01 0.000000000000000000e+00
8.508066442678131163e+07 9.999888183498937266e-01 0.000000000000000000e+00
8.757296574435649812e+07 9.999885639629545464e-01 0.000000000000000000e+00
9.013827502325230837e+07 9.999883098785171676e-01 0.000000000000000000e+00
9.277873091435243189e+07 9.999880569459644875e-01 0.000000000000000000e+00
9.549653471688136458e+07 9.999878061326240575e-01 0.000000000000000000e+00
9.829395221358637512e+07 9.999875585377296927e-01 0.000000000000000000e+00
1.011733155596781969e+08 9.999873154079966797e-01 0.000000000000000000e+00
1.041370252271060497e+08 9.999870781550009857e-01 0.000000000000000000e+00
1.071875520057871491e+08 9.999868483745699699e-01 0.000000000000000000e+00
1.103274390634579509e+08 9.999866278684228504e-01 0.000000000000000000e+00
1.135593040658666492e+08 9.999864186683177225e-01 0.000000000000000000e+00
1.168858413590708673e+08 9.999862230630034432e-01 0.000000000000000000e+00
1.203098242156668752e+08 9.999860436283012355e-01 0.000000000000000000e+00
1.238341071468138248e+08 9.999858832606812742e-01 0.000000000000000000e+00
1.274616282819872946e+08 9.999857452147482562e-01 0.000000000000000000e+00
1.311954118184435666e+08 9.999856331450878155e-01 0.000000000000000000e+00
1.350385705424373746e+08 9.999855511529914809e-01 0.000000000000000000e+00
1.389943084242920876e+08 9.999855038386301631e-01 0.000000000000000000e+00
1.430659232894937396e+08 9.999854963593165502e-01 0.000000000000000000e+00
1.472568095680249631e+08 9.999855344945767222e-01 0.000000000000000000e+00
1.515704611242395937e+08 9.999856247188294578e-01 0.000000000000000000e+00
1.560104741696303487e+08 9.999857742825712936e-01 0.000000000000000000e+00
1.605805502609273791e+08 9.999859913030744174e-01 0.000000000000000000e+00
1.652844993860153258e+08 9.999862848657181669e-01 0.000000000000000000e+00
1.701262431402502060e+08 9.999866651372124604e-01 0.000000000000000000e+00
1.751098179958217144e+08 9.999871434921225877e-01 0.000000000000000000e+00
1.802393786668825150e+08 9.999877326542696565e-01 0.000000000000000000e+00
1.855192015732608140e+08 9.999884468547716176e-01 0.000000000000000000e+00
1.909536884056296647e+08 9.999893020086997319e-01 0.000000000000000000e+00
1.965473697951165140e+08 9.999903159125612673e-01 0.000000000000000000e+00
2.023049090904033780e+08 9.999915084650937702e-01 0.000000000000000000e+00
2.082311062454790771e+08 9.999929019141077235e-01 0.000000000000000000e+00
2.143309018212690055e+08 9.999945211325571570e-01 0.000000000000000000e+00
2.206093811044900417e+08 9.999963939272357161e-01 0.000000000000000000e+00
2.270717783471610248e+08 9.999985513840525808e-01 0.000000000000000000e+00
2.337234811302981079e+08 1.000001028254243085e+00 0.000000000000000000e+00
2.405700348554467559e+08 1.000003863386423886e+00 0.000000000000000000e+00
2.476171473677769899e+08 1.000007100210000166e+00 0.000000000000000000e+00
2.548706937146100700e+08 1.000010787276124802e+00 1.805738672031555727e-28
2.623367210433326662e+08 1.000014978863206450e+00 1.043822846776851795e-27
2.700214536427979469e+08 1.000019735654825492e+00 5.751392384158770213e-27
2.779312981323959827e+08 1.000025125499028444e+00 3.024678620473348880e-26
2.860728488031346798e+08 1.000031224259221529e+00 1.520247702276782270e-25
2.944528931151782870e+08 1.000038116768382279e+00 7.311909145557806584e-25
3.030784173564286828e+08 1.000045897899752623e+00 3.369496608405910522e-24
3.119566124668592215e+08 1.000054673770315761e+00 1.489491736697221239e-23
3.210948800334758162e+08 1.000064563095492964e+00 6.323478517821582944e-23
3.305008384608782530e+08 1.000075698715607198e+00 2.581132931134041675e-22
3.401823293225855827e+08 1.000088229322215083e+00 1.014094671761869186e-21
3.501474238984055519e+08 1.000102321416405760e+00 3.839054424167104790e-21
3.604044299033194184e+08 1.000118161537866701e+00 1.401839825252843903e-20
3.709618984134646654e+08 1.000135958804357239e+00 4.942411723603157025e-20
3.818286309950104952e+08 1.000155947839946657e+00 1.684115011205298754e-19
3.930136870418622494e+08 1.000178392162460961e+00 5.551510431734494415e-19
4.045263913283039927e+08 1.000203588078660832e+00 1.771985802023386744e-18
4.163763417829000354e+08 1.000231869276115404e+00 5.481651543210192414e-18
4.285734174901039600e+08 1.000263612232533239e+00 1.644928874320569171e-17
4.411277869262718558e+08 1.000299242581595527e+00 4.792257812383641359e-17
4.540499164369260669e+08 1.000339242617723112e+00 1.356607453789717208e-16
4.673505789623640776e+08 1.000384160431853520e+00 3.734602111378936649e-16
4.810408630188527703e+08 1.000434620956303533e+00 1.000594204453528231e-15
4.951321819429209232e+08 1.000491338576215528e+00 2.611165037756920453e-15
5.096362834064487815e+08 1.000555133336962887e+00 6.642102039388870267e-15
5.245652592104764581e+08 1.000626950511037005e+00 1.648153195347652881e-14
5.399315553659272194e+08 1.000707882516358227e+00 3.992351403715389105e-14
5.557479824696080685e+08 1.000799197836193866e+00 9.447378801718044381e-14
5.720277263841720819e+08 1.000902376319528164e+00 2.185508428444235217e-13
5.887843592309185266e+08 1.001019146157502426e+00 4.945963837614881225e-13
6.060318507046331167e+08 1.001151537790435864e+00 1.095722850148623848e-12
6.237845797198551893e+08 1.001301941195938294e+00 2.377874980468385500e-12
6.420573463983147144e+08 1.001473175207738819e+00 5.058189463658898992e-12
6.608653844075227976e+08 1.001668579017325644e+00 1.055341709012660259e-11
6.802243736607878208e+08 1.001892102864117673e+00 2.160959295725089026e-11
7.001504533892848492e+08 1.002148442334277689e+00 4.345240827443878789e-11
7.206602355970234871e+08 1.002443167544490921e+00 8.585035153367124519e-11
7.417708189099742174e+08 1.002782896167796700e+00 1.667512538917197373e-10
7.634998028308640718e+08 1.003175504484415059e+00 3.185852685405633225e-10
7.858653024115747213e+08 1.003630331432357137e+00 5.990019437695520668e-10
8.088859633553140163e+08 1.004158470817004156e+00 1.108878208547594186e-09
8.325809775611968040e+08 1.004773079771505762e+00 2.022033211461300502e-09
8.569700991241761446e+08 1.005489746099488046e+00 3.633506428092705780e-09
8.820736608036700487e+08 1.006326909444957840e+00 6.436792167635422751e-09
9.079125909745934010e+08 1.007306347991608897e+00 1.124553213990532521e-08
9.345084310749771595e+08 1.008453737474121592e+00 1.938238483847347196e-08
9.618833535646533966e+08 1.009799303044520480e+00 3.296785335109550465e-08
9.900601804100320339e+08 1.011378582406657234e+00 5.535562571804914479e-08
1.019062402110335708e+09 1.013233196940301006e+00 9.177833446388631231e-08
1.048914197281219006e+09 1.015411882486615847e+00 1.502932869818812672e-07
1.079640452812016487e+09 1.017971572353988607e+00 2.431463234386382941e-07
1.111266784613485813e+09 1.020978629206225508e+00 3.887112531940620612e-07
1.143819558973324299e+09 1.024510240828408136e+00 6.142094710609177946e-07
1.177325914537234783e+09 1.028656049209826007e+00 9.594742356297379851e-07
1.211813784933942080e+09 1.033519945108260618e+00 1.482090616575944092e-06
1.247311922062922478e+09 1.039222099837951552e+00 2.264327557582995393e-06
1.283849920064341068e+09 1.045901265692713578e+00 3.422378046639837919e-06
1.321458239991118431e+09 1.053717331366338605e+00 5.118538075378024391e-06
1.360168235203776360e+09 1.062854322056746792e+00 7.577120856094640796e-06
1.400012177509135485e+09 1.073523613622591411e+00 1.110504649348604399e-05
1.441023284064728022e+09 1.085967609713927251e+00 1.611830612562440261e-05
1.483235745071326971e+09 1.100463811523858082e+00 2.317575381409707469e-05
1.526684752276691675e+09 1.117329687221834789e+00 3.302222928523403838e-05
1.571406528314249754e+09 1.136927719481399368e+00 4.664322392009589898e-05
1.617438356901275635e+09 1.159671282609016973e+00 6.533431557538793262e-05
1.664818613921616554e+09 1.186031111715347475e+00 9.078931102929170549e-05
1.713586799418937206e+09 1.216543143063091303e+00 1.252126898143293351e-04
1.763783570527214289e+09 1.251816501382202018e+00 1.714626887991026812e-04
1.815450775365811586e+09 1.292542931624066860e+00 2.332344992835971831e-04
1.868631487927488089e+09 1.339507013828498350e+00 3.152948676128885771e-04
1.923370043988390207e+09 1.393598881976987558e+00 4.237844220427992750e-04
1.979712078069975138e+09 1.455827370482447813e+00 5.666057036371789863e-04
2.037704561483635664e+09 1.527334808637367702e+00 7.539220675570531280e-04
2.097395841489860296e+09 1.609414030726330269e+00 9.987989906935976474e-04
2.158835681604428291e+09 1.703528958633290458e+00 1.318028676831362175e-03
2.222075303085304260e+09 1.811334022919165232e+00 1.733179769514583404e-03
2.287167427634904385e+09 1.934702031761240004e+00 2.271944631211237058e-03
2.354166321353172302e+09 2.075750190700777598e+00 2.969842708871879046e-03
2.423127839978229046e+09 2.236870117531595703e+00 3.872373761164516967e-03
2.494109475452268600e+09 2.420770853278744195e+00 5.037752962492998005e-03
2.567170403851538181e+09 2.630509534981505304e+00 6.540294223850634525e-03
2.642371534720295429e+09 2.869545532593575476e+00 8.474683764840416911e-03
2.719775561850031853e+09 3.141788324738915783e+00 1.096125150830242964e-02
2.799447015546083927e+09 3.451665303412176034e+00 1.415255069499060138e-02
2.881452316425378323e+09 3.804172437698845943e+00 1.824133479896337603e-02
2.965859830790022850e+09 4.204968360906701896e+00 2.347053101631229807e-02
3.052739927623100281e+09 4.660458607494857297e+00 3.014534359635219138e-02
3.142165037253938198e+09 5.177887446091185453e+00 3.864794825377428772e-02
3.234209711741948128e+09 5.765448736591358703e+00 4.945535694546344951e-02
3.328950687029297352e+09 6.432426073431205538e+00 6.316122056343277669e-02
3.426466946914258480e+09 7.189338601678074703e+00 8.050207543683124412e-02
3.526839788898484230e+09 8.048096605066996645e+00 1.023887846678864649e-01
3.630152891963314533e+09 9.022193300527533211e+00 1.299444840957027225e-01
3.736492386331355095e+09 1.012691835243465199e+01 1.645500102979117751e-01
3.845946925271603107e+09 1.137961953590096620e+01 2.078987142743816408e-01
3.958607759008128166e+09 1.279996557769506715e+01 2.620612108445911081e-01
4.074568810793635368e+09 1.441026474801623358e+01 3.295629010664043457e-01
4.193926755211558819e+09 1.623582086142192082e+01 4.134760122763556089e-01
4.316781098771873474e+09 1.830538458533025903e+01 5.175306857082269119e-01
4.443234262867848396e+09 2.065156892754808382e+01 6.462433611372073727e-01
4.573391669162797928e+09 2.331143486901830642e+01 8.050730261387549769e-01
4.707361827478274345e+09 2.632706899474697337e+01 1.000602681832650553e+00
4.845256426256653786e+09 2.974633149651953090e+01 1.240758176218411446e+00
4.987190425673658371e+09 3.362359221568146239e+01 1.535060688195521772e+00
5.133282153478646278e+09 3.802067293045313789e+01 1.894929841785532032e+00
5.283653403642189980e+09 4.300790458203510980e+01 2.334040772637131056e+00
5.438429537893475533e+09 4.866532038311154906e+01 2.868744212078686573e+00
5.597739590232056618e+09 5.508396281171506104e+01 3.518556218526363466e+00
5.761716374501134872e+09 6.236753118460867285e+01 4.306746827293611801e+00
5.930496595111913681e+09 7.063395795705611135e+01 5.261004667564828985e+00
6.104220961011671066e+09 8.001776897582000458e+01 6.414269937596618121e+00
6.283034302990117073e+09 9.067216816656191725e+01 7.805655290195725016e+00
6.467085694422193527e+09 1.027715976648906917e+02 9.481537230213735512e+00
6.656528575547679901e+09 1.165150725696731797e+02 1.149688458545612946e+01
6.851520881391641617e+09 1.321294099384327012e+02 1.391674782070047200e+01
7.052225173431834221e+09 1.498735210557920823e+02 1.681807853157036803e+01
7.258808775123225212e+09 1.700423693681662769e+02 2.029172697086693233e+01
7.471443911392463684e+09 1.929728162626352628e+02 2.444496314508624835e+01
7.690307852218645096e+09 2.190492611166997960e+02 2.940427695108175854e+01
7.915583060419889450e+09 2.487107933410332805e+02 3.531875760304159684e+01
8.147457343769403458e+09 2.824582361480900090e+02 4.236384231649190468e+01
8.386124011567255020e+09 3.208640505807931049e+02 5.074601287264590610e+01
8.631782035798656464e+09 3.645821880519674778e+02 6.070802093950083389e+01
8.884636217013431549e+09 4.143601551546820474e+02 7.253512612649882385e+01
9.144897355064310074e+09 4.710517221280277909e+02 8.656213745769183276e+01
9.412782424846891403e+09 5.356329889888148728e+02 1.031819267920824075e+02
9.688514757187610626e+09 6.092209653986724334e+02 1.228554218779801914e+02
9.972324225030553818e+09 6.930923609778367336e+02 1.461226660112546369e+02
1.026444743507811546e+10 7.887078091247635712e+02 1.736163016540250226e+02
1.056512792504586601e+10 8.977378446908342084e+02 2.060768377144297858e+02
1.087461636669533730e+10 1.022095879541604177e+03 2.443712502304421719e+02
1.119317077481427765e+10 1.163971265483104617e+03 2.895133903175195655e+02
1.152105672231908607e+10 1.325869259519972275e+03 3.426881953057937835e+02
1.185854756165785217e+10 1.510659209593196920e+03 4.052805231716167782e+02
1.220592465269928932e+10 1.721628715181744610e+03 4.789084154902129740e+02
1.256347759729724312e+10 1.962542468729574011e+03 5.654607368161948671e+02
1.293150448072645378e+10 2.237712616500157310e+03 6.671417054168646246e+02
1.331031212019052696e+10 2.552079692971347413e+03 7.865226881906380640e+02
1.370021632061007500e+10 2.911309549601479375e+03 9.266037484270382265e+02
1.410154213790321732e+10 3.321894655461908769e+03 1.090881796590827207e+03
1.451462414997881317e+10 3.791274723539204842e+03 1.283430985276776028e+03
1.493980673566762352e+10 4.327981662715728817e+03 1.508998314988707534e+03
1.537744436182493210e+10 4.941804651277388984e+03 1.773114264881709460e+03
1.582790187884276772e+10 5.643966392319400256e+03 2.082216163949129623e+03
1.629155482481897926e+10 6.447337904875690583e+03 2.443795670938605326e+03
1.676878973863648033e+10 7.366685993235825663e+03 2.866570187472587804e+03
1.726000448221327972e+10 8.418961414428784337e+03 3.360683285009809879e+03
1.776560857219301224e+10 9.623612285245233579e+03 3.937929994759401325e+03
1.828602352135112762e+10 1.100295009175729865e+04 4.612019933878793381e+03
1.882168319000241089e+10 1.258258724872714993e+04 5.398889254908041039e+03
1.937303414770203400e+10 1.439194122581019110e+04 6.317063060247759495e+03
1.994053604554274368e+10 1.646477569733545533e+04 7.388058819128602408e+03
2.052466199935720444e+10 1.883984329656954651e+04 8.636861923754750023e+03
2.112589898414597702e+10 2.156165474023422576e+04 1.009248995225335420e+04
2.174474824005956650e+10 2.468135070271676523e+04 1.178864121680265271e+04
2.238172569027315521e+10 2.825765143147455819e+04 1.376442142424962367e+04
2.303736237110184479e+10 3.235798448052613458e+04 1.606520036907445501e+04
2.371220487471634674e+10 3.705982430351499352e+04 1.874362374222979997e+04
2.440681580482650757e+10 4.245221567575383961e+04 2.186077697196883673e+04
2.512177424571330261e+10 4.863744065119033621e+04 2.548749106795168700e+04
2.585767624500127792e+10 5.573298321329303872e+04 2.970587488782590663e+04
2.661513531057204056e+10 6.387388418132078368e+04 3.461113447088942485e+04
2.739478292203451920e+10 7.321539247991130105e+04 4.031365063898435619e+04
2.819726905717783356e+10 8.393589379384930362e+04 4.694132104749840073e+04
2.902326273384587479e+10 9.624033533217015793e+04 5.464229443449000246e+04
2.987345256768461609e+10 1.103643717234415672e+05 6.358823668933316367e+04
3.074854734622896576e+10 1.265789742525976908e+05 7.397802732934836240e+04
3.164927661980533600e+10 1.451955752078227815e+05 8.604194992446224205e+04
3.257639130974450684e+10 1.665720537686476600e+05 1.000465675857496390e+05
3.353066433441031647e+10 1.911200094248568057e+05 1.163005588939296140e+05
3.451289125356819153e+10 2.193128085068174696e+05 1.351612961251584056e+05
3.552389093162808228e+10 2.516945915730338020e+05 1.570423118084538146e+05
3.656450622031669617e+10 2.888907638153727748e+05 1.824219880024933373e+05
3.763560466134754944e+10 3.316207189817918115e+05 2.118539408310586005e+05
3.873807920967382812e+10 3.807119079529413139e+05 2.459787128026587889e+05
3.987284897792932892e+10 4.371156056537785917e+05 2.855370476554501220e+05
4.104086000267502594e+10 5.019252990212153527e+05 3.313853469668420148e+05
4.224308603309262085e+10 5.763988957056255313e+05 3.845140809612800949e+05
4.348052934278048706e+10 6.619833750608296832e+05 4.460685573437961866e+05
4.475422156533167267e+10 7.603423694421739783e+05 5.173724682088102563e+05
4.606522455438705444e+10 8.733881570820886409e+05 5.999552021843394032e+05
4.741463126888324738e+10 1.003320906581625575e+06 6.955846770376926288e+05
4.880356668423223877e+10 1.152671343186968705e+06 8.063038742385262158e+05
5.023318873019279480e+10 1.324349120922093280e+06 9.344725963205107255e+05
5.170468925621424103e+10 1.521698624528964749e+06 1.082815716991944239e+06
5.321929502506053925e+10 1.748567969971847953e+06 1.254481418178669177e+06
5.477826873553909302e+10 2.009382846271694871e+06 1.453105344804330263e+06
5.638291007518873596e+10 2.309231464844211470e+06 1.682884581472910242e+06
5.803455680380647278e+10 2.653961654399137013e+06 1.948662614346291870e+06
5.973458586871220398e+10 3.050301797219903208e+06 2.256032199607300572e+06
6.148441455268445587e+10 3.505988844349363353e+06 2.611447953757619951e+06
6.328550165552282715e+10 4.029917075963760726e+06 3.022356929358534515e+06
6.513934871022261047e+10 4.632306896785424091e+06 3.497347882084614597e+06
6.704750123477406311e+10 5.324916083669342101e+06 4.046332194779350888e+06
6.901155002063371277e+10 6.121262220829322934e+06 4.680741404543473385e+06
7.103313245893699646e+10 7.036881572364793159e+06 5.413756367079208605e+06
7.311393390556010437e+10 8.089623826171892695e+06 6.260569696086737327e+06
7.525568908617167664e+10 9.300017503315975890e+06 7.238701398289964534e+06
7.746018354244035339e+10 1.069165849888996407e+07 8.368345815253517590e+06
7.972925512060813904e+10 1.229165829997046664e+07 9.672771848228679970e+06
8.206479550366879272e+10 1.413115712054486386e+07 1.117878260416518152e+07
8.446875178842932129e+10 1.624595564378399029e+07 1.291726470590291917e+07
8.694312810876712036e+10 1.867719157891274616e+07 1.492379517834586278e+07
8.948998730644142151e+10 2.147211265680832043e+07 1.723933749231653288e+07
9.211145265084492493e+10 2.468496611250119284e+07 1.991104284980198368e+07
9.480970960913493347e+10 2.837809545299526677e+07 2.299320596873277426e+07
9.758700766821530151e+10 3.262310507068290561e+07 2.654831751385518909e+07
1.004456622100944519e+11 3.750219549711377919e+07 3.064827289380698651e+07
1.033880564421748657e+11 4.310969046269113570e+07 3.537575872804760933e+07
1.064166433840895081e+11 4.955395546024557948e+07 4.082591690131102502e+07
1.095339479127387848e+11 5.695936632097066194e+07 4.710814895447400957e+07
1.127425688672342987e+11 6.546863423954725266e+07 5.434821718920058757e+07
1.160451812155009613e+11 7.524538970005714893e+07 6.269062111262231320e+07
