# T[K] Gamma_nTOp[1/tau_n] Gamma_pTOn[1/tau_n]
# fingerprint_hash: 6e37004e4034fc47
# fingerprint: {"QED_corrections":true,"T_end_MeV":0.001,"T_start_cosmo_MeV":100.0,"analytic_distortions":false,"delta_xi_nu":0.0,"finite_mass_corrections":true,"format_version":1,"incomplete_decoupling":false,"munuOverTnu":-0.01,"nevo_file":null,"nevo_file_prefix":"NEVOPRIMAT","nevo_spectral_file":null,"radiative_corrections":true,"sampling_nTOp_per_decade":150,"spectral_distortions":false,"y_SZ":0.0,"y_gray":0.0}
1.160451812155007198e+07 9.999983387134294688e-01 0.000000000000000000e+00
1.178433031761291809e+07 9.999983129691759620e-01 0.000000000000000000e+00
1.196692870656324737e+07 9.999982868259282842e-01 0.000000000000000000e+00
1.215235646050493419e+07 9.999982602775185914e-01 0.000000000000000000e+00
1.234065742049430311e+07 9.999982333176825611e-01 0.000000000000000000e+00
1.253187610690555163e+07 9.999982059400577272e-01 0.000000000000000000e+00
1.272605772995679639e+07 9.999981781381819257e-01 0.000000000000000000e+00
1.292324820039921999e+07 9.999981499054916290e-01 0.000000000000000000e+00
1.312349414037183113e+07 9.999981212353217241e-01 0.000000000000000000e+00
1.332684289442444220e+07 9.999980921209010720e-01 0.000000000000000000e+00
1.353334254071142524e+07 9.999980625553543945e-01 0.000000000000000000e+00
1.374304190235893987e+07 9.999980325316987217e-01 0.000000000000000000e+00
1.395599055900826678e+07 9.999980020428430594e-01 0.000000000000000000e+00
1.417223885853803717e+07 9.999979710815858347e-01 0.000000000000000000e+00
1.439183792896807566e+07 9.999979396406145637e-01 0.000000000000000000e+00
1.461483969054769725e+07 9.999979077125030758e-01 0.000000000000000000e+00
1.484129686803135276e+07 9.999978752897121792e-01 0.000000000000000000e+00
1.507126300314432755e+07 9.999978423645856651e-01 0.000000000000000000e+00
1.530479246724189445e+07 9.999978089293504180e-01 0.000000000000000000e+00
1.554194047416432761e+07 9.999977749761146395e-01 0.000000000000000000e+00
1.578276309329124913e+07 9.999977404968660721e-01 0.000000000000000000e+00
1.602731726279822551e+07 9.999977054834698897e-01 0.000000000000000000e+00
1.627566080311877280e+07 9.999976699276686976e-01 0.000000000000000000e+00
1.652785243061496504e+07 9.999976338210797566e-01 0.000000000000000000e+00
1.678395177145985141e+07 9.999975971551933185e-01 0.000000000000000000e+00
1.704401937573499978e+07 9.999975599213710709e-01 0.000000000000000000e+00
1.730811673174647242e+07 9.999975221108452494e-01 0.000000000000000000e+00
1.757630628056262806e+07 9.999974837147154183e-01 0.000000000000000000e+00
1.784865143077719212e+07 9.999974447239483588e-01 0.000000000000000000e+00
1.812521657350106537e+07 9.999974051293748500e-01 0.000000000000000000e+00
1.840606709758647159e+07 9.999973649216888916e-01 0.000000000000000000e+00
1.869126940508694202e+07 9.999973240914455941e-01 0.000000000000000000e+00
1.898089092695691064e+07 9.999972826290591810e-01 0.000000000000000000e+00
1.927500013899453729e+07 9.999972405248007679e-01 0.000000000000000000e+00
1.957366657803158462e+07 9.999971977687979185e-01 0.000000000000000000e+00
1.987696085837414861e+07 9.999971543510310923e-01 0.000000000000000000e+00
2.018495468849814311e+07 9.999971102613327556e-01 0.000000000000000000e+00
2.049772088800346479e+07 9.999970654893854949e-01 0.000000000000000000e+00
2.081533340483090654e+07 9.999970200247193519e-01 0.000000000000000000e+00
2.113786733274578676e+07 9.999969738567113797e-01 0.000000000000000000e+00
2.146539892909253761e+07 9.999969269745827560e-01 0.000000000000000000e+00
2.179800563282437995e+07 9.999968793673970069e-01 0.000000000000000000e+00
2.213576608281236142e+07 9.999968310240585634e-01 0.000000000000000000e+00
2.247876013643810898e+07 9.999967819333108743e-01 0.000000000000000000e+00
2.282706888847468048e+07 9.999967320837349627e-01 0.000000000000000000e+00
2.318077469025994465e+07 9.999966814637469836e-01 0.000000000000000000e+00
2.353996116916708648e+07 9.999966300615978909e-01 0.000000000000000000e+00
2.390471324837678671e+07 9.999965778653702175e-01 0.000000000000000000e+00
2.427511716695579141e+07 9.999965248629776315e-01 0.000000000000000000e+00
2.465126050024658069e+07 9.999964710421633818e-01 0.000000000000000000e+00
2.503323218057302758e+07 9.999964163904980774e-01 0.000000000000000000e+00
2.542112251826666296e+07 9.999963608953795768e-01 0.000000000000000000e+00
2.581502322301920131e+07 9.999963045440303233e-01 0.000000000000000000e+00
2.621502742556547374e+07 9.999962473234973448e-01 0.000000000000000000e+00
2.662122969970256090e+07 9.999961892206503666e-01 0.000000000000000000e+00
2.703372608465004340e+07 9.999961302221808124e-01 0.000000000000000000e+00
2.745261410775677487e+07 9.999960703146010266e-01 0.000000000000000000e+00
2.787799280755945295e+07 9.999960094842437197e-01 0.000000000000000000e+00
2.830996275719850883e+07 9.999959477172610800e-01 0.000000000000000000e+00
2.874862608819680288e+07 9.999958849996234411e-01 0.000000000000000000e+00
2.919408651460680366e+07 9.999958213171198373e-01 0.000000000000000000e+00
2.964644935753189772e+07 9.999957566553574484e-01 0.000000000000000000e+00
3.010582157002766803e+07 9.999956909997613774e-01 0.000000000000000000e+00
3.057231176238903776e+07 9.999956243355740959e-01 0.000000000000000000e+00
3.104603022782918811e+07 9.999955566478568869e-01 0.000000000000000000e+00
3.152708896855644137e+07 9.999954879214891790e-01 0.000000000000000000e+00
3.201560172225513682e+07 9.999954181411696563e-01 0.000000000000000000e+00
3.251168398897688091e+07 9.999953472914177022e-01 0.000000000000000000e+00
3.301545305844844505e+07 9.999952753565729546e-01 0.000000000000000000e+00
3.352702803780281544e+07 9.999952023207989704e-01 0.000000000000000000e+00
3.404652987973993272e+07 9.999951281680828918e-01 0.000000000000000000e+00
3.457408141112377495e+07 9.999950528822388884e-01 0.000000000000000000e+00
3.510980736202257872e+07 9.999949764469100444e-01 0.000000000000000000e+00
3.565383439519898593e+07 9.999948988455713561e-01 0.000000000000000000e+00
3.620629113605720550e+07 9.999948200615331739e-01 0.000000000000000000e+00
3.676730820305417478e+07 9.999947400779436446e-01 0.000000000000000000e+00
3.733701823858191818e+07 9.999946588777944845e-01 0.000000000000000000e+00
3.791555594032848626e+07 9.999945764439253093e-01 0.000000000000000000e+00
3.850305809312484413e+07 9.999944927590277421e-01 0.000000000000000000e+00
3.909966360128491372e+07 9.999944078056525187e-01 0.000000000000000000e+00
3.970551352144742757e+07 9.999943215662141505e-01 0.000000000000000000e+00
4.032075109592594206e+07 9.999942340230012494e-01 0.000000000000000000e+00
4.094552178657598794e+07 9.999941451581798590e-01 0.000000000000000000e+00
4.157997330918689817e+07 9.999940549538058887e-01 0.000000000000000000e+00
4.222425566840653867e+07 9.999939633918328852e-01 0.000000000000000000e+00
4.287852119320724159e+07 9.999938704541222467e-01 0.000000000000000000e+00
4.354292457290121913e+07 9.999937761224546584e-01 0.000000000000000000e+00
4.421762289371407777e+07 9.999936803785420825e-01 0.000000000000000000e+00
4.490277567592503130e+07 9.999935832040419692e-01 0.000000000000000000e+00
4.559854491158261150e+07 9.999934845805705796e-01 0.000000000000000000e+00
4.630509510280475020e+07 9.999933844897197499e-01 0.000000000000000000e+00
4.702259330067235976e+07 9.999932829130734335e-01 0.000000000000000000e+00
4.775120914472556859e+07 9.999931798322250209e-01 0.000000000000000000e+00
4.849111490307190269e+07 9.999930752288003211e-01 0.000000000000000000e+00
4.924248551311602443e+07 9.999929690844757690e-01 0.000000000000000000e+00
5.000549862292049825e+07 9.999928613810041833e-01 0.000000000000000000e+00
5.078033463320748508e+07 9.999927521002380804e-01 0.000000000000000000e+00
5.156717674001127481e+07 9.999926412241587625e-01 0.000000000000000000e+00
5.236621097799165547e+07 9.999925287349041847e-01 0.000000000000000000e+00
5.317762626441849768e+07 9.999924146147999293e-01 0.000000000000000000e+00
5.400161444383779913e+07 9.999922988463947338e-01 0.000000000000000000e+00
5.483837033342991769e+07 9.999921814124959063e-01 0.000000000000000000e+00
5.568809176907058060e+07 9.999920622962082950e-01 0.000000000000000000e+00
5.655097965210559964e+07 9.999919414809771423e-01 0.000000000000000000e+00
5.742723799685039371e+07 9.999918189506319388e-01 0.000000000000000000e+00
5.831707397882549465e+07 9.999916946894364944e-01 0.000000000000000000e+00
5.922069798373948038e+07 9.999915686821404526e-01 0.000000000000000000e+00
6.013832365723089874e+07 9.999914409140333582e-01 0.000000000000000000e+00
6.107016795538090169e+07 9.999913113710070522e-01 0.000000000000000000e+00
6.201645119600865245e+07 9.999911800396182882e-01 0.000000000000000000e+00
6.297739711076147109e+07 9.999910469071580099e-01 0.000000000000000000e+00
6.395323289801218361e+07 9.999909119617232944e-01 0.000000000000000000e+00
6.494418927657606453e+07 9.999907751922992860e-01 0.000000000000000000e+00
6.595050054026017338e+07 9.999906365888393545e-01 0.000000000000000000e+00
6.697240461325791478e+07 9.999904961423592420e-01 0.000000000000000000e+00
6.801014310640202463e+07 9.999903538450305440e-01 0.000000000000000000e+00
6.906396137428861856e+07 9.999902096902852922e-01 0.000000000000000000e+00
7.013410857328766584e+07 9.999900636729260883e-01 0.000000000000000000e+00
7.122083772045093775e+07 9.999899157892441215e-01 0.000000000000000000e+00
7.232440575333356857e+07 9.999897660371449559e-01 0.000000000000000000e+00
7.344507359074223042e+07 9.999896144162829792e-01 0.000000000000000000e+00
7.458310619442476332e+07 9.999894609282061753e-01 0.000000000000000000e+00
7.573877263171552122e+07 9.999893055765094463e-01 0.000000000000000000e+00
7.691234613915163279e+07 9.999891483669985925e-01 0.000000000000000000e+00
7.810410418707470596e+07 9.999889893078660608e-01 0.000000000000000000e+00
7.931432854523386061e+07 9.999888284098777946e-01 0.000000000000000000e+00
8.054330534940499067e+07 9.999886656865738521e-01 0.000000000000000000e+00
8.179132516904246807e+07 9.999885011544807911e-01 0.000000000000000000e+00
8.305868307597909868e+07 9.999883348333409305e-01 0.000000000000000000e+00
8.434567871419046819e+07 9.999881667463530466e-01 0.000000000000000000e+00
8.565261637064042687e+07 9.999879969204344965e-01 0.000000000000000000e+00
8.697980504722426832e+07 9.999878253864958877e-01 0.000000000000000000e+00
8.832755853382664919e+07 9.999876521797365081e-01 0.000000000000000000e+00
8.969619548251155019e+07 9.999874773399601846e-01 0.000000000000000000e+00
9.108603948286184669e+07 9.999873009119100153e-01 0.000000000000000000e+00
9.249741913848623633e+07 9.999871229456270827e-01 0.000000000000000000e+00
9.393066814471167326e+07 9.999869434968318149e-01 0.000000000000000000e+00
9.538612536747957766e+07 9.999867626273317711e-01 0.000000000000000000e+00
9.686413492346459627e+07 9.999865804054555163e-01 0.000000000000000000e+00
9.836504626143486798e+07 9.999863969065148073e-01 0.000000000000000000e+00
9.988921424487280846e+07 9.999862122132991971e-01 0.000000000000000000e+00
1.014369992358764559e+08 9.999860264166008372e-01 0.000000000000000000e+00
1.030087671803597659e+08 9.999858396157752516e-01 0.000000000000000000e+00
1.046048896945751756e+08 9.999856519193388582e-01 0.000000000000000000e+00
1.062257441529747695e+08 9.999854634456059044e-01 0.000000000000000000e+00
1.078717137774338573e+08 9.999852743233664798e-01 0.000000000000000000e+00
1.095431877278568894e+08 9.999850846926087167e-01 0.000000000000000000e+00
1.112405611941873878e+08 9.999848947052905057e-01 0.000000000000000000e+00
1.129642354898433983e+08 9.999847045261588407e-01 0.000000000000000000e+00
1.147146181466008723e+08 9.999845143336251185e-01 0.000000000000000000e+00
1.164921230109472573e+08 9.999843243206956167e-01 0.000000000000000000e+00
1.182971703419280052e+08 9.999841346959648103e-01 0.000000000000000000e+00
1.201301869105092436e+08 9.999839456846713048e-01 0.000000000000000000e+00
1.219916061004801840e+08 9.999837575298239356e-01 0.000000000000000000e+00
1.238818680109188110e+08 9.999835704934021408e-01 0.000000000000000000e+00
1.258014195602454841e+08 9.999833848576308304e-01 0.000000000000000000e+00
1.277507145918886960e+08 9.999832009263431853e-01 0.000000000000000000e+00
1.297302139815881997e+08 9.999830190264282770e-01 0.000000000000000000e+00
1.317403857463608384e+08 9.999828395093729450e-01 0.000000000000000000e+00
1.337817051551546305e+08 9.999826627529070366e-01 0.000000000000000000e+00
1.358546548412176967e+08 9.999824891627510093e-01 0.000000000000000000e+00
1.379597249162081480e+08 9.999823191744802164e-01 0.000000000000000000e+00
1.400974130860720873e+08 9.999821532555084325e-01 0.000000000000000000e+00
1.422682247687174082e+08 9.999819919071997187e-01 0.000000000000000000e+00
1.444726732135106027e+08 9.999818356671184016e-01 0.000000000000000000e+00
1.467112796226254404e+08 9.999816851114234906e-01 0.000000000000000000e+00
1.489845732742717564e+08 9.999815408574171949e-01 0.000000000000000000e+00
1.512930916478338540e+08 9.999814035662614176e-01 0.000000000000000000e+00
1.536373805509477854e+08 9.999812739458653343e-01 0.000000000000000000e+00
1.560179942485477626e+08 9.999811527539634870e-01 0.000000000000000000e+00
1.584354955939120650e+08 9.999810408013906082e-01 0.000000000000000000e+00
1.608904561617396772e+08 9.999809389555677219e-01 0.000000000000000000e+00
1.633834563832888305e+08 9.999808481442137298e-01 0.000000000000000000e+00
1.659150856836094260e+08 9.999807693592973612e-01 0.000000000000000000e+00
1.684859426209020317e+08 9.999807036612412547e-01 0.000000000000000000e+00
1.710966350280363262e+08 9.999806521833999318e-01 0.000000000000000000e+00
1.737477801562620401e+08 9.999806161368242075e-01 0.000000000000000000e+00
1.764400048211470246e+08 9.999805968153334668e-01 0.000000000000000000e+00
1.791739455507765412e+08 9.999805956009145680e-01 0.000000000000000000e+00
1.819502487362487614e+08 9.999806139694674689e-01 0.000000000000000000e+00
1.847695707845024765e+08 9.999806534969215566e-01 0.000000000000000000e+00
1.876325782735125422e+08 9.999807158657447737e-01 0.000000000000000000e+00
1.905399481098903120e+08 9.999808028718716324e-01 0.000000000000000000e+00
1.934923676889261007e+08 9.999809164320760946e-01 0.000000000000000000e+00
1.964905350571113229e+08 9.999810585918202932e-01 0.000000000000000000e+00
1.995351590771790445e+08 9.999812315336070734e-01 0.000000000000000000e+00
2.026269595957019329e+08 9.999814375858604443e-01 0.000000000000000000e+00
2.057666676132869124e+08 9.999816792323963366e-01 0.000000000000000000e+00
2.089550254574079216e+08 9.999819591224820003e-01 0.000000000000000000e+00
2.121927869579117596e+08 9.999822800815501012e-01 0.000000000000000000e+00
2.154807176252569854e+08 9.999826451226008217e-01 0.000000000000000000e+00
2.188195948314920366e+08 9.999830574583324916e-01 0.000000000000000000e+00
2.222102079940649271e+08 9.999835205140545913e-01 0.000000000000000000e+00
2.256533587624525726e+08 9.999840379414260960e-01 0.000000000000000000e+00
2.291498612077109218e+08 9.999846136330777790e-01 0.000000000000000000e+00
2.327005420149325728e+08 9.999852517381708772e-01 0.000000000000000000e+00
2.363062406787165999e+08 9.999859566789566223e-01 0.000000000000000000e+00
2.399678097016378045e+08 9.999867331683965910e-01 0.000000000000000000e+00
2.436861147958159745e+08 9.999875862289147044e-01 0.000000000000000000e+00
2.474620350875932574e+08 9.999885212123548195e-01 0.000000000000000000e+00
2.512964633253887594e+08 9.999895438212187404e-01 7.940514742648429910e-29
2.551903060907726884e+08 9.999906601312718024e-01 2.059841930342997868e-28
2.591444840128114223e+08 9.999918766156001837e-01 5.269254273292800112e-28
2.631599319857335687e+08 9.999932001702217521e-01 1.329492931954388957e-27
2.672375993899689615e+08 9.999946381413464813e-01 3.309289016389085361e-27
2.713784503166126013e+08 9.999961983544011224e-01 8.128004419832195276e-27
2.755834637953664660e+08 9.999978891449264884e-01 1.970249102805279531e-26
2.798536340260137916e+08 9.999997193914882399e-01 4.714464536934255143e-26
2.841899706134794354e+08 1.000001698550725626e+00 1.113787545655075421e-25
2.885934988065328598e+08 1.000003836694696613e+00 2.598450818701510863e-25
2.930652597401899099e+08 1.000006144550678266e+00 5.987574433329499842e-25
2.976063106818702817e+08 1.000008633543549408e+00 1.362989401066471066e-24
3.022177252813694477e+08 1.000011315841053738e+00 3.065623104652386376e-24
3.069005938247038126e+08 1.000014204402035700e+00 6.814094304950925553e-24
3.116560234918893576e+08 1.000017313027963706e+00 1.497055065380028856e-23
3.164851386187142134e+08 1.000020656417911491e+00 3.251499074152317487e-23
3.213890809625677466e+08 1.000024250227274925e+00 6.982653887422823015e-23
3.263690099723885655e+08 1.000028111130663477e+00 1.482934826185534750e-22
3.314261030627954006e+08 1.000032256889162641e+00 3.115019696892810680e-22
3.365615558924655318e+08 1.000036706422519073e+00 6.473037457728410733e-22
3.417765826468266249e+08 1.000041479885973361e+00 1.330866051238506951e-21
3.470724163251295090e+08 1.000046598753500771e+00 2.707750975822199922e-21
3.524503090319680572e+08 1.000052085906820709e+00 5.452547231004192874e-21
3.579115322733171582e+08 1.000057965731307341e+00 1.086860128197890411e-20
3.634573772571575642e+08 1.000064264219805876e+00 2.144853048082879715e-20
3.690891551987583041e+08 1.000071009082686091e+00 4.191179464854136413e-20
3.748081976306903362e+08 1.000078229869426405e+00 8.110619033229136271e-20
3.806158567176433802e+08 1.000085958099067973e+00 1.554583428230986958e-19
3.865135055761207938e+08 1.000094227402204217e+00 2.951744001169437423e-19
3.925025385990885496e+08 1.000103073673203946e+00 5.552766362183975717e-19
3.985843717856540680e+08 1.000112535237357214e+00 1.035062838322258499e-18
4.047604430758538246e+08 1.000122653034180686e+00 1.912098812590899965e-18
4.110322126906284690e+08 1.000133470815324221e+00 3.501056374200457227e-18
4.174011634770658016e+08 1.000145035368093183e+00 6.354642158683134716e-18
4.238688012589931488e+08 1.000157396743060145e+00 1.143519489006682172e-17
4.304366551930025220e+08 1.000170608520767779e+00 2.040389125940204000e-17
4.371062781299918890e+08 1.000184728103410192e+00 3.610398499676181945e-17
4.438792469823092222e+08 1.000199817027257687e+00 6.336143643997954348e-17
4.507571630965847373e+08 1.000215941323930879e+00 1.103003724685614840e-16
4.577416526323405504e+08 1.000233171878646576e+00 1.904867004099027687e-16
4.648343669464669228e+08 1.000251584878028899e+00 3.263931539342303674e-16
4.720369829836559296e+08 1.000271262271637873e+00 5.549558893453321243e-16
4.793512036728846431e+08 1.000292292305461572e+00 9.364156707540476153e-16
4.867787583300423026e+08 1.000314770115728447e+00 1.568277299762827005e-15
4.943214030667957664e+08 1.000338798292710774e+00 2.607182962902388634e-15
5.019809212057906389e+08 1.000364487671721481e+00 4.302933428071083687e-15
5.097591237022857666e+08 1.000391958085469213e+00 7.051015033894572415e-15
5.176578495723209381e+08 1.000421339228851236e+00 1.147311702376953347e-14
5.256789663275194168e+08 1.000452771686752174e+00 1.853968678444886815e-14
5.338243704166270494e+08 1.000486407966777458e+00 2.975517046521053298e-14
5.420959876738939285e+08 1.000522413587706883e+00 4.743608326843061259e-14
5.504957737744028568e+08 1.000560968584590427e+00 7.512567766425798367e-14
5.590257146964536905e+08 1.000602268858078014e+00 1.182081754389677872e-13
5.676878271911146641e+08 1.000646527779911699e+00 1.848127584067367008e-13
5.764841592590348721e+08 1.000693978108410764e+00 2.871356309211947762e-13
5.854167906346831322e+08 1.000744873842789318e+00 4.433612710371032163e-13
5.944878332780287266e+08 1.000799492485757503e+00 6.804375625913608295e-13
6.036994318739138842e+08 1.000858137424354144e+00 1.038060026063741884e-12
6.130537643390874863e+08 1.000921140570190326e+00 1.574358205064840360e-12
6.225530423371738195e+08 1.000988865255131088e+00 2.373964246208407781e-12
6.321995118015404940e+08 1.001061709786503773e+00 3.559398161765375677e-12
6.419954534663496017e+08 1.001140110656766558e+00 5.307039383146243517e-12
6.519431834057576656e+08 1.001224546422811112e+00 7.869411735367686185e-12
6.620450535815382004e+08 1.001315542544137127e+00 1.160611607611980907e-11
6.723034523991479874e+08 1.001413675529928549e+00 1.702652142545125211e-11
6.827208052724248171e+08 1.001519578060595217e+00 2.484838946319103892e-11
6.932995751970334053e+08 1.001633945491130717e+00 3.607799068684770531e-11
7.040422633327958584e+08 1.001757541308621491e+00 5.211897742475385263e-11
7.149514095950464010e+08 1.001891203891183579e+00 7.491964736929801043e-11
7.260295932551482916e+08 1.002035854291708050e+00 1.071711780345559206e-10
7.372794335503163338e+08 1.002192503888682751e+00 1.525731117794457147e-10
7.487035903028886318e+08 1.002362262751864463e+00 2.161872201114556112e-10
7.603047645491930246e+08 1.002546351501138799e+00 3.049074010623239516e-10
7.720856991781592369e+08 1.002746110547850122e+00 4.280800099152147393e-10
7.840491795798252821e+08 1.002963006878214269e+00 5.983182055215702818e-10
7.961980343038927317e+08 1.003198654080687202e+00 8.325705535472768100e-10
8.085351357284868956e+08 1.003454823672495388e+00 1.153511791401171778e-09
8.210634007392781973e+08 1.003733450152054285e+00 1.591341624590099238e-09
8.337857914191280603e+08 1.004036664037876170e+00 2.186121491701796843e-09
8.467053157484196424e+08 1.004366791371945400e+00 2.990759305478198722e-09
8.598250283162407875e+08 1.004726383211469898e+00 4.074848085090379300e-09
8.731480310425866842e+08 1.005118229447488520e+00 5.529545256661382598e-09
8.866774739117529392e+08 1.005545389176530247e+00 7.473784967170308829e-09
9.004165557170931101e+08 1.006011193694920980e+00 1.006207711817875721e-08
9.143685248173152208e+08 1.006519295710556872e+00 1.349440372956612963e-08
9.285366799044981003e+08 1.007073684276178493e+00 1.802855451616006591e-08
9.429243707840079069e+08 1.007678703304923040e+00 2.399548981627309252e-08
9.575349991664987803e+08 1.008339104131501296e+00 3.181855367413867485e-08
9.723720194721868038e+08 1.009060062090594512e+00 4.203709696058038594e-08
9.874389396475850344e+08 1.009847211740009021e+00 5.533562010437784312e-08
1.002739321994894743e+09 1.010706703006908569e+00 7.257969380959662232e-08
1.018276784014247060e+09 1.011645220971516101e+00 9.485954879080918183e-08
1.034054999258996606e+09 1.012670030510840258e+00 1.235432229974262621e-07
1.050077698204266429e+09 1.013789048392425451e+00 1.603413567610360353e-07
1.066348669128951907e+09 1.015010863931957275e+00 2.073846702419708378e-07
1.082871759011391401e+09 1.016344794280154451e+00 2.673173793984465309e-07
1.099650874438914537e+09 1.017800976704360094e+00 3.434099322442595204e-07
1.116689982531485558e+09 1.019390391695718989e+00 4.396918682622434006e-07
1.133993111879655838e+09 1.021124925783345683e+00 5.611101229165424750e-07
1.151564353497053146e+09 1.023017489269260505e+00 7.137184080814397925e-07
1.169407861787627220e+09 1.025082040444826648e+00 9.048970753701538087e-07
1.187527855527884483e+09 1.027333669585727582e+00 1.143612918776615715e-06
1.205928618864341497e+09 1.029788735517160658e+00 1.440726496929388696e-06
1.224614502326434612e+09 1.032464897458276187e+00 1.809344598390671266e-06
1.243589923855123758e+09 1.035381204788923037e+00 2.265231885306768517e-06
1.262859369847435951e+09 1.038558292737393973e+00 2.827297272337636937e-06
1.282427396217192411e+09 1.042018387058660567e+00 3.518139622262040423e-06
1.302298629472172976e+09 1.045785428517382654e+00 4.364684196657990188e-06
1.322477767807970285e+09 1.049885315552684162e+00 5.398929983480733671e-06
1.342969582218793631e+09 1.054345895584982040e+00 6.658774963038448955e-06
1.363778917625484943e+09 1.059197119209526639e+00 8.188976004535758140e-06
1.384910694021013021e+09 1.064471343378642354e+00 1.004227330417704949e-05
1.406369907633722782e+09 1.070203316876780608e+00 1.228062050386643947e-05
1.428161632108575344e+09 1.076430329512813033e+00 1.497658664346557657e-05
1.450291019706783295e+09 1.083192663731211702e+00 1.821504842395246747e-05
1.472763302523882866e+09 1.090533470078145051e+00 2.209495841763573003e-05
1.495583793726863146e+09 1.098499033636761713e+00 2.673143725893769833e-05
1.518757888810273170e+09 1.107139281348679782e+00 3.225823398216636699e-05
1.542291066871986866e+09 1.116507600498483299e+00 3.883029051303224960e-05
1.566188891908537626e+09 1.126661244464621126e+00 4.662682782264293107e-05
1.590457014130726576e+09 1.137661856462857557e+00 5.585491697607720713e-05
1.615101171299410820e+09 1.149575300433596237e+00 6.675323160866305074e-05
1.640127190082197428e+09 1.162472141736394127e+00 7.959656793482570243e-05
1.665540987430948496e+09 1.176428228511485319e+00 9.470105967535103234e-05
1.691348571980845928e+09 1.191524636581706265e+00 1.124297616669904553e-04
1.717556045470915318e+09 1.207848017352891157e+00 1.331991854506823949e-04
1.744169604186783075e+09 1.225491493645902930e+00 1.574871102439520340e-04
1.771195540425565243e+09 1.244554597083868286e+00 1.858408632816799971e-04
1.798640243983680964e+09 1.265143353308473717e+00 2.188867774565925173e-04
1.826510203667497396e+09 1.287372076808112276e+00 2.573423444958070202e-04
1.854812008827570677e+09 1.311362308620760198e+00 3.020277925130062974e-04
1.883552350916542530e+09 1.337244013611543547e+00 3.538811191593032560e-04
1.912738025071222544e+09 1.365156645406446101e+00 4.139752720919593894e-04
1.942375931719174385e+09 1.395248974340871584e+00 4.835365459793320711e-04
1.972473078210198879e+09 1.427679345381569487e+00 5.639658849326302514e-04
2.003036580473095179e+09 1.462618376003529619e+00 6.568660937963082674e-04
2.034073664698094368e+09 1.500247004629894576e+00 7.640673866973618500e-04
2.065591669045362234e+09 1.540758849862028823e+00 8.876617075812279689e-04
2.097598045379975080e+09 1.584361423982635353e+00 1.030040668049392360e-03
2.130100361033778667e+09 1.631275560147197767e+00 1.193936065978622131e-03
2.163106300594548702e+09 1.681736881744106737e+00 1.382468873924323945e-03
2.196623667722872734e+09 1.735998115836277167e+00 1.599206683677479798e-03
2.230660386997185230e+09 1.794328145130924757e+00 1.848223217096011707e-03
2.265224505787391663e+09 1.857013689068070850e+00 2.134170245385117078e-03
2.300324196157525063e+09 1.924362606494661065e+00 2.462363010088808226e-03
2.335967756797881126e+09 1.996701831410119476e+00 2.838865236695453046e-03
2.372163614987098217e+09 2.074380035842838588e+00 3.270595084142501833e-03
2.408920328584632397e+09 2.157771939585093168e+00 3.765450314222128832e-03
2.446246588054110050e+09 2.247275573272489169e+00 4.332430420270719229e-03
2.484151218518033028e+09 2.343314915606733884e+00 4.981787510376553194e-03
2.522643181844318390e+09 2.446345678493067055e+00 5.725208033798066636e-03
2.561731578765172005e+09 2.556852034555847641e+00 6.575986454341106215e-03
2.601425651028792858e+09 2.675349729196867532e+00 7.549239778049189435e-03
2.641734783584417343e+09 2.802393232951903013e+00 8.662167448599104175e-03
2.682668506801221371e+09 2.938571603578537861e+00 9.934293880668826349e-03
2.724236498721607208e+09 3.084512359633261980e+00 1.138777078737172703e-02
2.766448587349399090e+09 3.240890315296285795e+00 1.304774555263598854e-02
2.809314752973500729e+09 3.408422368894350463e+00 1.494269513471249873e-02
2.852845130527552605e+09 3.587872317300072389e+00 1.710484781714191951e-02
2.897050011986157894e+09 3.780061762729344910e+00 1.957070112687308086e-02
2.941939848798230648e+09 3.985863577220127851e+00 2.238147526303909882e-02
2.987525254358056068e+09 4.206207897073790392e+00 2.558369624752188792e-02
3.033817006514635563e+09 4.442095531561106370e+00 2.922991850139360082e-02
3.080826050119915485e+09 4.694589109138117777e+00 3.337932526250518561e-02
3.128563499616498947e+09 4.964821716957864339e+00 3.809853877020288188e-02
3.177040641665457726e+09 5.254013781730405341e+00 4.346262856198879893e-02
3.226268937814860821e+09 5.563461456045515341e+00 4.955590054330179933e-02
3.276260027209647655e+09 5.894545031382378397e+00 5.647297146361832110e-02
3.327025729343498230e+09 6.248752151217234818e+00 6.432018694656670144e-02
3.378578046853338718e+09 6.627664774879581167e+00 7.321667370590220769e-02
3.430929168357147217e+09 7.032966720364696833e+00 8.329575040331166358e-02
3.484091471335736275e+09 7.466473277780490747e+00 9.470689298735902872e-02
3.538077525059182644e+09 7.930115715967523293e+00 1.076171073585365651e-01
3.592900093558606625e+09 8.425947458965410419e+00 1.222127516885741644e-01
3.648572138643998146e+09 8.956189427648000745e+00 1.387024212411583080e-01
3.705106822968801022e+09 9.523194914213915396e+00 1.573183560092267785e-01
3.762517513141988754e+09 1.012947975185451988e+01 1.783193756229377591e-01
3.820817782888371944e+09 1.077775139400118043e+01 2.019941986360316022e-01
3.880021416257783890e+09 1.147089096096979333e+01 2.286637874918037716e-01
3.940142410884243965e+09 1.221197104721263216e+01 2.586847912461749943e-01
4.001194981295209408e+09 1.300430619969141333e+01 2.924544442260060828e-01
4.063193562272600174e+09 1.385141632007111312e+01 3.304130792974047659e-01
4.126152812265383244e+09 1.475706765300840573e+01 3.730493370504811002e-01
4.190087616855565071e+09 1.572530677512815878e+01 4.209057805229210469e-01
4.255013092277347565e+09 1.676045379730491547e+01 4.745834069774182984e-01
4.320944588991366386e+09 1.786711113601402801e+01 5.347469720603897914e-01
4.387897695313753128e+09 1.905024245238523406e+01 6.021339927076655441e-01
4.455888241101989746e+09 2.031513637592277277e+01 6.775593282461556122e-01
4.524932301497314453e+09 2.166743214506018589e+01 7.619227311545058168e-01
4.595046200725684166e+09 2.311321618702647385e+01 8.562209894840413504e-01
4.666246515957053185e+09 2.465897043751057893e+01 9.615531917594077882e-01
4.738550081225043297e+09 2.631161412003591593e+01 1.079131157017057419e+00
4.811973991406744957e+09 2.807860805449425357e+01 1.210294885635393447e+00
4.886535606264802933e+09 2.996790664022016060e+01 1.356519828631234770e+00
4.962252554551527023e+09 3.198800388779322645e+01 1.519430257897927516e+00
5.039142738177108765e+09 3.414806209576926221e+01 1.700819928303596296e+00
5.117224336442107201e+09 3.645783635965479874e+01 1.902659692592372664e+00
5.196515810335638046e+09 3.892776467881927971e+01 2.127117382896585696e+00
5.277035906900142670e+09 4.156910526321031796e+01 2.376583828944917265e+00
5.358803663663785934e+09 4.439384928474584058e+01 2.653682279164393698e+00
5.441838413141543388e+09 4.741481662885277615e+01 2.961293146349635474e+00
5.526159787406021118e+09 5.064584399296938244e+01 3.302590002647207257e+00
5.611787722729105949e+09 5.410168150265985787e+01 3.681051132766519629e+00
5.698742464295544624e+09 5.779810019235004859e+01 4.100490943701147195e+00
5.787044570989544868e+09 6.175212615672356264e+01 4.565107815993958873e+00
5.876714920255559921e+09 6.598190299875065534e+01 5.079496448342259107e+00
5.967774713034382820e+09 7.050684258460721310e+01 5.648690632590801286e+00
6.060245478775726318e+09 7.534790521626197801e+01 6.278225566200307028e+00
6.154149080528474808e+09 8.052742725426480774e+01 6.974151413380794473e+00
6.249507720109809875e+09 8.606932290725914925e+01 7.743090953637890905e+00
6.346343943354429245e+09 9.199941463197149005e+01 8.592319821530033153e+00
6.444680645445102692e+09 9.834523229108579301e+01 9.529782890372857196e+00
6.544541076325830460e+09 1.051362460082598176e+02 1.056416720338498294e+01
6.645948846198868752e+09 1.124042875332865492e+02 1.170500901997673537e+01
6.748927931106939316e+09 1.201833026680108389e+02 1.296271176893347921e+01
6.853502678601936340e+09 1.285096393748927426e+02 1.434864088608527588e+01
6.959697813501462936e+09 1.374225644311495387e+02 1.587526353807877832e+01
7.067538443734570503e+09 1.469639624420983353e+02 1.755616829321485639e+01
7.177050066278079033e+09 1.571786937812549070e+02 1.940618844807096721e+01
7.288258573184876442e+09 1.681152283478336926e+02 2.144158397341018940e+01
7.401190257705627441e+09 1.798252795084113984e+02 2.368006253906225567e+01
7.515871820505343437e+09 1.923642488678834468e+02 2.614093964879609544e+01
7.632330375976270676e+09 2.057920045821448696e+02 2.884537513527380881e+01
7.750593458648603439e+09 2.201724355806296387e+02 3.181639482794746243e+01
7.870689029700525284e+09 2.355740036706288834e+02 3.507909804824700473e+01
7.992645483569128990e+09 2.520707014961980406e+02 3.866096467437854045e+01
8.116491654663769722e+09 2.697415084647238928e+02 4.259187619187579799e+01
8.242256824183441162e+09 2.886710778849843564e+02 4.690438451889642835e+01
8.369970727039791107e+09 3.089509138324931996e+02 5.163410933472028574e+01
8.499663558887403488e+09 3.306787088006711883e+02 5.681975718116085972e+01
8.631365983263017654e+09 3.539591980752104519e+02 6.250346906682501924e+01
8.765109138835369110e+09 3.789056084216690010e+02 6.873133408986890913e+01
8.900924646767377853e+09 4.056388496721108936e+02 7.555340393557250422e+01
9.038844618192382812e+09 4.342885773707880617e+02 8.302414176885422137e+01
9.178901661806262970e+09 4.649949772292129069e+02 9.120308504905665359e+01
9.321128891577163696e+09 4.979077783369125996e+02 1.001548520498474346e+02
9.465559934574703217e+09 5.331875609975654697e+02 1.099497171117309051e+02
9.612228938920488358e+09 5.710079961864624920e+02 1.206644749259815796e+02
9.761170581861820221e+09 6.115546034568372988e+02 1.323824249103908812e+02
9.912420077970510483e+09 6.550264087975384655e+02 1.451941202915907922e+02
1.006601318746877289e+10 7.016386533130897760e+02 1.591984655719003854e+02
1.022198622468387222e+10 7.516213210985310980e+02 1.745026910608695232e+02
1.038037606663446045e+10 8.052211940589405685e+02 1.912233145841252906e+02
1.054122016174884987e+10 8.627051900756852092e+02 2.094875499213845842e+02
1.070455653871969604e+10 9.243585634902722177e+02 2.294332532122084842e+02
1.087042381549451637e+10 9.904874660373474171e+02 2.512101598269618421e+02
1.103886120840690231e+10 1.061423047576114641e+03 2.749816843424982267e+02
1.120990854144781494e+10 1.137519288663620500e+03 3.009248371836695242e+02
1.138360625568195534e+10 1.219156195019436836e+03 3.292318147287901411e+02
1.155999541880861473e+10 1.306744848303149411e+03 3.601123003380158707e+02
1.173911773487212181e+10 1.400724725648051390e+03 3.937933187715544250e+02
1.192101555412126160e+10 1.501567692991126933e+03 4.305212797714126509e+02
1.210573188302300262e+10 1.609784266108990778e+03 4.705649275652109509e+02
1.229331039442981911e+10 1.725920320197299361e+03 5.142151169114326876e+02
1.248379543790613937e+10 1.850562032589611590e+03 5.617874198046432639e+02
1.267723205021320915e+10 1.984343700667194753e+03 6.136259204075781781e+02
1.287366596595802307e+10 2.127943685310952787e+03 6.701028792691668059e+02
1.307314362840569115e+10 2.282090561925734619e+03 7.316220668280338941e+02
1.327571220046068001e+10 2.447572760338417993e+03 7.986235947244377940e+02
1.348141957581736374e+10 2.625233577560290996e+03 8.715834321120798904e+02
1.369031439028369331e+10 2.815978923182649851e+03 9.510176972790059153e+02
1.390244603328024483e+10 3.020789165503383629e+03 1.037488783903628473e+03
1.411786465951747131e+10 3.240713104223469145e+03 1.131604721397482308e+03
1.433662120085387230e+10 3.476877656341351212e+03 1.234024670513520960e+03
1.455876737833791733e+10 3.730502451729159930e+03 1.345466696095868656e+03
1.478435571443656158e+10 4.002892378963412284e+03 1.466706861358241667e+03
1.501343954545323753e+10 4.295449705349400574e+03 1.598586258347329476e+03
1.524607303413825607e+10 4.609692223668217594e+03 1.742020922101298311e+03
1.548231118249462509e+10 4.947243994178456887e+03 1.898000555994545721e+03
1.572220984478227997e+10 5.309850685749742297e+03 2.067597593163965485e+03
1.596582574072381401e+10 5.699401892983672042e+03 2.251979724027173233e+03
1.621321646891484261e+10 6.117919823956852269e+03 2.452408211833086170e+03
1.646444052044215012e+10 6.567578209955712737e+03 2.670249339793150739e+03
1.671955729271285820e+10 7.050730272037678333e+03 2.906990445195405300e+03
1.697862710349787521e+10 7.569894624728646704e+03 3.164237590833933154e+03
1.724171120519293976e+10 8.127779224962008811e+03 3.443730300532290130e+03
1.750887179930065918e+10 8.727315704636695955e+03 3.747361740982928040e+03
1.778017205113692856e+10 9.371642186078206578e+03 4.077175715783531359e+03
1.805567610476523209e+10 1.006413293824011816e+04 4.435385306169298019e+03
1.833544909816236115e+10 1.080844120622316950e+04 4.824398555620744446e+03
1.861955717861910248e+10 1.160847804374286352e+04 5.246814512501561694e+03
1.890806751837959671e+10 1.246844960492476275e+04 5.705447061671533447e+03
1.920104833052298355e+10 1.339290991572528765e+04 6.203357268093657694e+03
1.949856888509117508e+10 1.438673482654456893e+04 6.743848213309170205e+03
1.980069952546649170e+10 1.545516860514442124e+04 7.330495287651431681e+03
2.010751168500311661e+10 1.660388956957048504e+04 7.967187171359470085e+03
2.041907790391620255e+10 1.783897823987725133e+04 8.658119246100081000e+03
2.073547184643270874e+10 1.916697521074568795e+04 9.407831901017741984e+03
2.105676831820799255e+10 2.059496295181652749e+04 1.022126249480328988e+04
2.138304328401224136e+10 2.213052583144911114e+04 1.110373646141044082e+04
2.171437388569099045e+10 2.378182311831158950e+04 1.206101627215066219e+04
2.205083846040391541e+10 2.555769070937969445e+04 1.309936714762382144e+04
2.239251655914625931e+10 2.746759148462486337e+04 1.422554543007883694e+04
2.273948896555720901e+10 2.952170668745964576e+04 1.544686076013768070e+04
2.309183771501976013e+10 3.173106226491776761e+04 1.677125900569232908e+04
2.344964611405649185e+10 3.410746728361970600e+04 1.820730717759528488e+04
2.381299876002589035e+10 3.666362874244617706e+04 1.976427255359976334e+04
2.418198156112389374e+10 3.941330873157584574e+04 2.145222737944851906e+04
2.455668175669531250e+10 4.237124769139400451e+04 2.328202921681027874e+04
2.493718793786003494e+10 4.555330864415506221e+04 2.526542155149392420e+04
2.532359006845876312e+10 4.897667174073841306e+04 2.741516534332850642e+04
2.571597950632338333e+10 5.265973987066737755e+04 2.974501422649655433e+04
2.611444902487685776e+10 5.662231972338999185e+04 3.226984228044910196e+04
2.651909283506784439e+10 6.088586317665398383e+04 3.500580948674120737e+04
2.693000660764516449e+10 6.547335022152322199e+04 3.797033002049020433e+04
2.734728749577756119e+10 7.040951558968944300e+04 4.118223402296385757e+04
2.777103415802324677e+10 7.572114939867299108e+04 4.466197616583168565e+04
2.820134678165718460e+10 8.143695198599905416e+04 4.843159530952088244e+04
2.863832710635686874e+10 8.758781771150388522e+04 5.251491926891020557e+04
2.908207844825865936e+10 9.420720924774585001e+04 5.693782742255711491e+04
2.953270572438319778e+10 1.013309764273971668e+05 6.172819892767244164e+04
2.999031547744300079e+10 1.089977125843691465e+05 6.691617226373843732e+04
3.045501590103067017e+10 1.172492208822631655e+05 7.253447584245850157e+04
3.092691686520127106e+10 1.261302879500186536e+05 7.861836163470974134e+04
3.140612994244713593e+10 1.356891322897190985e+05 8.520593451298872242e+04
3.189276843407919312e+10 1.459779824549451587e+05 9.233856650746450759e+04
3.238694739701298904e+10 1.570527969135694730e+05 1.000608136670154199e+05
3.288878367097387695e+10 1.689738261984851852e+05 1.084208324647817790e+05
3.339839590611959457e+10 1.818063328805719502e+05 1.174709003244975465e+05
3.391590459109505844e+10 1.956202416361776413e+05 1.272673099500495155e+05
3.444143208151760101e+10 2.104908452558644058e+05 1.378708962170087616e+05
3.497510262890793610e+10 2.264997014121692046e+05 1.493476899005356827e+05
3.551704241006510925e+10 2.437341950261490128e+05 1.617687835650131165e+05
3.606737955690029144e+10 2.622884250188355800e+05 1.752109978813680646e+05
3.662624418673052979e+10 2.822643207418509992e+05 1.897577017399562756e+05
3.719376843304282379e+10 3.037710966875196900e+05 2.054986438973061158e+05
3.777008647673467255e+10 3.269263652434147079e+05 2.225307944887470803e+05
3.835533457783876801e+10 3.518575250521274866e+05 2.409593722390616313e+05
3.894965110773921204e+10 3.787010806259564706e+05 2.608976333076520532e+05
3.955317658188692474e+10 4.076040405429638340e+05 2.824679345140187652e+05
4.016605369302202606e+10 4.387256481664346065e+05 3.058030216466954444e+05
4.078842734491096497e+10 4.722365271606389433e+05 3.310457622369817691e+05
4.142044468660636902e+10 5.083204384356203373e+05 3.583504881352831726e+05
4.206225514723783875e+10 5.471764342664442956e+05 3.878846081382652628e+05
4.271401047134175110e+10 5.890177916315004695e+05 4.198282749828115921e+05
4.337586475473851776e+10 6.340742224947955692e+05 4.543760812022425234e+05
4.404797448096579742e+10 6.825945476841989439e+05 4.917390719896451337e+05
4.473049855827618408e+10 7.348453648840807145e+05 5.321443314762932714e+05
4.542359835720822906e+10 7.911138249151041964e+05 5.758371208492750302e+05
4.612743774873957062e+10 8.517109658043681411e+05 6.230833984322234755e+05
4.684218314303132629e+10 9.169700459608903620e+05 6.741693055547242984e+05
4.756800352877272034e+10 9.872500131797761424e+05 7.294038494162274292e+05
4.830507051313546753e+10 1.062939677889551269e+06 7.891220659970287234e+05
4.905355836234719086e+10 1.144455605763430241e+06 8.536843703659819439e+05
4.981364404289352417e+10 1.232246500995073002e+06 9.234799510254776105e+05
5.058550726335865021e+10 1.326798384838672355e+06 9.989307093149079010e+05
5.136933051691418457e+10 1.428631943098445190e+06 1.080490448758283863e+06
5.216529912446638489e+10 1.538308048580922652e+06 1.168649156956949038e+06
5.297360127847194672e+10 1.656434203053856036e+06 1.263937918931193417e+06
5.379442808743273926e+10 1.783661228288415121e+06 1.366927927762101637e+06
5.462797362107994080e+10 1.920690172882402549e+06 1.478235851419711951e+06
5.547443495625836945e+10 2.068280344938676106e+06 1.598529968713124981e+06
5.633401222352174377e+10 2.227245148610073607e+06 1.728528945799812675e+06
5.720690865444994354e+10 2.398460783446863759e+06 1.869008596072992077e+06
5.809333062969945526e+10 2.582876252890123054e+06 2.020809533256819006e+06
5.899348772779840851e+10 2.781508079413366504e+06 2.184835636745319236e+06
5.990759277469759369e+10 2.995451275297217537e+06 2.362062568822060712e+06
6.083586189408935547e+10 3.225891780418668874e+06 2.553547294248684775e+06
6.177851455850615692e+10 3.474099853394013830e+06 2.760426223264879081e+06
6.273577364121088409e+10 3.741443854673225898e+06 2.983925903718304820e+06
6.370786546889126587e+10 4.029405657761979382e+06 3.225374827562220860e+06
6.469501987517070007e+10 4.339572388394691050e+06 3.486201198852132075e+06
6.569747025494829559e+10 4.673653700894141570e+06 3.767946323131820187e+06
6.671545361958090973e+10 5.033501084455710836e+06 4.072279367534080055e+06
6.774921065292021179e+10 5.421097332612367347e+06 4.400994572239648551e+06
6.879898576821803284e+10 5.838578234320209362e+06 4.756028027749511413e+06
6.986502716591351318e+10 6.288256672431135550e+06 5.139476062628494576e+06
7.094758689231559753e+10 6.772609304213122465e+06 5.553591837497198023e+06
7.204692089919517517e+10 7.294303932578206062e+06 6.000806432441283017e+06
7.316328910429875183e+10 7.856229346019014716e+06 6.483751596044725738e+06
7.429695545280467224e+10 8.461478532322470099e+06 7.005255644772463478e+06
7.544818797972360229e+10 9.113383076734045520e+06 7.568369865095797926e+06
7.661725887327552795e+10 9.815550401680164039e+06 8.176396809597563930e+06
7.780444453923883057e+10 1.057184258915119059e+07 8.832885379680687562e+06
7.901002566630638123e+10 1.138641931404788420e+07 9.541663684958780184e+06
8.023428729244435120e+10 1.226378443810663931e+07 1.030687428200754710e+07
8.147751887228942871e+10 1.320875900719803572e+07 1.113296816154760122e+07
8.274001434557991028e+10 1.422653560821282305e+07 1.202474605107302219e+07
8.402207220665780640e+10 1.532273610469138436e+07 1.298740194264743850e+07
8.532399557503701782e+10 1.650337722516366839e+07 1.402651579859154113e+07
8.664609226707601929e+10 1.777493913514623046e+07 1.514810527982303128e+07
8.798867486874992371e+10 1.914443713568926975e+07 1.635867956441274472e+07
8.935206080956144714e+10 2.061937847757663205e+07 1.766523092868023366e+07
9.073657243758566284e+10 2.220784794859020412e+07 1.907529896234128624e+07
9.214253709568925476e+10 2.391859728278481960e+07 2.059703726364198700e+07
9.357028719891931152e+10 2.576099024418703094e+07 2.223920346850834787e+07
9.502016031310092163e+10 2.774511051037366316e+07 2.401123947005609795e+07
9.649249923464677429e+10 2.988187309755073860e+07 2.592335395132760331e+07
9.798765207160548401e+10 3.218295358672107011e+07 2.798651020339501649e+07
9.950597232596549988e+10 3.466092448985289037e+07 3.021252643292356655e+07
1.010478189772343445e+11 3.732939330434533954e+07 3.261417738139095157e+07
1.026135565673127899e+11 4.020291360959983617e+07 3.520518075887092203e+07
1.042035552866842499e+11 4.329715567983443290e+07 3.800032159880923480e+07
1.058181910619396820e+11 4.662907754434610903e+07 4.101557727855028212e+07
1.074578456446586761e+11 5.021681250769211352e+07 4.426810237107512355e+07
1.091229067016676788e+11 5.407988340030514449e+07 4.777638304808577895e+07
1.108137679066969299e+11 5.823941629210616648e+07 5.156039160422003269e+07
1.125308290334574432e+11 6.271799541096091270e+07 5.564156858127569407e+07
1.142744960501604004e+11 6.753993280024228990e+07 6.004301454632315040e+07
1.160451812155009613e+11 7.273153405651701987e+07 6.478968025443630666e+07
