# T[K] Gamma_nTOp[1/tau_n] Gamma_pTOn[1/tau_n]
# fingerprint_hash: 541a27e01a6e55f8
# fingerprint: {"QED_corrections":false,"T_end_MeV":0.001,"T_start_cosmo_MeV":40.0,"analytic_distortions":false,"delta_xi_nu":0.0,"finite_mass_corrections":false,"format_version":1,"incomplete_decoupling":false,"munuOverTnu":0.0,"nevo_file":null,"nevo_file_prefix":"NEVOPRIMAT","nevo_spectral_file":null,"opposite_neutrino_chemical_potential":false,"radiative_corrections":false,"sampling_nTOp_per_decade":80,"spectral_distortions":false,"y_SZ":0.0,"y_gray":0.0}
1.160451812155007198e+07 1.000000000134516842e+00 0.000000000000000000e+00
1.194445382843508385e+07 1.000000000151036073e+00 0.000000000000000000e+00
1.229434740548801981e+07 1.000000000169537051e+00 0.000000000000000000e+00
1.265449055251050368e+07 1.000000000190270022e+00 0.000000000000000000e+00
1.302518351418111660e+07 1.000000000213515650e+00 0.000000000000000000e+00
1.340673533036361635e+07 1.000000000239590348e+00 0.000000000000000000e+00
1.379946409374797717e+07 1.000000000268846723e+00 0.000000000000000000e+00
1.420369721503815055e+07 1.000000000301682235e+00 0.000000000000000000e+00
1.461977169590851478e+07 1.000000000338540085e+00 0.000000000000000000e+00
1.504803440995584987e+07 1.000000000379917209e+00 0.000000000000000000e+00
1.548884239188134670e+07 1.000000000426369828e+00 0.000000000000000000e+00
1.594256313514404185e+07 1.000000000478521445e+00 0.000000000000000000e+00
1.640957489833307080e+07 1.000000000537069944e+00 0.000000000000000000e+00
1.689026702051510662e+07 1.000000000602798478e+00 0.000000000000000000e+00
1.738504024581887946e+07 1.000000000676584122e+00 0.000000000000000000e+00
1.789430705752837285e+07 1.000000000759412311e+00 0.000000000000000000e+00
1.841849202196240798e+07 1.000000000852387494e+00 0.000000000000000000e+00
1.895803214242760837e+07 1.000000000956749791e+00 0.000000000000000000e+00
1.951337722354025394e+07 1.000000001073891642e+00 0.000000000000000000e+00
2.008499024621973559e+07 1.000000001205375577e+00 0.000000000000000000e+00
2.067334775366751477e+07 1.000000001352955969e+00 0.000000000000000000e+00
2.127894024865204096e+07 1.000000001518602355e+00 0.000000000000000000e+00
2.190227260243212804e+07 1.000000001704525854e+00 0.000000000000000000e+00
2.254386447565865889e+07 1.000000001913208703e+00 0.000000000000000000e+00
2.320425075160592049e+07 1.000000002147437117e+00 0.000000000000000000e+00
2.388398198209420219e+07 1.000000002410338595e+00 0.000000000000000000e+00
2.458362484647430480e+07 1.000000002705423663e+00 0.000000000000000000e+00
2.530376262405800447e+07 1.000000003036633167e+00 0.000000000000000000e+00
2.604499568038682267e+07 1.000000003408389571e+00 0.000000000000000000e+00
2.680794196774604172e+07 1.000000003825657346e+00 0.000000000000000000e+00
2.759323754033992812e+07 1.000000004294008260e+00 0.000000000000000000e+00
2.840153708455819264e+07 1.000000004819696864e+00 0.000000000000000000e+00
2.923351446477630734e+07 1.000000005409742210e+00 0.000000000000000000e+00
3.008986328514331579e+07 1.000000006072023329e+00 0.000000000000000000e+00
3.097129746782724559e+07 1.000000006815383369e+00 0.000000000000000000e+00
3.187855184819832072e+07 1.000000007649748390e+00 0.000000000000000000e+00
3.281238278744807094e+07 1.000000008586259703e+00 0.000000000000000000e+00
3.377356880315344781e+07 1.000000009637422194e+00 0.000000000000000000e+00
3.476291121831235290e+07 1.000000010817271523e+00 0.000000000000000000e+00
3.578123482939223200e+07 1.000000012141562200e+00 0.000000000000000000e+00
3.682938859394711256e+07 1.000000013627977413e+00 0.000000000000000000e+00
3.790824633837836981e+07 1.000000015296364619e+00 0.000000000000000000e+00
3.901870748642701656e+07 1.000000017169001776e+00 0.000000000000000000e+00
4.016169780900728703e+07 1.000000019270893548e+00 0.000000000000000000e+00
4.133817019600404054e+07 1.000000021630106595e+00 0.000000000000000000e+00
4.254910545068005472e+07 1.000000024278142829e+00 0.000000000000000000e+00
4.379551310735325515e+07 1.000000027250360857e+00 0.000000000000000000e+00
4.507843227302657813e+07 1.000000030586448485e+00 0.000000000000000000e+00
4.639893249367284775e+07 1.000000034330951859e+00 0.000000000000000000e+00
4.775811464589476585e+07 1.000000038533870539e+00 0.000000000000000000e+00
4.915711185470598191e+07 1.000000043251325410e+00 0.000000000000000000e+00
5.059709043819620460e+07 1.000000048546308307e+00 0.000000000000000000e+00
5.207925087986870110e+07 1.000000054489521562e+00 0.000000000000000000e+00
5.360482882946188748e+07 1.000000061160324805e+00 0.000000000000000000e+00
5.517509613308683038e+07 1.000000068647791673e+00 0.000000000000000000e+00
5.679136189354267716e+07 1.000000077051900860e+00 0.000000000000000000e+00
5.845497356169053912e+07 1.000000086484871487e+00 0.000000000000000000e+00
6.016731805979927629e+07 1.000000097072660576e+00 0.000000000000000000e+00
6.192982293779598922e+07 1.000000108956645484e+00 0.000000000000000000e+00
6.374395756338880956e+07 1.000000122295510607e+00 0.000000000000000000e+00
6.561123434705124050e+07 1.000000137267368361e+00 0.000000000000000000e+00
6.753321000289034843e+07 1.000000154072135716e+00 0.000000000000000000e+00
6.951148684645150602e+07 1.000000172934204290e+00 0.000000000000000000e+00
7.154771413053803146e+07 1.000000194105436613e+00 0.000000000000000000e+00
7.364358942016379535e+07 1.000000217868529218e+00 0.000000000000000000e+00
7.580086000778134167e+07 1.000000244540787842e+00 0.000000000000000000e+00
7.802132436996677518e+07 1.000000274478363149e+00 0.000000000000000000e+00
8.030683366677752137e+07 1.000000308081008260e+00 0.000000000000000000e+00
8.265929328502891958e+07 1.000000345797415369e+00 0.000000000000000000e+00
8.508066442678131163e+07 1.000000388131206730e+00 0.000000000000000000e+00
8.757296574435649812e+07 1.000000435647660613e+00 0.000000000000000000e+00
9.013827502325230837e+07 1.000000488981259483e+00 0.000000000000000000e+00
9.277873091435243189e+07 1.000000548844161452e+00 0.000000000000000000e+00
9.549653471688136458e+07 1.000000616035709333e+00 0.000000000000000000e+00
9.829395221358637512e+07 1.000000691453106105e+00 0.000000000000000000e+00
1.011733155596781969e+08 1.000000776103393552e+00 0.000000000000000000e+00
1.041370252271060497e+08 1.000000871116899948e+00 0.000000000000000000e+00
1.071875520057871491e+08 1.000000977762333765e+00 0.000000000000000000e+00
1.103274390634579509e+08 1.000001097463724120e+00 0.000000000000000000e+00
1.135593040658666492e+08 1.000001231819436676e+00 0.000000000000000000e+00
1.168858413590708673e+08 1.000001382623516122e+00 0.000000000000000000e+00
1.203098242156668752e+08 1.000001551889642792e+00 0.000000000000000000e+00
1.238341071468138248e+08 1.000001741878021155e+00 0.000000000000000000e+00
1.274616282819872946e+08 1.000001955125561226e+00 0.000000000000000000e+00
1.311954118184435666e+08 1.000002194479753914e+00 0.000000000000000000e+00
1.350385705424373746e+08 1.000002463136694830e+00 0.000000000000000000e+00
1.389943084242920876e+08 1.000002764683761258e+00 0.000000000000000000e+00
1.430659232894937396e+08 1.000003103147516503e+00 0.000000000000000000e+00
1.472568095680249631e+08 1.000003483047477548e+00 0.000000000000000000e+00
1.515704611242395937e+08 1.000003909456465001e+00 0.000000000000000000e+00
1.560104741696303487e+08 1.000004388068342687e+00 0.000000000000000000e+00
1.605805502609273791e+08 1.000004925274049716e+00 0.000000000000000000e+00
1.652844993860153258e+08 1.000005528246941777e+00 0.000000000000000000e+00
1.701262431402502060e+08 1.000006205038579177e+00 0.000000000000000000e+00
1.751098179958217144e+08 1.000006964686244393e+00 0.000000000000000000e+00
1.802393786668825150e+08 1.000007817333621318e+00 0.000000000000000000e+00
1.855192015732608140e+08 1.000008774366248687e+00 0.000000000000000000e+00
1.909536884056296647e+08 1.000009848563560677e+00 0.000000000000000000e+00
1.965473697951165140e+08 1.000011054269537070e+00 0.000000000000000000e+00
2.023049090904033780e+08 1.000012407584255580e+00 0.000000000000000000e+00
2.082311062454790771e+08 1.000013926578878110e+00 0.000000000000000000e+00
2.143309018212690055e+08 1.000015631536988803e+00 0.000000000000000000e+00
2.206093811044900417e+08 1.000017545225462490e+00 0.000000000000000000e+00
2.270717783471610248e+08 1.000019693198512361e+00 0.000000000000000000e+00
2.337234811302981079e+08 1.000022104138982959e+00 0.000000000000000000e+00
2.405700348554467559e+08 1.000024810241462392e+00 0.000000000000000000e+00
2.476171473677769899e+08 1.000027847642361190e+00 0.000000000000000000e+00
2.548706937146100700e+08 1.000031256902766952e+00 1.899185740697586625e-28
2.623367210433326662e+08 1.000035083550624870e+00 1.097676331736651213e-27
2.700214536427979469e+08 1.000039378689656200e+00 6.047208008364972284e-27
2.779312981323959827e+08 1.000044199683429058e+00 3.179764703140946836e-26
2.860728488031346798e+08 1.000049610924233834e+00 1.597950614612189787e-25
2.944528931151782870e+08 1.000055684697878089e+00 7.684443581521879642e-25
3.030784173564286828e+08 1.000062502156817246e+00 3.540614783647821061e-24
3.119566124668592215e+08 1.000070154417105339e+00 1.564887489984221573e-23
3.210948800334758162e+08 1.000078743796541492e+00 6.642503020948343454e-23
3.305008384608782530e+08 1.000088385214508824e+00 2.710916135119175996e-22
3.401823293225855827e+08 1.000099207778601507e+00 1.064911428644309524e-21
3.501474238984055519e+08 1.000111356590040357e+00 4.030767794055740135e-21
3.604044299033194184e+08 1.000124994806929735e+00 1.471599576529087272e-20
3.709618984134646654e+08 1.000140305999032808e+00 5.187488217002527214e-20
3.818286309950104952e+08 1.000157496874270580e+00 1.767323493818702530e-19
3.930136870418622494e+08 1.000176800437836855e+00 5.824795415321787728e-19
4.045263913283039927e+08 1.000198479657890882e+00 1.858891600571509044e-18
4.163763417829000354e+08 1.000222831769688403e+00 5.749480627681366463e-18
4.285734174901039600e+08 1.000250193378479979e+00 1.724990288911068485e-17
4.411277869262718558e+08 1.000280946529704007e+00 5.024594743109463236e-17
4.540499164369260669e+08 1.000315525809480244e+00 1.422116992617548875e-16
4.673505789623640776e+08 1.000354427084153341e+00 3.914214274539507845e-16
4.810408630188527703e+08 1.000398218058693445e+00 1.048518689507679961e-15
4.951321819429209232e+08 1.000447550541651243e+00 2.735705248354256787e-15
5.096362834064487815e+08 1.000503175917851539e+00 6.957545898056088534e-15
5.245652592104764581e+08 1.000565964041980616e+00 1.726085364290406024e-14
5.399315553659272194e+08 1.000636925064077642e+00 4.180290449913373616e-14
5.557479824696080685e+08 1.000717236926190745e+00 9.890100732581900588e-14
5.720277263841720819e+08 1.000808279845586179e+00 2.287452159932581677e-13
5.887843592309185266e+08 1.000911673897589615e+00 5.175586094305482002e-13
6.060318507046331167e+08 1.001029329569388837e+00 1.146348812826804377e-12
6.237845797198551893e+08 1.001163506968916650e+00 2.487204830889269591e-12
6.420573463983147144e+08 1.001316881153699434e+00 5.289595436314982781e-12
6.608653844075227976e+08 1.001492636206603448e+00 1.103378511238891545e-11
6.802243736607878208e+08 1.001694550586677446e+00 2.258814058377958824e-11
7.001504533892848492e+08 1.001927135611976549e+00 4.540979697015302343e-11
7.206602355970234871e+08 1.002195757116461694e+00 8.969702954782567546e-11
7.417708189099742174e+08 1.002506816881196361e+00 1.741826272934923514e-10
7.634998028308640718e+08 1.002867951132446755e+00 3.327055561819001453e-10
7.858653024115747213e+08 1.003288243689989478e+00 6.254032895348983710e-10
8.088859633553140163e+08 1.003778514443453007e+00 1.157477275464762158e-09
8.325809775611968040e+08 1.004351627914926937e+00 2.110147923343731253e-09
8.569700991241761446e+08 1.005022858656629658e+00 3.790929462806794561e-09
8.820736608036700487e+08 1.005810314335519928e+00 6.714032296338203917e-09
9.079125909745934010e+08 1.006735424248561328e+00 1.172700308077036096e-08
9.345084310749771595e+08 1.007823502084236100e+00 2.020720855819526184e-08
9.618833535646533966e+08 1.009104392467532030e+00 3.436216139478408567e-08
9.900601804100320339e+08 1.010613232326629696e+00 5.768197530046494865e-08
1.019062402110335708e+09 1.012391257984329274e+00 9.561046542508771958e-08
1.048914197281219006e+09 1.014486798432974179e+00 1.565270516559836162e-07
1.079640452812016487e+09 1.016956393391834190e+00 2.531626420792130656e-07
1.111266784613485813e+09 1.019865997508560440e+00 4.046109044342046182e-07
1.143819558973324299e+09 1.023292429912466828e+00 6.391485563219419820e-07
1.177325914537234783e+09 1.027325004708160794e+00 9.981360534993615429e-07
1.211813784933942080e+09 1.032067275037651610e+00 1.541336358252911048e-06
1.247311922062922478e+09 1.037639146463434692e+00 2.354088606807828031e-06
1.283849920064341068e+09 1.044179168815341230e+00 3.556858724624618584e-06
1.321458239991118431e+09 1.051847138545538574e+00 5.317821238523494631e-06
1.360168235203776360e+09 1.060827029848149472e+00 7.869271112611986822e-06
1.400012177509135485e+09 1.071330292599551370e+00 1.152885260345478721e-05
1.441023284064728022e+09 1.083599558405163643e+00 1.672681671130009259e-05
1.483235745071326971e+09 1.097912800941785783e+00 2.404081352230702488e-05
1.526684752276691675e+09 1.114588017664299935e+00 3.424018221600173161e-05
1.571406528314249754e+09 1.133988483870661090e+00 4.834215712345554854e-05
1.617438356901275635e+09 1.156528655877611111e+00 6.768319281729082951e-05
1.664818613921616554e+09 1.182680807841040904e+00 9.400955947807893758e-05
1.713586799418937206e+09 1.212982489959031129e+00 1.295926511260002737e-04
1.763783570527214289e+09 1.248044925003539696e+00 1.773761585083601685e-04
1.815450775365811586e+09 1.288562450145056770e+00 2.411644597907615188e-04
1.868631487927488089e+09 1.335323037593242335e+00 3.258643349793214987e-04
1.923370043988390207e+09 1.389220457788552743e+00 4.377961307666808030e-04
1.979712078069975138e+09 1.451267849146471001e+00 5.850944507494552091e-04
2.037704561483635664e+09 1.522612848856875090e+00 7.782241304472291852e-04
2.097395841489860296e+09 1.604554911642759096e+00 1.030644616024066007e-03
2.158835681604428291e+09 1.698564825933092104e+00 1.359663571160570983e-03
2.222075303085304260e+09 1.806305163554748683e+00 1.787527720613245634e-03
2.287167427634904385e+09 1.929659096344800817e+00 2.342826011642745905e-03
2.354166321353172302e+09 2.070755941764618413e+00 3.062263103905454517e-03
2.423127839978229046e+09 2.231999853800561429e+00 3.992900721805512677e-03
2.494109475452268600e+09 2.416115627118860409e+00 5.195020212665645357e-03
2.567170403851538181e+09 2.626178340662963961e+00 6.745654880928395568e-03
2.642371534720295429e+09 2.865670352343947069e+00 8.743073854288430438e-03
2.719775561850031853e+09 3.138523947317390039e+00 1.131228076287819038e-02
2.799447015546083927e+09 3.449194821035719727e+00 1.461193343607387375e-02
2.881452316425378323e+09 3.802712836791570794e+00 1.884271099764760204e-02
2.965859830790022850e+09 4.204777549833353945e+00 2.425780505434966400e-02
3.052739927623100281e+09 4.661836975005089201e+00 3.117559073319697838e-02
3.142165037253938198e+09 5.181187403294506666e+00 3.999512494163198761e-02
3.234209711741948128e+09 5.771083739099781340e+00 5.121493650974787148e-02
3.328950687029297352e+09 6.440886290808340853e+00 6.545607892923191451e-02
3.426466946914258480e+09 7.201191439933261051e+00 8.348955991548429045e-02
3.526839788898484230e+09 8.064005393569948055e+00 1.062696835965409731e-01
3.630152891963314533e+09 9.042935646264364635e+00 1.349740794198065752e-01
3.736492386331355095e+09 1.015340902210231455e+01 1.710517325195793081e-01
3.845946925271603107e+09 1.141292007789127894e+01 2.162804981514893921e-01
3.958607759008128166e+09 1.284131413784801623e+01 2.728358425481168803e-01
4.074568810793635368e+09 1.446110994788875104e+01 3.433728608253082126e-01
4.193926755211558819e+09 1.629786744815399757e+01 4.311239740838943568e-01
4.316781098771873474e+09 1.838060737346769358e+01 5.400151399458757995e-01
4.443234262867848396e+09 2.074227417333204215e+01 6.748030925018246862e-01
4.573391669162797928e+09 2.342031889644954035e+01 8.412407314076530973e-01
4.707361827478274345e+09 2.645729664968049377e+01 1.046270081564481647e+00
4.845256426256653786e+09 2.990157921168697186e+01 1.298251857909716422e+00
4.987190425673658371e+09 3.380815249187772054e+01 1.607235716462462438e+00
5.133282153478646278e+09 3.823956457685530097e+01 1.985281859797154436e+00
5.283653403642189980e+09 4.326701776190714099e+01 2.446842093288194242e+00
5.438429537893475533e+09 4.897150852330213411e+01 3.009200278315817378e+00
5.597739590232056618e+09 5.544521555250771172e+01 3.692996709269816158e+00
5.761716374501134872e+09 6.279320683117820323e+01 4.522858570800752709e+00
5.930496595111913681e+09 7.113505920194278076e+01 5.528108497655904507e+00
6.104220961011671066e+09 8.060706568852201315e+01 6.743632444895856892e+00
6.283034302990117073e+09 9.136460515272261773e+01 8.210885250680282965e+00
6.467085694422193527e+09 1.035846645981724947e+02 9.979044199702242324e+00
6.656528575547679901e+09 1.174693065111559207e+02 1.210643984414649488e+01
6.851520881391641617e+09 1.332487430545091058e+02 1.466211050313814113e+01
7.052225173431834221e+09 1.511859136746616059e+02 1.772777595168439291e+01
7.258808775123225212e+09 1.715806368086111320e+02 2.139998362822344546e+01
7.471443911392463684e+09 1.947754301106737103e+02 2.579279178865499134e+01
7.690307852218645096e+09 2.211611330878070873e+02 3.104073095349858491e+01
7.915583060419889450e+09 2.511844427117938210e+02 3.730246497347241785e+01
8.147457343769403458e+09 2.853553162721823355e+02 4.476483448389809894e+01
8.386124011567255020e+09 3.242569397771677018e+02 5.364788133566790407e+01
8.631782035798656464e+09 3.685553337220439403e+02 6.421033037669329246e+01
8.884636217013431549e+09 4.190125477657721262e+02 7.675647281725333926e+01
9.144897355064310074e+09 4.764994723922933986e+02 9.164366758594606210e+01
9.412782424846891403e+09 5.420126003793567406e+02 1.092915821576322770e+02
9.688514757187610626e+09 6.166918398232961636e+02 1.301926273953388602e+02
9.972324225030553818e+09 7.018414419714838459e+02 1.549242356022076592e+02
1.026444743507811546e+10 7.989546834176240964e+02 1.841633709496675237e+02
1.056512792504586601e+10 9.097403696378671611e+02 2.187029041222827459e+02
1.087461636669533730e+10 1.036155933785947127e+03 2.594714800296380872e+02
1.119317077481427765e+10 1.180442821627440935e+03 3.075558682979406058e+02
1.152105672231908607e+10 1.345168450988861423e+03 3.642273725748937068e+02
1.185854756165785217e+10 1.533275212398241365e+03 4.309728690917075937e+02
1.220592465269928932e+10 1.748134189565497536e+03 5.095300406973008194e+02
1.256347759729724312e+10 1.993609890353412993e+03 6.019294109581068142e+02
1.293150448072645378e+10 2.274132872956895426e+03 7.105426387167090070e+02
1.331031212019052696e+10 2.594782385457482633e+03 8.381383269711362800e+02
1.370021632061007500e+10 2.961384857592601293e+03 9.879482798343966579e+02
1.410154213790321732e+10 3.380623104974082253e+03 1.163742965152633815e+03
1.451462414997881317e+10 3.860162848811334243e+03 1.369919531056855703e+03
1.493980673566762352e+10 4.408802238507006223e+03 1.611605828491626653e+03
1.537744436182493210e+10 5.036637322180604315e+03 1.894778513441260429e+03
1.582790187884276772e+10 5.755255695526268028e+03 2.226401588316718971e+03
1.629155482481897926e+10 6.577962466929092443e+03 2.614588835678187479e+03
1.676878973863648033e+10 7.520033293653110377e+03 3.068789268395014460e+03
1.726000448221327972e+10 8.599009201979408317e+03 3.600004056321070948e+03
1.776560857219301224e+10 9.835039832466443841e+03 4.221040371655633862e+03
1.828602352135112762e+10 1.125127006717726181e+04 4.946801922841153100e+03
1.882168319000241089e+10 1.287428891215486692e+04 5.794627924622480350e+03
1.937303414770203400e+10 1.473465243555387678e+04 6.784689746854020996e+03
1.994053604554274368e+10 1.686747407147528429e+04 7.940445046889005425e+03
2.052466199935720444e+10 1.931310976020412272e+04 9.289167330713797128e+03
2.112589898414597702e+10 2.211795363337907474e+04 1.086256402550700477e+04
2.174474824005956650e+10 2.533534182978028184e+04 1.269748651334907663e+04
2.238172569027315521e+10 2.902659830124705331e+04 1.483675608713642214e+04
2.303736237110184479e+10 3.326224637540191907e+04 1.733012580385242836e+04
2.371220487471634674e+10 3.812339401232562523e+04 2.023538979470035338e+04
2.440681580482650757e+10 4.370333087468641315e+04 2.361966987340266496e+04
2.512177424571330261e+10 5.010937542564798059e+04 2.756091126211629307e+04
2.585767624500127792e+10 5.746499863868366083e+04 3.214961369332643881e+04
2.661513531057204056e+10 6.591226463424223766e+04 3.749083363971577637e+04
2.739478292203451920e+10 7.561465014626356424e+04 4.370650887233343383e+04
2.819726905717783356e+10 8.676030057888463489e+04 5.093815659724413854e+04
2.902326273384587479e+10 9.956576238063388155e+04 5.934998669645300834e+04
2.987345256768461609e+10 1.142802930229968479e+05 6.913251350957129034e+04
3.074854734622896576e+10 1.311908503835321462e+05 8.050675434226039215e+04
3.164927661980533600e+10 1.506278058335158858e+05 9.372906752807031444e+04
3.257639130974450684e+10 1.729715479125374404e+05 1.090967676306942158e+05
3.353066433441031647e+10 1.986601082095970924e+05 1.269546377942651015e+05
3.451289125356819153e+10 2.281979339582104585e+05 1.477024584760145808e+05
3.552389093162808228e+10 2.621659991714821663e+05 1.718037230366011208e+05
3.656450622031669617e+10 3.012334747094230843e+05 1.997957376828281267e+05
3.763560466134754944e+10 3.461711975011511822e+05 2.323013248406939674e+05
3.873807920967382812e+10 3.978671614790167660e+05 2.700423433737867163e+05
3.987284897792932892e+10 4.573443986209146096e+05 3.138553522918972885e+05
4.104086000267502594e+10 5.257816455823932774e+05 3.647097767390347435e+05
4.224308603309262085e+10 6.045371002713385969e+05 4.237288782587663154e+05
4.348052934278048706e+10 6.951758566874027019e+05 4.922140524086875957e+05
4.475422156533167267e+10 7.995015711243649712e+05 5.716729681089111837e+05
4.606522455438705444e+10 9.195929648104588268e+05 6.638521173892505467e+05
4.741463126888324738e+10 1.057845905702179763e+06 7.707744655744220363e+05
4.880356668423223877e+10 1.217021969353660708e+06 8.947830333830233430e+05
5.023318873019279480e+10 1.400304526491009630e+06 1.038591381467323867e+06
5.170468925621424103e+10 1.611363315008460078e+06 1.205341922550994903e+06
5.321929502506053925e+10 1.854429002624991117e+06 1.398673442373040365e+06
5.477826873553909302e+10 2.134379275931076612e+06 1.622799272205193061e+06
5.638291007518873596e+10 2.456838063248730265e+06 1.882597647477405611e+06
5.803455680380647278e+10 2.828290037086425815e+06 2.183716256319846958e+06
5.973458586871220398e+10 3.256212768678926397e+06 2.532693214485584758e+06
6.148441455268445587e+10 3.749229272355562542e+06 2.937097052422712091e+06
6.328550165552282715e+10 4.317283872191312723e+06 3.405688516238249373e+06
6.513934871022261047e+10 4.971845217500552535e+06 3.948607781405256130e+06
6.704750123477406311e+10 5.726140735389873385e+06 4.577591140369191766e+06
6.901155002063371277e+10 6.595426915911688469e+06 5.306221396244046278e+06
7.103313245893699646e+10 7.597301360858393833e+06 6.150217563540740870e+06
7.311393390556010437e+10 8.752062991881037131e+06 7.127769981481097639e+06
7.525568908617167664e+10 1.008312777631193399e+07 8.259927874797817320e+06
7.746018354244035339e+10 1.161750837418367155e+07 9.571047413504920900e+06
7.972925512060813904e+10 1.338636780744298548e+07 1.108930991740849242e+07
8.206479550366879272e+10 1.542565891410901211e+07 1.284732144976042770e+07
8.446875178842932129e+10 1.777686180298345536e+07 1.488280562307615206e+07
8.694312810876712036e+10 2.048783543282134458e+07 1.723940501384886727e+07
8.948998730644142151e+10 2.361380074476454034e+07 1.996760797268309072e+07
9.211145265084492493e+10 2.721847538610998169e+07 2.312582015223471075e+07
9.480970960913493347e+10 3.137538344510038570e+07 2.678160332898299024e+07
9.758700766821530151e+10 3.616936750115401298e+07 3.101310784609555081e+07
1.004456622100944519e+11 4.169833478257027268e+07 3.591072934872718155e+07
1.033880564421748657e+11 4.807527194551603496e+07 4.157902331938112527e+07
1.064166433840895081e+11 5.543057165865377337e+07 4.813891907760659605e+07
1.095339479127387848e+11 6.391471900470826030e+07 5.573027977656447887e+07
1.127425688672342987e+11 7.370139245540951192e+07 6.451486155749075115e+07
1.160451812155009613e+11 8.499104401935867965e+07 7.467973451897537708e+07
