# T[K] Gamma_nTOp[1/tau_n] Gamma_pTOn[1/tau_n]
# fingerprint_hash: 5a4d080246b1f901
# fingerprint: {"QED_corrections":true,"T_end_MeV":0.001,"T_start_cosmo_MeV":100.0,"analytic_distortions":false,"delta_xi_nu":0.0,"finite_mass_corrections":false,"format_version":1,"incomplete_decoupling":false,"munuOverTnu":0.01,"nevo_file":null,"nevo_file_prefix":"NEVOPRIMAT","nevo_spectral_file":null,"radiative_corrections":true,"sampling_nTOp_per_decade":150,"spectral_distortions":false,"y_SZ":0.0,"y_gray":0.0}
1.160451812155007198e+07 1.000000000454349003e+00 0.000000000000000000e+00
1.178433031761291809e+07 1.000000000477319073e+00 0.000000000000000000e+00
1.196692870656324737e+07 1.000000000501495956e+00 0.000000000000000000e+00
1.215235646050493419e+07 1.000000000526946486e+00 0.000000000000000000e+00
1.234065742049430311e+07 1.000000000553739943e+00 0.000000000000000000e+00
1.253187610690555163e+07 1.000000000581950488e+00 0.000000000000000000e+00
1.272605772995679639e+07 1.000000000611656725e+00 0.000000000000000000e+00
1.292324820039921999e+07 1.000000000642940590e+00 0.000000000000000000e+00
1.312349414037183113e+07 1.000000000675889567e+00 0.000000000000000000e+00
1.332684289442444220e+07 1.000000000710595360e+00 0.000000000000000000e+00
1.353334254071142524e+07 1.000000000747155227e+00 0.000000000000000000e+00
1.374304190235893987e+07 1.000000000785670862e+00 0.000000000000000000e+00
1.395599055900826678e+07 1.000000000826251068e+00 0.000000000000000000e+00
1.417223885853803717e+07 1.000000000869009309e+00 0.000000000000000000e+00
1.439183792896807566e+07 1.000000000914066378e+00 0.000000000000000000e+00
1.461483969054769725e+07 1.000000000961548396e+00 0.000000000000000000e+00
1.484129686803135276e+07 1.000000001011589923e+00 0.000000000000000000e+00
1.507126300314432755e+07 1.000000001064332400e+00 0.000000000000000000e+00
1.530479246724189445e+07 1.000000001119924598e+00 0.000000000000000000e+00
1.554194047416432761e+07 1.000000001178524389e+00 0.000000000000000000e+00
1.578276309329124913e+07 1.000000001240297642e+00 0.000000000000000000e+00
1.602731726279822551e+07 1.000000001305420438e+00 0.000000000000000000e+00
1.627566080311877280e+07 1.000000001374077963e+00 0.000000000000000000e+00
1.652785243061496504e+07 1.000000001446466058e+00 0.000000000000000000e+00
1.678395177145985141e+07 1.000000001522791893e+00 0.000000000000000000e+00
1.704401937573499978e+07 1.000000001603273514e+00 0.000000000000000000e+00
1.730811673174647242e+07 1.000000001688142293e+00 0.000000000000000000e+00
1.757630628056262806e+07 1.000000001777641812e+00 0.000000000000000000e+00
1.784865143077719212e+07 1.000000001872029864e+00 0.000000000000000000e+00
1.812521657350106537e+07 1.000000001971579344e+00 0.000000000000000000e+00
1.840606709758647159e+07 1.000000002076578021e+00 0.000000000000000000e+00
1.869126940508694202e+07 1.000000002187330317e+00 0.000000000000000000e+00
1.898089092695691064e+07 1.000000002304157976e+00 0.000000000000000000e+00
1.927500013899453729e+07 1.000000002427401613e+00 0.000000000000000000e+00
1.957366657803158462e+07 1.000000002557420498e+00 0.000000000000000000e+00
1.987696085837414861e+07 1.000000002694594992e+00 0.000000000000000000e+00
2.018495468849814311e+07 1.000000002839327440e+00 0.000000000000000000e+00
2.049772088800346479e+07 1.000000002992043280e+00 0.000000000000000000e+00
2.081533340483090654e+07 1.000000003153192152e+00 0.000000000000000000e+00
2.113786733274578676e+07 1.000000003323249453e+00 0.000000000000000000e+00
2.146539892909253761e+07 1.000000003502718560e+00 0.000000000000000000e+00
2.179800563282437995e+07 1.000000003692131489e+00 0.000000000000000000e+00
2.213576608281236142e+07 1.000000003892051126e+00 0.000000000000000000e+00
2.247876013643810898e+07 1.000000004103072548e+00 0.000000000000000000e+00
2.282706888847468048e+07 1.000000004325825920e+00 0.000000000000000000e+00
2.318077469025994465e+07 1.000000004560976929e+00 0.000000000000000000e+00
2.353996116916708648e+07 1.000000004809231013e+00 0.000000000000000000e+00
2.390471324837678671e+07 1.000000005071333353e+00 0.000000000000000000e+00
2.427511716695579141e+07 1.000000005348073318e+00 0.000000000000000000e+00
2.465126050024658069e+07 1.000000005640285572e+00 0.000000000000000000e+00
2.503323218057302758e+07 1.000000005948852966e+00 0.000000000000000000e+00
2.542112251826666296e+07 1.000000006274710973e+00 0.000000000000000000e+00
2.581502322301920131e+07 1.000000006618848358e+00 0.000000000000000000e+00
2.621502742556547374e+07 1.000000006982312062e+00 0.000000000000000000e+00
2.662122969970256090e+07 1.000000007366210086e+00 0.000000000000000000e+00
2.703372608465004340e+07 1.000000007771715271e+00 0.000000000000000000e+00
2.745261410775677487e+07 1.000000008200068402e+00 0.000000000000000000e+00
2.787799280755945295e+07 1.000000008652583539e+00 0.000000000000000000e+00
2.830996275719850883e+07 1.000000009130651346e+00 0.000000000000000000e+00
2.874862608819680288e+07 1.000000009635744425e+00 0.000000000000000000e+00
2.919408651460680366e+07 1.000000010169421527e+00 0.000000000000000000e+00
2.964644935753189772e+07 1.000000010733332445e+00 0.000000000000000000e+00
3.010582157002766803e+07 1.000000011329224892e+00 0.000000000000000000e+00
3.057231176238903776e+07 1.000000011958948720e+00 0.000000000000000000e+00
3.104603022782918811e+07 1.000000012624462808e+00 0.000000000000000000e+00
3.152708896855644137e+07 1.000000013327841941e+00 0.000000000000000000e+00
3.201560172225513682e+07 1.000000014071282806e+00 0.000000000000000000e+00
3.251168398897688091e+07 1.000000014857111985e+00 0.000000000000000000e+00
3.301545305844844505e+07 1.000000015687793065e+00 0.000000000000000000e+00
3.352702803780281544e+07 1.000000016565936400e+00 0.000000000000000000e+00
3.404652987973993272e+07 1.000000017494305560e+00 0.000000000000000000e+00
3.457408141112377495e+07 1.000000018475829089e+00 0.000000000000000000e+00
3.510980736202257872e+07 1.000000019513607619e+00 0.000000000000000000e+00
3.565383439519898593e+07 1.000000020610927631e+00 0.000000000000000000e+00
3.620629113605720550e+07 1.000000021771269232e+00 0.000000000000000000e+00
3.676730820305417478e+07 1.000000022998319693e+00 0.000000000000000000e+00
3.733701823858191818e+07 1.000000024295985890e+00 0.000000000000000000e+00
3.791555594032848626e+07 1.000000025668407622e+00 0.000000000000000000e+00
3.850305809312484413e+07 1.000000027119970047e+00 0.000000000000000000e+00
3.909966360128491372e+07 1.000000028655321005e+00 0.000000000000000000e+00
3.970551352144742757e+07 1.000000030279384999e+00 0.000000000000000000e+00
4.032075109592594206e+07 1.000000031997380301e+00 0.000000000000000000e+00
4.094552178657598794e+07 1.000000033814837819e+00 0.000000000000000000e+00
4.157997330918689817e+07 1.000000035737617976e+00 0.000000000000000000e+00
4.222425566840653867e+07 1.000000037771933137e+00 0.000000000000000000e+00
4.287852119320724159e+07 1.000000039924367368e+00 0.000000000000000000e+00
4.354292457290121913e+07 1.000000042201898420e+00 0.000000000000000000e+00
4.421762289371407777e+07 1.000000044611923267e+00 0.000000000000000000e+00
4.490277567592503130e+07 1.000000047162282746e+00 0.000000000000000000e+00
4.559854491158261150e+07 1.000000049861288209e+00 0.000000000000000000e+00
4.630509510280475020e+07 1.000000052717750831e+00 0.000000000000000000e+00
4.702259330067235976e+07 1.000000055741011584e+00 0.000000000000000000e+00
4.775120914472556859e+07 1.000000058940973213e+00 0.000000000000000000e+00
4.849111490307190269e+07 1.000000062328135542e+00 0.000000000000000000e+00
4.924248551311602443e+07 1.000000065913630110e+00 0.000000000000000000e+00
5.000549862292049825e+07 1.000000069709260586e+00 0.000000000000000000e+00
5.078033463320748508e+07 1.000000073727542071e+00 0.000000000000000000e+00
5.156717674001127481e+07 1.000000077981746172e+00 0.000000000000000000e+00
5.236621097799165547e+07 1.000000082485945629e+00 0.000000000000000000e+00
5.317762626441849768e+07 1.000000087255064285e+00 0.000000000000000000e+00
5.400161444383779913e+07 1.000000092304928367e+00 0.000000000000000000e+00
5.483837033342991769e+07 1.000000097652322895e+00 0.000000000000000000e+00
5.568809176907058060e+07 1.000000103315048738e+00 0.000000000000000000e+00
5.655097965210559964e+07 1.000000109311985685e+00 0.000000000000000000e+00
5.742723799685039371e+07 1.000000115663159495e+00 0.000000000000000000e+00
5.831707397882549465e+07 1.000000122389809398e+00 0.000000000000000000e+00
5.922069798373948038e+07 1.000000129514465375e+00 0.000000000000000000e+00
6.013832365723089874e+07 1.000000137061025640e+00 0.000000000000000000e+00
6.107016795538090169e+07 1.000000145054841472e+00 0.000000000000000000e+00
6.201645119600865245e+07 1.000000153522805579e+00 0.000000000000000000e+00
6.297739711076147109e+07 1.000000162493447808e+00 0.000000000000000000e+00
6.395323289801218361e+07 1.000000171997034393e+00 0.000000000000000000e+00
6.494418927657606453e+07 1.000000182065676313e+00 0.000000000000000000e+00
6.595050054026017338e+07 1.000000192733441207e+00 0.000000000000000000e+00
6.697240461325791478e+07 1.000000204036475493e+00 0.000000000000000000e+00
6.801014310640202463e+07 1.000000216013130272e+00 0.000000000000000000e+00
6.906396137428861856e+07 1.000000228704098770e+00 0.000000000000000000e+00
7.013410857328766584e+07 1.000000242152560448e+00 0.000000000000000000e+00
7.122083772045093775e+07 1.000000256404332877e+00 0.000000000000000000e+00
7.232440575333356857e+07 1.000000271508036276e+00 0.000000000000000000e+00
7.344507359074223042e+07 1.000000287515265374e+00 0.000000000000000000e+00
7.458310619442476332e+07 1.000000304480772817e+00 0.000000000000000000e+00
7.573877263171552122e+07 1.000000322462665014e+00 0.000000000000000000e+00
7.691234613915163279e+07 1.000000341522608860e+00 0.000000000000000000e+00
7.810410418707470596e+07 1.000000361726050446e+00 0.000000000000000000e+00
7.931432854523386061e+07 1.000000383142451321e+00 0.000000000000000000e+00
8.054330534940499067e+07 1.000000405845534734e+00 0.000000000000000000e+00
8.179132516904246807e+07 1.000000429913549649e+00 0.000000000000000000e+00
8.305868307597909868e+07 1.000000455429551405e+00 0.000000000000000000e+00
8.434567871419046819e+07 1.000000482481698372e+00 0.000000000000000000e+00
8.565261637064042687e+07 1.000000511163568806e+00 0.000000000000000000e+00
8.697980504722426832e+07 1.000000541574496804e+00 0.000000000000000000e+00
8.832755853382664919e+07 1.000000573819927130e+00 0.000000000000000000e+00
8.969619548251155019e+07 1.000000608011796688e+00 0.000000000000000000e+00
9.108603948286184669e+07 1.000000644268935313e+00 0.000000000000000000e+00
9.249741913848623633e+07 1.000000682717493428e+00 0.000000000000000000e+00
9.393066814471167326e+07 1.000000723491397681e+00 0.000000000000000000e+00
9.538612536747957766e+07 1.000000766732832114e+00 0.000000000000000000e+00
9.686413492346459627e+07 1.000000812592751975e+00 0.000000000000000000e+00
9.836504626143486798e+07 1.000000861231427951e+00 0.000000000000000000e+00
9.988921424487280846e+07 1.000000912819025256e+00 0.000000000000000000e+00
1.014369992358764559e+08 1.000000967536218699e+00 0.000000000000000000e+00
1.030087671803597659e+08 1.000001025574846159e+00 0.000000000000000000e+00
1.046048896945751756e+08 1.000001087138602474e+00 0.000000000000000000e+00
1.062257441529747695e+08 1.000001152443777741e+00 0.000000000000000000e+00
1.078717137774338573e+08 1.000001221720040689e+00 0.000000000000000000e+00
1.095431877278568894e+08 1.000001295211271568e+00 0.000000000000000000e+00
1.112405611941873878e+08 1.000001373176447217e+00 0.000000000000000000e+00
1.129642354898433983e+08 1.000001455890581203e+00 0.000000000000000000e+00
1.147146181466008723e+08 1.000001543645723467e+00 0.000000000000000000e+00
1.164921230109472573e+08 1.000001636752021028e+00 0.000000000000000000e+00
1.182971703419280052e+08 1.000001735538847525e+00 0.000000000000000000e+00
1.201301869105092436e+08 1.000001840356000926e+00 0.000000000000000000e+00
1.219916061004801840e+08 1.000001951574977843e+00 0.000000000000000000e+00
1.238818680109188110e+08 1.000002069590327780e+00 0.000000000000000000e+00
1.258014195602454841e+08 1.000002194821091095e+00 0.000000000000000000e+00
1.277507145918886960e+08 1.000002327712328221e+00 0.000000000000000000e+00
1.297302139815881997e+08 1.000002468736743255e+00 0.000000000000000000e+00
1.317403857463608384e+08 1.000002618396412579e+00 0.000000000000000000e+00
1.337817051551546305e+08 1.000002777224617168e+00 0.000000000000000000e+00
1.358546548412176967e+08 1.000002945787794140e+00 0.000000000000000000e+00
1.379597249162081480e+08 1.000003124687608214e+00 0.000000000000000000e+00
1.400974130860720873e+08 1.000003314563154166e+00 0.000000000000000000e+00
1.422682247687174082e+08 1.000003516093297407e+00 0.000000000000000000e+00
1.444726732135106027e+08 1.000003729999160873e+00 0.000000000000000000e+00
1.467112796226254404e+08 1.000003957046768699e+00 0.000000000000000000e+00
1.489845732742717564e+08 1.000004198049856630e+00 0.000000000000000000e+00
1.512930916478338540e+08 1.000004453872856303e+00 0.000000000000000000e+00
1.536373805509477854e+08 1.000004725434070929e+00 0.000000000000000000e+00
1.560179942485477626e+08 1.000005013709046597e+00 0.000000000000000000e+00
1.584354955939120650e+08 1.000005319734157849e+00 0.000000000000000000e+00
1.608904561617396772e+08 1.000005644610417743e+00 0.000000000000000000e+00
1.633834563832888305e+08 1.000005989507527504e+00 0.000000000000000000e+00
1.659150856836094260e+08 1.000006355668182412e+00 0.000000000000000000e+00
1.684859426209020317e+08 1.000006744412643922e+00 0.000000000000000000e+00
1.710966350280363262e+08 1.000007157143604886e+00 0.000000000000000000e+00
1.737477801562620401e+08 1.000007595351357415e+00 0.000000000000000000e+00
1.764400048211470246e+08 1.000008060619286265e+00 0.000000000000000000e+00
1.791739455507765412e+08 1.000008554629708390e+00 0.000000000000000000e+00
1.819502487362487614e+08 1.000009079170080195e+00 0.000000000000000000e+00
1.847695707845024765e+08 1.000009636139595370e+00 0.000000000000000000e+00
1.876325782735125422e+08 1.000010227556196174e+00 0.000000000000000000e+00
1.905399481098903120e+08 1.000010855564030132e+00 0.000000000000000000e+00
1.934923676889261007e+08 1.000011522441370593e+00 0.000000000000000000e+00
1.964905350571113229e+08 1.000012230609043096e+00 0.000000000000000000e+00
1.995351590771790445e+08 1.000012982639378434e+00 0.000000000000000000e+00
2.026269595957019329e+08 1.000013781265720825e+00 0.000000000000000000e+00
2.057666676132869124e+08 1.000014629392558030e+00 0.000000000000000000e+00
2.089550254574079216e+08 1.000015530106268535e+00 0.000000000000000000e+00
2.121927869579117596e+08 1.000016486686552852e+00 0.000000000000000000e+00
2.154807176252569854e+08 1.000017502618588461e+00 0.000000000000000000e+00
2.188195948314920366e+08 1.000018581605947920e+00 0.000000000000000000e+00
2.222102079940649271e+08 1.000019727584331442e+00 0.000000000000000000e+00
2.256533587624525726e+08 1.000020944736167650e+00 0.000000000000000000e+00
2.291498612077109218e+08 1.000022237506133616e+00 0.000000000000000000e+00
2.327005420149325728e+08 1.000023610617655434e+00 0.000000000000000000e+00
2.363062406787165999e+08 1.000025069090450858e+00 0.000000000000000000e+00
2.399678097016378045e+08 1.000026618259178379e+00 0.000000000000000000e+00
2.436861147958159745e+08 1.000028263793266481e+00 0.000000000000000000e+00
2.474620350875932574e+08 1.000030011717997214e+00 0.000000000000000000e+00
2.512964633253887594e+08 1.000031868436922045e+00 7.765927447715602530e-29
2.551903060907726884e+08 1.000033840755700343e+00 2.014584255710219652e-28
2.591444840128114223e+08 1.000035935907445772e+00 5.153564284592168162e-28
2.631599319857335687e+08 1.000038161579687168e+00 1.300324390909428918e-27
2.672375993899689615e+08 1.000040525943041159e+00 3.236738744655437479e-27
2.713784503166126013e+08 1.000043037681715319e+00 7.949948092593843445e-27
2.755834637953664660e+08 1.000045706025952219e+00 1.927121327602540864e-26
2.798536340260137916e+08 1.000048540786560913e+00 4.611349057728206930e-26
2.841899706134794354e+08 1.000051552391661991e+00 1.089446322885016109e-25
2.885934988065328598e+08 1.000054751925809615e+00 2.541709964235442301e-25
2.930652597401899099e+08 1.000058151171655529e+00 5.856937418583066513e-25
2.976063106818702817e+08 1.000061762654279374e+00 1.333277243827762232e-24
3.022177252813694477e+08 1.000065599688498619e+00 2.998853455530114457e-24
3.069005938247038126e+08 1.000069676429252929e+00 6.665815474747119688e-24
3.116560234918893576e+08 1.000074007925376929e+00 1.464508038920523190e-23
3.164851386187142134e+08 1.000078610176943883e+00 3.180875229367346217e-23
3.213890809625677466e+08 1.000083500196461639e+00 6.831132527125867306e-23
3.263690099723885655e+08 1.000088696074374894e+00 1.450786951870722134e-22
3.314261030627954006e+08 1.000094217049077416e+00 3.047557751754764180e-22
3.365615558924655318e+08 1.000100083582002419e+00 6.332993351058818352e-22
3.417765826468266249e+08 1.000106317437447379e+00 1.302102647066838006e-21
3.470724163251295090e+08 1.000112941769067065e+00 2.649291595063253972e-21
3.524503090319680572e+08 1.000119981212262310e+00 5.334956097531453419e-21
3.579115322733171582e+08 1.000127461983674193e+00 1.063446522153979720e-20
3.634573772571575642e+08 1.000135411988854139e+00 2.098699901232902889e-20
3.690891551987583041e+08 1.000143860936157703e+00 4.101097359475941211e-20
3.748081976306903362e+08 1.000152840462726456e+00 7.936500946080512269e-20
3.806158567176433802e+08 1.000162384269469351e+00 1.521249967830413769e-19
3.865135055761207938e+08 1.000172528267929462e+00 2.888530455364019772e-19
3.925025385990885496e+08 1.000183310737478237e+00 5.433999764493462787e-19
3.985843717856540680e+08 1.000194772497940976e+00 1.012952612238632901e-18
4.047604430758538246e+08 1.000206957098880522e+00 1.871307639757809274e-18
4.110322126906284690e+08 1.000219911023652708e+00 3.426467862442862723e-18
4.174011634770658016e+08 1.000233683920262795e+00 6.219444788514798183e-18
4.238688012589931488e+08 1.000248328835038558e+00 1.119224758022028423e-17
4.304366551930025220e+08 1.000263902487635193e+00 1.997101903032278808e-17
4.371062781299918890e+08 1.000280465571466548e+00 3.533915196215423728e-17
4.438792469823092222e+08 1.000298083074689481e+00 6.202118088722260782e-17
4.507571630965847373e+08 1.000316824652365044e+00 1.079707970336338383e-16
4.577416526323405504e+08 1.000336764992585836e+00 1.864698327867400739e-16
4.648343669464669228e+08 1.000357984277807644e+00 3.195213208107008865e-16
4.720369829836559296e+08 1.000380568657787794e+00 5.432909050152427979e-16
4.793512036728846431e+08 1.000404610797526184e+00 9.167651651980561403e-16
4.867787583300423026e+08 1.000430210486911609e+00 1.535422992323163283e-15
4.943214030667957664e+08 1.000457475213478276e+00 2.552658645023998131e-15
5.019809212057906389e+08 1.000486520977698301e+00 4.213104268443246691e-15
5.097591237022857666e+08 1.000517473060733575e+00 6.904080833911892412e-15
5.176578495723209381e+08 1.000550466908677105e+00 1.123447020206473266e-14
5.256789663275194168e+08 1.000585649187047954e+00 1.815477257838568066e-14
5.338243704166270494e+08 1.000623178833636828e+00 2.913858176570652428e-14
5.420959876738939285e+08 1.000663228164667462e+00 4.645501846488712816e-14
5.504957737744028568e+08 1.000705984422644246e+00 7.357501555470391150e-14
5.590257146964536905e+08 1.000751651146875032e+00 1.157731678763361254e-13
5.676878271911146641e+08 1.000800449810937742e+00 1.810135518330011451e-13
5.764841592590348721e+08 1.000852621783017815e+00 2.812452908041415983e-13
5.854167906346831322e+08 1.000908430209120459e+00 4.342854152422132247e-13
5.944878332780287266e+08 1.000968162322803279e+00 6.665387093476926065e-13
6.036994318739138842e+08 1.001032131868402564e+00 1.016902814644107125e-12
6.130537643390874863e+08 1.001100681788256619e+00 1.542342039231412649e-12
6.225530423371738195e+08 1.001174187168297980e+00 2.325796709328769837e-12
6.321995118015404940e+08 1.001253058871558688e+00 3.487344476025919762e-12
6.419954534663496017e+08 1.001337746784952465e+00 5.199858738352865315e-12
6.519431834057576656e+08 1.001428743763020490e+00 7.710858170914320977e-12
6.620450535815382004e+08 1.001526590571981012e+00 1.137283697378317259e-11
6.723034523991479874e+08 1.001631880076171655e+00 1.668512751366987793e-11
6.827208052724248171e+08 1.001745262440074002e+00 2.435139109125815852e-11
6.932995751970334053e+08 1.001867451771845774e+00 3.535819015291465338e-11
7.040422633327958584e+08 1.001999231629759013e+00 5.108177079574911965e-11
7.149514095950464010e+08 1.002141461883530038e+00 7.343250891081967373e-11
7.260295932551482916e+08 1.002295086630869525e+00 1.050493660090875718e-10
7.372794335503163338e+08 1.002461141941836997e+00 1.495603328174489969e-10
7.487035903028886318e+08 1.002640764328367906e+00 2.119295996100583355e-10
7.603047645491930246e+08 1.002835202864807096e+00 2.989185977118297831e-10
7.720856991781592369e+08 1.003045828504180115e+00 4.196946860872419679e-10
7.840491795798252821e+08 1.003274140777902224e+00 5.866302769327203790e-10
7.961980343038927317e+08 1.003521788404067694e+00 8.163515371075692350e-10
8.085351357284868956e+08 1.003790580673500799e+00 1.131103364296150931e-09
8.210634007392781973e+08 1.004082492218538292e+00 1.560514988920718642e-09
8.337857914191280603e+08 1.004399697134150005e+00 2.143893752720784477e-09
8.467053157484196424e+08 1.004744567821442391e+00 2.933155262453253306e-09
8.598250283162407875e+08 1.005119705268199271e+00 3.996592070748486441e-09
8.731480310425866842e+08 1.005527952823076276e+00 5.423664532498266169e-09
8.866774739117529392e+08 1.005972427248817969e+00 7.331100980302248351e-09
9.004165557170931101e+08 1.006456521075614452e+00 9.870556891543051546e-09
9.143685248173152208e+08 1.006983953232733153e+00 1.323833435540071419e-08
9.285366799044981003e+08 1.007558783747530606e+00 1.768749861024520920e-08
9.429243707840079069e+08 1.008185432168418938e+00 2.354296982674792214e-08
9.575349991664987803e+08 1.008868731425797360e+00 3.122039853449956652e-08
9.723720194721868038e+08 1.009613944073039171e+00 4.124937676729582165e-08
9.874389396475850344e+08 1.010426797920357167e+00 5.430207563975290701e-08
1.002739321994894743e+09 1.011313543340062404e+00 7.122854684521583953e-08
1.018276784014247060e+09 1.012280972647459087e+00 9.309956764493718334e-08
1.034054999258996606e+09 1.013336465294220279e+00 1.212588862666648158e-07
1.050077698204266429e+09 1.014488061446509937e+00 1.573869242614900498e-07
1.066348669128951907e+09 1.015744482053644981e+00 2.035769615739960734e-07
1.082871759011391401e+09 1.017115184821730134e+00 2.624270063542356834e-07
1.099650874438914537e+09 1.018610458388125917e+00 3.371506777575246386e-07
1.116689982531485558e+09 1.020241444692608690e+00 4.317079105841630298e-07
1.133993111879655838e+09 1.022020202457937454e+00 5.509607161141974136e-07
1.151564353497053146e+09 1.023959827335442219e+00 7.008595411443269164e-07
1.169407861787627220e+09 1.026074475182979562e+00 8.886596832986583441e-07
1.187527855527884483e+09 1.028379447128481949e+00 1.123177059972557514e-06
1.205928618864341497e+09 1.030891328742688184e+00 1.415090801059522059e-06
1.224614502326434612e+09 1.033628020946164350e+00 1.777290401057945657e-06
1.243589923855123758e+09 1.036608830698367845e+00 2.225281235366168861e-06
1.262859369847435951e+09 1.039854670688832528e+00 2.777663747897221759e-06
1.282427396217192411e+09 1.043388061973056891e+00 3.456671316607897340e-06
1.302298629472172976e+09 1.047233260101832597e+00 4.288797672709086374e-06
1.322477767807970285e+09 1.051416502640069917e+00 5.305533695424203635e-06
1.342969582218793631e+09 1.055965997826185943e+00 6.544181491154767155e-06
1.363778917625484943e+09 1.060912080891231568e+00 8.048801408675515493e-06
1.384910694021013021e+09 1.066287523205506460e+00 9.871321467440201210e-06
1.406369907633722782e+09 1.072127514690226047e+00 1.207275188283193077e-05
1.428161632108575344e+09 1.078469814778767022e+00 1.472456930488247709e-05
1.450291019706783295e+09 1.085355213152431109e+00 1.791038774662219386e-05
1.472763302523882866e+09 1.092827399178367687e+00 2.172770604347202641e-05
1.495583793726863146e+09 1.100933232641021053e+00 2.628997530978184188e-05
1.518757888810273170e+09 1.109723260908086928e+00 3.172903002179825333e-05
1.542291066871986866e+09 1.119251529944909729e+00 3.819762475807960100e-05
1.566188891908537626e+09 1.129575997276373256e+00 4.587248588815421891e-05
1.590457014130726576e+09 1.140759065141443873e+00 5.495784287571457970e-05
1.615101171299410820e+09 1.152867404291810116e+00 6.568914276507122291e-05
1.640127190082197428e+09 1.165972443025376837e+00 7.833752252598129729e-05
1.665540987430948496e+09 1.180150958551897444e+00 9.321496913219234903e-05
1.691348571980845928e+09 1.195485017388337790e+00 1.106798489283180524e-04
1.717556045470915318e+09 1.212062328044282378e+00 1.311433786398200334e-04
1.744169604186783075e+09 1.229977153048113614e+00 1.550773561923492357e-04
1.771195540425565243e+09 1.249330241503477046e+00 1.830223634294041082e-04
1.798640243983680964e+09 1.270228913254930037e+00 2.155971356721425635e-04
1.826510203667497396e+09 1.292788887625757166e+00 2.535105875241994611e-04
1.854812008827570677e+09 1.317133195714122795e+00 2.975732925049450481e-04
1.883552350916542530e+09 1.343393399143623101e+00 3.487123680535941577e-04
1.912738025071222544e+09 1.371710672623000615e+00 4.079884874403832745e-04
1.942375931719174385e+09 1.402235624969704997e+00 4.766141092905950617e-04
1.972473078210198879e+09 1.435128559289183370e+00 5.559745827887185290e-04
2.003036580473095179e+09 1.470562218967297774e+00 6.476550773910234047e-04
2.034073664698094368e+09 1.508719795661958685e+00 7.534659184635462493e-04
2.065591669045362234e+09 1.549797330092900660e+00 8.754765630619539734e-04
2.097598045379975080e+09 1.594004944222269460e+00 1.016053169115386026e-03
2.130100361033778667e+09 1.641566254836339889e+00 1.177898745326657736e-03
2.163106300594548702e+09 1.692719866898994452e+00 1.364101664347861387e-03
2.196623667722872734e+09 1.747721724888606554e+00 1.578192536120021387e-03
2.230660386997185230e+09 1.806844145039346206e+00 1.824203176597220290e-03
2.265224505787391663e+09 1.870377523660165187e+00 2.106737829562843351e-03
2.300324196157525063e+09 1.938633693674442382e+00 2.431057730748458628e-03
2.335967756797881126e+09 2.011943822594661313e+00 2.803165360878444572e-03
2.372163614987098217e+09 2.090661119109878729e+00 3.229909359449516151e-03
2.408920328584632397e+09 2.175165212184992036e+00 3.719108439071213031e-03
2.446246588054110050e+09 2.265859366752526416e+00 4.279672427102351739e-03
2.484151218518033028e+09 2.363173163933905752e+00 4.921751696252265294e-03
2.522643181844318390e+09 2.467568378510986982e+00 5.656917076506394991e-03
2.561731578765172005e+09 2.579535652602418683e+00 6.498331994641129428e-03
2.601425651028792858e+09 2.699597658382589582e+00 7.460964962655866096e-03
2.641734783584417343e+09 2.828316363197087568e+00 8.561846912288593320e-03
2.682668506801221371e+09 2.966288826990144400e+00 9.820311624925746538e-03
2.724236498721607208e+09 3.114151138988292988e+00 1.125829523140036217e-02
2.766448587349399090e+09 3.272587390314252609e+00 1.290070101850923634e-02
2.809314752973500729e+09 3.442324384960519623e+00 1.477573050939350041e-02
2.852845130527552605e+09 3.624136532747493700e+00 1.691530135291032313e-02
2.897050011986157894e+09 3.818856924646630624e+00 1.935556033815223273e-02
2.941939848798230648e+09 4.027370704476441077e+00 2.213733311335564641e-02
2.987525254358056068e+09 4.250621161375025991e+00 2.530670213393543255e-02
3.033817006514635563e+09 4.489623344074424871e+00 2.891572257792972625e-02
3.080826050119915485e+09 4.745455086448503224e+00 3.302301807975168563e-02
3.128563499616498947e+09 5.019265786679024011e+00 3.769458385875928269e-02
3.177040641665457726e+09 5.312293544628452935e+00 4.300478598742718539e-02
3.226268937814860821e+09 5.625853395524527123e+00 4.903714463176535310e-02
3.276260027209647655e+09 5.961345863842314685e+00 5.588539959411243513e-02
3.327025729343498230e+09 6.320280525390134407e+00 6.365491598423811404e-02
3.378578046853338718e+09 6.704262808545406571e+00 7.246372901366227026e-02
3.430929168357147217e+09 7.115001672205444549e+00 8.244394373379930474e-02
3.484091471335736275e+09 7.554339660993269590e+00 9.374368385762309186e-02
3.538077525059182644e+09 8.024237228418771295e+00 1.065284553251583943e-01
3.592900093558606625e+09 8.526779040054982772e+00 1.209829551055646851e-01
3.648572138643998146e+09 9.064219977263952899e+00 1.373139323620592989e-01
3.705106822968801022e+09 9.638949578188620748e+00 1.557515889310694679e-01
3.762517513141988754e+09 1.025352267395895112e+01 1.765524919481950006e-01
3.820817782888371944e+09 1.091068891640131788e+01 2.000028686492459351e-01
3.880021416257783890e+09 1.161337464893149019e+01 2.264209376145625285e-01
3.940142410884243965e+09 1.236470102918767999e+01 2.561603279780120812e-01
4.001194981295209408e+09 1.316803525551246956e+01 2.896149429534258801e-01
4.063193562272600174e+09 1.402695357671000842e+01 3.272214614498648033e-01
4.126152812265383244e+09 1.494528292372924660e+01 3.694645122590263231e-01
4.190087616855565071e+09 1.592713545102747830e+01 4.168822529543557698e-01
4.255013092277347565e+09 1.697690177382111898e+01 4.700708572408611730e-01
4.320944588991366386e+09 1.809925999617172820e+01 5.296898090052818420e-01
4.387897695313753128e+09 1.929925581153952052e+01 5.964708486200689386e-01
4.455888241101989746e+09 2.058226593105812086e+01 6.712225352019365321e-01
4.524932301497314453e+09 2.195402424476734282e+01 7.548377563829966608e-01
4.595046200725684166e+09 2.342071981942050840e+01 8.483058006570355358e-01
4.666246515957053185e+09 2.498894479788723544e+01 9.527176051064520923e-01
4.738550081225043297e+09 2.666573696171078822e+01 1.069276132681329594e+00
4.811973991406744957e+09 2.845868560244019463e+01 1.199311743287302390e+00
4.886535606264802933e+09 3.037588322100222626e+01 1.344289440475371356e+00
4.962252554551527023e+09 3.242597247367170610e+01 1.505822181409133709e+00
5.039142738177108765e+09 3.461827677652257762e+01 1.685691444130882788e+00
5.117224336442107201e+09 3.696272431984131401e+01 1.885854826508109650e+00
5.196515810335638046e+09 3.946993972421430641e+01 2.108465845038525188e+00
5.277035906900142670e+09 4.215138346905816746e+01 2.355899851752231822e+00
5.358803663663785934e+09 4.501926417071720010e+01 2.630763439835489326e+00
5.441838413141543388e+09 4.808663608813131418e+01 2.935919100936086767e+00
5.526159787406021118e+09 5.136759006689990059e+01 3.274521100700315213e+00
5.611787722729105949e+09 5.487714970259240488e+01 3.650027018817113778e+00
5.698742464295544624e+09 5.863138089499056349e+01 4.066229065899588768e+00
5.787044570989544868e+09 6.264762954043406040e+01 4.527301808287107043e+00
5.876714920255559921e+09 6.694438341983750718e+01 5.037814506864990882e+00
5.967774713034382820e+09 7.154142576215885185e+01 5.602773790127917763e+00
6.060245478775726318e+09 7.646011969632860428e+01 6.227685847871285318e+00
6.154149080528474808e+09 8.172323530057289531e+01 6.918569991307228051e+00
6.249507720109809875e+09 8.735515508326466261e+01 7.682016201498075070e+00
6.346343943354429245e+09 9.338220951215352272e+01 8.525265278661327883e+00
6.444680645445102692e+09 9.983247578113815734e+01 9.456225225250641131e+00
6.544541076325830460e+09 1.067360151184111317e+02 1.048354409975640600e+01
6.645948846198868752e+09 1.141253006535411032e+02 1.161671702698085618e+01
6.748927931106939316e+09 1.220349696058821394e+02 1.286610414845600836e+01
6.853502678601936340e+09 1.305021169916729491e+02 1.424302542766352175e+01
6.959697813501462936e+09 1.395668203005647285e+02 1.575990044584210459e+01
7.067538443734570503e+09 1.492718385795607219e+02 1.743026805717611083e+01
7.177050066278079033e+09 1.596629774324509867e+02 1.926890976667261413e+01
7.288258573184876442e+09 1.707897326864453191e+02 2.129203193348350354e+01
7.401190257705627441e+09 1.827049248871507245e+02 2.351728674925101714e+01
7.515871820505343437e+09 1.954651529774715186e+02 2.596393256764872959e+01
7.632330375976270676e+09 2.091315848690774430e+02 2.865307095829821904e+01
7.750593458648603439e+09 2.237695129425624998e+02 3.160766826657009432e+01
7.870689029700525284e+09 2.394489173952079852e+02 3.485276353591942922e+01
7.992645483569128990e+09 2.562454393980607961e+02 3.841577660575765663e+01
8.116491654663769722e+09 2.742398393559386705e+02 4.232652894177657288e+01
8.242256824183441162e+09 2.935186982632725403e+02 4.661751325463391282e+01
8.369970727039791107e+09 3.141756134081069263e+02 5.132429258382805415e+01
8.499663558887403488e+09 3.363105398978950120e+02 5.648551898928889869e+01
8.631365983263017654e+09 3.600306630179192098e+02 6.214328250863709968e+01
8.765109138835369110e+09 3.854518703172693677e+02 6.834362761962643162e+01
8.900924646767377853e+09 4.126979492462652956e+02 7.513656701614722522e+01
9.038844618192382812e+09 4.419016725700985830e+02 8.257653269357450654e+01
9.178901661806262970e+09 4.732066119228397270e+02 9.072304320319025805e+01
9.321128891577163696e+09 5.067661601308184913e+02 9.964070895632974612e+01
9.465559934574703217e+09 5.427448677955810581e+02 1.093998108728133047e+02
9.612228938920488358e+09 5.813207192787366466e+02 1.200771715390193606e+02
9.761170581861820221e+09 6.226839037106183241e+02 1.317561375122079426e+02
9.912420077970510483e+09 6.670385095276920993e+02 1.445273336826881234e+02
1.006601318746877289e+10 7.146052783031018407e+02 1.584897708622651749e+02
1.022198622468387222e+10 7.656201518982381913e+02 1.737508171703591415e+02
1.038037606663446045e+10 8.203363737650344092e+02 1.904271676399107207e+02
1.054122016174884987e+10 8.790278834516867619e+02 2.086462675622595384e+02
1.070455653871969604e+10 9.419875444659020332e+02 2.285462540062987671e+02
1.087042381549451637e+10 1.009529764269242037e+03 2.502772043700929601e+02
1.103886120840690231e+10 1.081994665323936715e+03 2.740029579613332089e+02
1.120990854144781494e+10 1.159745956314352952e+03 2.999010253354511519e+02
1.138360625568195534e+10 1.243174201713292405e+03 3.281641955047568331e+02
1.155999541880861473e+10 1.332701960500186260e+03 3.590028680493007300e+02
1.173911773487212181e+10 1.428781159295461748e+03 3.926448963796113958e+02
1.192101555412126160e+10 1.531897181338856171e+03 4.293376560982385968e+02
1.210573188302300262e+10 1.642575237870558112e+03 4.693510390311040510e+02
1.229331039442981911e+10 1.761377151706527229e+03 5.129772126667949124e+02
1.248379543790613937e+10 1.888906421632229467e+03 5.605332621308191392e+02
1.267723205021320915e+10 2.025816179139115775e+03 6.123650488254615993e+02
1.287366596595802307e+10 2.172805233350797607e+03 6.688468501349539110e+02
1.307314362840569115e+10 2.330624377115034804e+03 7.303847430745431666e+02
1.327571220046068001e+10 2.500086201225693003e+03 7.974215251168673149e+02
1.348141957581736374e+10 2.682060245837897583e+03 8.704361946782391897e+02
1.369031439028369331e+10 2.877480943981040582e+03 9.499483143481853631e+02
1.390244603328024483e+10 3.087359686794892696e+03 1.036524261770034855e+03
1.411786465951747131e+10 3.312778985135416406e+03 1.130776539226526893e+03
1.433662120085387230e+10 3.554902408433658820e+03 1.233369370377198038e+03
1.455876737833791733e+10 3.814989456223812340e+03 1.345026646057485777e+03
1.478435571443656158e+10 4.094388359877012135e+03 1.466530945201678378e+03
1.501343954545323753e+10 4.394548525999201047e+03 1.598730707205748104e+03
1.524607303413825607e+10 4.717039031598475958e+03 1.742550387081948429e+03
1.548231118249462509e+10 5.063539711693430036e+03 1.898989075192389691e+03
1.572220984478227997e+10 5.435856914160776796e+03 2.069129759467155509e+03
1.596582574072381401e+10 5.835946256978921156e+03 2.254152183886660168e+03
1.621321646891484261e+10 6.265901781703585584e+03 2.455331015831730383e+03
1.646444052044215012e+10 6.727975392583968642e+03 2.674047568321767358e+03
1.671955729271285820e+10 7.224605380314472313e+03 2.911806294407526821e+03
1.697862710349787521e+10 7.758402951774474786e+03 3.170232247415911843e+03
1.724171120519293976e+10 8.332176856785728887e+03 3.451086203076516540e+03
1.750887179930065918e+10 8.948968426870833355e+03 3.756285467420602799e+03
1.778017205113692856e+10 9.612035230393761594e+03 4.087900578426304037e+03
1.805567610476523209e+10 1.032488159790882310e+04 4.448174475240580250e+03
1.833544909816236115e+10 1.109130234775088320e+04 4.839549043805905967e+03
1.861955717861910248e+10 1.191536274260898972e+04 5.264660752444044192e+03
1.890806751837959671e+10 1.280143689558253573e+04 5.726365216035482263e+03
1.920104833052298355e+10 1.375426168116939698e+04 6.227770706933897600e+03
1.949856888509117508e+10 1.477891219034409187e+04 6.772232427500100130e+03
1.980069952546649170e+10 1.588084975407867205e+04 7.363383807024559246e+03
2.010751168500311661e+10 1.706598902633290345e+04 8.005179074521529401e+03
2.041907790391620255e+10 1.834066813954937606e+04 8.701885898364389504e+03
2.073547184643270874e+10 1.971170841669746005e+04 9.458125058965193602e+03
2.105676831820799255e+10 2.118649801810084318e+04 1.027892458043567603e+04
2.138304328401224136e+10 2.277295463920420298e+04 1.116970975481451751e+04
2.171437388569099045e+10 2.447960087451991785e+04 1.213635398783846176e+04
2.205083846040391541e+10 2.631566830057490733e+04 1.318524745533068744e+04
2.239251655914625931e+10 2.829105139209189292e+04 1.432328398363941415e+04
2.273948896555720901e+10 3.041640194144053385e+04 1.555792579688670776e+04
2.309183771501976013e+10 3.270325840774979952e+04 1.689729042647930328e+04
2.344964611405649185e+10 3.516398907161001262e+04 1.835013357697647734e+04
2.381299876002589035e+10 3.781191075697958149e+04 1.992593176430692984e+04
2.418198156112389374e+10 4.066144983772442356e+04 2.163499239671858595e+04
2.455668175669531250e+10 4.372807179798118887e+04 2.348843130502219719e+04
2.493718793786003494e+10 4.702843049523398076e+04 2.549827814566555753e+04
2.532359006845876312e+10 5.058056764295353059e+04 2.767761516972483878e+04
2.571597950632338333e+10 5.440382678201023373e+04 3.004054860804890268e+04
2.611444902487685776e+10 5.851904082196532545e+04 3.260234296884652940e+04
2.651909283506784439e+10 6.294877976544085686e+04 3.537959618846308149e+04
2.693000660764516449e+10 6.771724472755457100e+04 3.839020273272601480e+04
2.734728749577756119e+10 7.285050292257776891e+04 4.165352420675099711e+04
2.777103415802324677e+10 7.837679644214625296e+04 4.519061096104658645e+04
2.820134678165718460e+10 8.432641179784550332e+04 4.902415471250984410e+04
2.863832710635686874e+10 9.073197451271323371e+04 5.317870526536963007e+04
2.908207844825865936e+10 9.762883386564835382e+04 5.768095063273138658e+04
2.953270572438319778e+10 1.050549012410233845e+05 6.255965567625378753e+04
2.999031547744300079e+10 1.130510203929598938e+05 6.784593784282855631e+04
3.045501590103067017e+10 1.216614472226138896e+05 7.357362127322178276e+04
3.092691686520127106e+10 1.309336492607314722e+05 7.977915741949269432e+04
3.140612994244713593e+10 1.409187720363162807e+05 8.650197634727635887e+04
3.189276843407919312e+10 1.516722346236605372e+05 9.378493232056476700e+04
3.238694739701298904e+10 1.632534836978155654e+05 1.016742031817312381e+05
3.288878367097387695e+10 1.757265789013245958e+05 1.102197363758101419e+05
3.339839590611959457e+10 1.891609352256074490e+05 1.194758113765750604e+05
3.391590459109505844e+10 2.036310183421229594e+05 1.295009103843573685e+05
3.444143208151760101e+10 2.192170806168887357e+05 1.403582851918168308e+05
3.497510262890793610e+10 2.360060868189512112e+05 1.521166668953416811e+05
3.551704241006510925e+10 2.540913363864654093e+05 1.648500998753949243e+05
3.606737955690029144e+10 2.735733889792296686e+05 1.786386620061242138e+05
3.662624418673052979e+10 2.945612183429158758e+05 1.935693594416776323e+05
3.719376843304282379e+10 3.171717462054998614e+05 2.097359154138453887e+05
3.777008647673467255e+10 3.415310052519920864e+05 2.272396842586161511e+05
3.835533457783876801e+10 3.677755759958263952e+05 2.461907780052635062e+05
3.894965110773921204e+10 3.960520110544687486e+05 2.667077977128053317e+05
3.955317658188692474e+10 4.265182983407853171e+05 2.889189942996624159e+05
4.016605369302202606e+10 4.593456546163787134e+05 3.129636893234117888e+05
4.078842734491096497e+10 4.947178094119498273e+05 3.389919302890440449e+05
4.142044468660636902e+10 5.328328461313188309e+05 3.671659644745819969e+05
4.206225514723783875e+10 5.739054377389447764e+05 3.976620276617003256e+05
4.271401047134175110e+10 6.181659628847461427e+05 4.306699075273973867e+05
4.337586475473851776e+10 6.658628251283830032e+05 4.663948160955688218e+05
4.404797448096579742e+10 7.172652330222593155e+05 5.050596358625828871e+05
4.473049855827618408e+10 7.726621094293619972e+05 5.469043677029738901e+05
4.542359835720822906e+10 8.323650090272936504e+05 5.921885059438492171e+05
4.612743774873957062e+10 8.967115903550126823e+05 6.411938686168113491e+05
4.684218314303132629e+10 9.660642675589921419e+05 6.942238985774451867e+05
4.756800352877272034e+10 1.040813863151483005e+06 7.516066622094671475e+05
4.830507051313546753e+10 1.121383960168791004e+06 8.136984260485369014e+05
4.905355836234719086e+10 1.208229215923799435e+06 8.808827585035106167e+05
4.981364404289352417e+10 1.301839982829786139e+06 9.535743501743271481e+05
5.058550726335865021e+10 1.402747720646856120e+06 1.032223499860092998e+06
5.136933051691418457e+10 1.511522900148815010e+06 1.117314971224752022e+06
5.216529912446638489e+10 1.628780833332539769e+06 1.209372846862257225e+06
5.297360127847194672e+10 1.755188420399484225e+06 1.308966165099079488e+06
5.379442808743273926e+10 1.891461573877236107e+06 1.416707489840775263e+06
5.462797362107994080e+10 2.038372526239369065e+06 1.533259039373016218e+06
5.547443495625836945e+10 2.196758260311552789e+06 1.659339781507536303e+06
5.633401222352174377e+10 2.367517313256379217e+06 1.795723622292805696e+06
5.720690865444994354e+10 2.551618995641017333e+06 1.943247187862886116e+06
5.809333062969945526e+10 2.750113919158576522e+06 2.102818747868118808e+06
5.899348772779840851e+10 2.964129990121788811e+06 2.275415892010753509e+06
5.990759277469759369e+10 3.194884053815634921e+06 2.462095418794304598e+06
6.083586189408935547e+10 3.443695012224944308e+06 2.664004531779680401e+06
6.177851455850615692e+10 3.711978899309141561e+06 2.882377939819921274e+06
6.273577364121088409e+10 4.001263539548649453e+06 3.118550381822766270e+06
6.370786546889126587e+10 4.313204852462544106e+06 3.373970638332676142e+06
6.469501987517070007e+10 4.649580809750391170e+06 3.650197923288235907e+06
6.569747025494829559e+10 5.012309852106180973e+06 3.948917714167830069e+06
6.671545361958090973e+10 5.403471358958869241e+06 4.271959444466047920e+06
6.774921065292021179e+10 5.825298048439125530e+06 4.621291869781115092e+06
6.879898576821803284e+10 6.280199152986248024e+06 4.999043099771944806e+06
6.986502716591351318e+10 6.770786038871706463e+06 5.407522868553016335e+06
7.094758689231559753e+10 7.299862752346582711e+06 5.849216674364411272e+06
7.204692089919517517e+10 7.870455315779024735e+06 6.326811230041638948e+06
7.316328910429875183e+10 8.485843570792777464e+06 6.843222309675748460e+06
7.429695545280467224e+10 9.149549486534612253e+06 7.401587398279327899e+06
7.544818797972360229e+10 9.865374062922570854e+06 8.005297913340128958e+06
7.661725887327552795e+10 1.063743719237692468e+07 8.658034245374670252e+06
7.780444453923883057e+10 1.147016319505650550e+07 9.363756542134243995e+06
7.901002566630638123e+10 1.236832703185063601e+07 1.012674527044013515e+07
8.023428729244435120e+10 1.333710432474055514e+07 1.095164539731517062e+07
8.147751887228942871e+10 1.438205321644453146e+07 1.184345463992016390e+07
8.274001434557991028e+10 1.550917297109794803e+07 1.280757511728692241e+07
8.402207220665780640e+10 1.672496622600850649e+07 1.384986861972824298e+07
8.532399557503701782e+10 1.803641627672752738e+07 1.497664166927637532e+07
8.664609226707601929e+10 1.945106115834841505e+07 1.619471109184315056e+07
8.798867486874992371e+10 2.097707128860864416e+07 1.751147328082511202e+07
8.935206080956144714e+10 2.262322166639938578e+07 1.893488575473808870e+07
9.073657243758566284e+10 2.439898467863753811e+07 2.047354968192498386e+07
9.214253709568925476e+10 2.631462730985024571e+07 2.213679697187278420e+07
9.357028719891931152e+10 2.838117651108044386e+07 2.393466701045049727e+07
9.502016031310092163e+10 3.061053646556587145e+07 2.587801133948496729e+07
9.649249923464677429e+10 3.301561025479551777e+07 2.797860311261621118e+07
9.798765207160548401e+10 3.561025590145822614e+07 3.024910707420919836e+07
9.950597232596549988e+10 3.840943490000919998e+07 3.270321262246279418e+07
1.010478189772343445e+11 4.142936379062455148e+07 3.535577074938687682e+07
1.026135565673127899e+11 4.468746050536385924e+07 3.822275715877991915e+07
1.042035552866842499e+11 4.820253089892312139e+07 4.132144002684146166e+07
1.058181910619396820e+11 5.199495765969081968e+07 4.467055135925065726e+07
1.074578456446586761e+11 5.608663422576032579e+07 4.829024118747621775e+07
1.091229067016676788e+11 6.050119980225067586e+07 5.220228968871905655e+07
1.108137679066969299e+11 6.526427647917672247e+07 5.643032301061732322e+07
1.125308290334574432e+11 7.040338545544438064e+07 6.099975437053812295e+07
1.142744960501604004e+11 7.594824373950937390e+07 6.593805272935387492e+07
1.160451812155009613e+11 8.193106070631296933e+07 7.127501365573520958e+07
