# T[K] Gamma_nTOp[1/tau_n] Gamma_pTOn[1/tau_n]
# fingerprint_hash: d1db5afd72a6651d
# fingerprint: {"QED_corrections":true,"T_end_MeV":0.0001,"T_start_cosmo_MeV":40.0,"analytic_distortions":false,"finite_mass_corrections":true,"format_version":1,"incomplete_decoupling":false,"munuOverTnu":0.0,"nevo_file":null,"nevo_file_prefix":"NEVOPRIMAT","nevo_spectral_file":null,"radiative_corrections":true,"sampling_nTOp_per_decade":80,"spectral_distortions":false,"y_SZ":0.0,"y_gray":0.0}
1.160451812155007152e+06 9.999998335891300272e-01 0.000000000000000000e+00
1.194423774848161964e+06 9.999998287204107106e-01 0.000000000000000000e+00
1.229390259017469129e+06 9.999998237103024934e-01 0.000000000000000000e+00
1.265380379052794306e+06 9.999998185547805951e-01 0.000000000000000000e+00
1.302424101661148015e+06 9.999998132496926706e-01 0.000000000000000000e+00
1.340552270818068646e+06 9.999998077907501504e-01 0.000000000000000000e+00
1.379796633449450601e+06 9.999998021735236886e-01 0.000000000000000000e+00
1.420189865865226369e+06 9.999997963934348366e-01 0.000000000000000000e+00
1.461765600966865197e+06 9.999997904457493814e-01 0.000000000000000000e+00
1.504558456251363736e+06 9.999997843255706842e-01 0.000000000000000000e+00
1.548604062635073205e+06 9.999997780278321313e-01 0.000000000000000000e+00
1.593939094121308997e+06 9.999997715472920268e-01 0.000000000000000000e+00
1.640601298336490057e+06 9.999997648785251547e-01 0.000000000000000000e+00
1.688629527960198000e+06 9.999997580159185606e-01 0.000000000000000000e+00
1.738063773075376172e+06 9.999997509536655560e-01 0.000000000000000000e+00
1.788945194465545705e+06 9.999997436857606115e-01 0.000000000000000000e+00
1.841316157886786154e+06 9.999997362059943606e-01 0.000000000000000000e+00
1.895220269343055319e+06 9.999997285079503806e-01 0.000000000000000000e+00
1.950702411394152790e+06 9.999997205850016391e-01 0.000000000000000000e+00
2.007808780526589602e+06 9.999997124303076079e-01 0.000000000000000000e+00
2.066586925618517678e+06 9.999997040368123757e-01 0.000000000000000000e+00
2.127085787530675530e+06 9.999996953972417613e-01 0.000000000000000000e+00
2.189355739856346976e+06 9.999996865041046457e-01 0.000000000000000000e+00
2.253448630864310078e+06 9.999996773496889757e-01 0.000000000000000000e+00
2.319417826669610105e+06 9.999996679260630961e-01 0.000000000000000000e+00
2.387318255668149795e+06 9.999996582250751942e-01 0.000000000000000000e+00
2.457206454272137024e+06 9.999996482383526342e-01 0.000000000000000000e+00
2.529140613984378055e+06 9.999996379573012906e-01 0.000000000000000000e+00
2.603180629850666504e+06 9.999996273731052154e-01 0.000000000000000000e+00
2.679388150330644567e+06 9.999996164767249729e-01 0.000000000000000000e+00
2.757826628628573846e+06 9.999996052588961959e-01 0.000000000000000000e+00
2.838561375526837073e+06 9.999995937101274768e-01 0.000000000000000000e+00
2.921659613766088616e+06 9.999995818206948162e-01 0.000000000000000000e+00
3.007190534017433412e+06 9.999995695806398466e-01 0.000000000000000000e+00
3.095225352493126877e+06 9.999995569797609507e-01 0.000000000000000000e+00
3.185837370243811514e+06 9.999995440076078212e-01 0.000000000000000000e+00
3.279102034191722516e+06 9.999995306534716910e-01 0.000000000000000000e+00
3.375096999950573780e+06 9.999995169063755629e-01 0.000000000000000000e+00
3.473902196484477259e+06 9.999995027550615534e-01 0.000000000000000000e+00
3.575599892659796868e+06 9.999994881879780140e-01 0.000000000000000000e+00
3.680274765745237935e+06 9.999994731932645431e-01 0.000000000000000000e+00
3.788013971917252522e+06 9.999994577587354438e-01 0.000000000000000000e+00
3.898907218829544261e+06 9.999994418718632927e-01 0.000000000000000000e+00
4.013046840306964237e+06 9.999994255197592885e-01 0.000000000000000000e+00
4.130527873226046562e+06 9.999994086891551559e-01 0.000000000000000000e+00
4.251448136646280065e+06 9.999993913663842715e-01 0.000000000000000000e+00
4.375908313257860020e+06 9.999993735373595705e-01 0.000000000000000000e+00
4.504012033213795163e+06 9.999993551875562270e-01 0.000000000000000000e+00
4.635865960416263901e+06 9.999993363019900050e-01 0.000000000000000000e+00
4.771579881328906864e+06 9.999993168651991615e-01 0.000000000000000000e+00
4.911266796389074065e+06 9.999992968612254618e-01 0.000000000000000000e+00
5.055043014096228406e+06 9.999992762735963048e-01 0.000000000000000000e+00
5.203028247854683548e+06 9.999992550853060713e-01 0.000000000000000000e+00
5.355345715651390143e+06 9.999992332788031346e-01 0.000000000000000000e+00
5.512122242651852779e+06 9.999992108359708753e-01 0.000000000000000000e+00
5.673488366799422540e+06 9.999991877381163574e-01 0.000000000000000000e+00
5.839578447506044991e+06 9.999991639659547848e-01 0.000000000000000000e+00
6.010530777524835430e+06 9.999991394995980665e-01 0.000000000000000000e+00
6.186487698097817600e+06 9.999991143185421594e-01 0.000000000000000000e+00
6.367595717474482954e+06 9.999990884016561887e-01 0.000000000000000000e+00
6.554005632899941877e+06 9.999990617271709015e-01 0.000000000000000000e+00
6.745872656174374744e+06 9.999990342726684522e-01 0.000000000000000000e+00
6.943356542888090014e+06 9.999990060150711901e-01 0.000000000000000000e+00
7.146621725439900532e+06 9.999989769306305565e-01 0.000000000000000000e+00
7.355837449949711561e+06 9.999989469949153165e-01 0.000000000000000000e+00
7.571177917179075070e+06 9.999989161827991246e-01 0.000000000000000000e+00
7.792822427577140741e+06 9.999988844684470912e-01 0.000000000000000000e+00
8.020955530572948977e+06 9.999988518253006831e-01 0.000000000000000000e+00
8.255767178238056600e+06 9.999988182260609593e-01 0.000000000000000000e+00
8.497452883447702974e+06 9.999987836426704746e-01 0.000000000000000000e+00
8.746213882672000676e+06 9.999987480462931844e-01 0.000000000000000000e+00
9.002257303532974795e+06 9.999987114072919070e-01 0.000000000000000000e+00
9.265796337266651914e+06 9.999986736952041211e-01 0.000000000000000000e+00
9.537050416233910248e+06 9.999986348787140988e-01 0.000000000000000000e+00
9.816245396628113464e+06 9.999985949256269269e-01 0.000000000000000000e+00
1.010361374653128162e+07 9.999985538028354215e-01 0.000000000000000000e+00
1.039939473947557062e+07 9.999985114762894867e-01 0.000000000000000000e+00
1.070383465367138945e+07 9.999984679109639174e-01 0.000000000000000000e+00
1.101718697706771642e+07 9.999984230708222066e-01 0.000000000000000000e+00
1.133971261841546744e+07 9.999983769187826832e-01 0.000000000000000000e+00
1.167168012450993806e+07 9.999983294166846504e-01 0.000000000000000000e+00
1.201336590379273519e+07 9.999982805252513041e-01 0.000000000000000000e+00
1.236505445649960823e+07 9.999982302040572035e-01 0.000000000000000000e+00
1.272703861154604144e+07 9.999981784114928551e-01 0.000000000000000000e+00
1.309961977034736983e+07 9.999981251047317388e-01 0.000000000000000000e+00
1.348310815777668729e+07 9.999980702396970011e-01 0.000000000000000000e+00
1.387782308046972565e+07 9.999980137710313688e-01 0.000000000000000000e+00
1.428409319269130938e+07 9.999979556520619539e-01 0.000000000000000000e+00
1.470225676998497546e+07 9.999978958347728319e-01 0.000000000000000000e+00
1.513266199083390087e+07 9.999978342697699585e-01 0.000000000000000000e+00
1.557566722656711750e+07 9.999977709062530806e-01 0.000000000000000000e+00
1.603164133975265734e+07 9.999977056919817642e-01 0.000000000000000000e+00
1.650096399132637493e+07 9.999976385732434192e-01 0.000000000000000000e+00
1.698402595671162382e+07 9.999975694948204374e-01 0.000000000000000000e+00
1.748122945119322836e+07 9.999974983999549982e-01 0.000000000000000000e+00
1.799298846481704339e+07 9.999974252303159838e-01 0.000000000000000000e+00
1.851972910709329695e+07 9.999973499259611209e-01 0.000000000000000000e+00
1.906188996179104224e+07 9.999972724253016754e-01 0.000000000000000000e+00
1.961992245211946219e+07 9.999971926650667031e-01 0.000000000000000000e+00
2.019429121659941226e+07 9.999971105802650806e-01 0.000000000000000000e+00
2.078547449593874440e+07 9.999970261041494224e-01 0.000000000000000000e+00
2.139396453123306111e+07 9.999969391681819975e-01 0.000000000000000000e+00
2.202026797382412851e+07 9.999968497019993130e-01 0.000000000000000000e+00
2.266490630715640634e+07 9.999967576333792518e-01 0.000000000000000000e+00
2.332841628098354116e+07 9.999966628882117625e-01 0.000000000000000000e+00
2.401135035828592256e+07 9.999965653904692164e-01 0.000000000000000000e+00
2.471427717527209967e+07 9.999964650621824269e-01 0.000000000000000000e+00
2.543778201484620571e+07 9.999963618234180007e-01 0.000000000000000000e+00
2.618246729393604398e+07 9.999962555922609075e-01 0.000000000000000000e+00
2.694895306508802250e+07 9.999961462848010463e-01 0.000000000000000000e+00
2.773787753274573386e+07 9.999960338151244743e-01 0.000000000000000000e+00
2.854989758464243636e+07 9.999959180953107429e-01 0.000000000000000000e+00
2.938568933875045553e+07 9.999957990354385595e-01 0.000000000000000000e+00
3.024594870624187589e+07 9.999956765435954464e-01 0.000000000000000000e+00
3.113139197092977539e+07 9.999955505259008337e-01 0.000000000000000000e+00
3.204275638567303866e+07 9.999954208865352578e-01 0.000000000000000000e+00
3.298080078624019027e+07 9.999952875277846598e-01 0.000000000000000000e+00
3.394630622314398736e+07 9.999951503500944527e-01 0.000000000000000000e+00
3.494007661197337508e+07 9.999950092521422418e-01 0.000000000000000000e+00
3.596293940276323259e+07 9.999948641309264197e-01 0.000000000000000000e+00
3.701574626895964146e+07 9.999947148818741915e-01 0.000000000000000000e+00
3.809937381655522436e+07 9.999945613989724702e-01 0.000000000000000000e+00
3.921472431398352981e+07 9.999944035749249727e-01 0.000000000000000000e+00
4.036272644338091463e+07 9.999942413013381826e-01 0.000000000000000000e+00
4.154433607384214550e+07 9.999940744689389538e-01 0.000000000000000000e+00
4.276053705731222034e+07 9.999939029678299729e-01 0.000000000000000000e+00
4.401234204777763784e+07 9.999937266877885200e-01 0.000000000000000000e+00
4.530079334444013983e+07 9.999935455186097499e-01 0.000000000000000000e+00
4.662696375957339257e+07 9.999933593505067053e-01 0.000000000000000000e+00
4.799195751178593934e+07 9.999931680745673956e-01 0.000000000000000000e+00
4.939691114543503523e+07 9.999929715832843735e-01 0.000000000000000000e+00
5.084299447695536911e+07 9.999927697711562535e-01 0.000000000000000000e+00
5.233141156889118254e+07 9.999925625353794922e-01 0.000000000000000000e+00
5.386340173244398832e+07 9.999923497766368685e-01 0.000000000000000000e+00
5.544024055936867744e+07 9.999921313999945438e-01 0.000000000000000000e+00
5.706324098407810181e+07 9.999919073159256877e-01 0.000000000000000000e+00
5.873375437684158981e+07 9.999916774414709941e-01 0.000000000000000000e+00
6.045317166898543388e+07 9.999914417015571821e-01 0.000000000000000000e+00
6.222292451103405654e+07 9.999912000304933546e-01 0.000000000000000000e+00
6.404448646475479007e+07 9.999909523736626449e-01 0.000000000000000000e+00
6.591937423010069132e+07 9.999906986894416816e-01 0.000000000000000000e+00
6.784914890807065368e+07 9.999904389513680769e-01 0.000000000000000000e+00
6.983541730054014921e+07 9.999901731505914659e-01 0.000000000000000000e+00
7.187983324814344943e+07 9.999899012986444014e-01 0.000000000000000000e+00
7.398409900732341409e+07 9.999896234305656328e-01 0.000000000000000000e+00
7.614996666769285500e+07 9.999893396084305053e-01 0.000000000000000000e+00
7.837923961088877916e+07 9.999890499253277776e-01 0.000000000000000000e+00
8.067377401213566959e+07 9.999887545098476993e-01 0.000000000000000000e+00
8.303548038576523960e+07 9.999884535311355238e-01 0.000000000000000000e+00
8.546632517598097026e+07 9.999881472045887287e-01 0.000000000000000000e+00
8.796833239419335127e+07 9.999878357982717736e-01 0.000000000000000000e+00
9.054358530428627133e+07 9.999875196401385447e-01 0.000000000000000000e+00
9.319422815721915662e+07 9.999871991261647386e-01 0.000000000000000000e+00
9.592246797641080618e+07 9.999868747294946569e-01 0.000000000000000000e+00
9.873057639538833499e+07 9.999865470107390797e-01 0.000000000000000000e+00
1.016208915492325127e+08 9.999862166295552246e-01 0.000000000000000000e+00
1.045958200213979483e+08 9.999858843576713285e-01 0.000000000000000000e+00
1.076578388475208879e+08 9.999855510935352632e-01 0.000000000000000000e+00
1.108094975778920650e+08 9.999852178787828061e-01 0.000000000000000000e+00
1.140534204003080726e+08 9.999848859167511650e-01 0.000000000000000000e+00
1.173923083250646591e+08 9.999845565932917735e-01 0.000000000000000000e+00
1.208289414339191765e+08 9.999842315001594706e-01 0.000000000000000000e+00
1.243661811948912442e+08 9.999839124612991403e-01 0.000000000000000000e+00
1.280069728448240012e+08 9.999836015623841945e-01 0.000000000000000000e+00
1.317543478416987956e+08 9.999833011840061348e-01 0.000000000000000000e+00
1.356114263887411058e+08 9.999830140389626143e-01 0.000000000000000000e+00
1.395814200324140787e+08 9.999827432141498162e-01 0.000000000000000000e+00
1.436676343364725709e+08 9.999824922176198116e-01 0.000000000000000000e+00
1.478734716342998445e+08 9.999822650314437178e-01 0.000000000000000000e+00
1.522024338618128896e+08 9.999820661710844272e-01 0.000000000000000000e+00
1.566581254733055234e+08 9.999819007520845959e-01 0.000000000000000000e+00
1.612442564426526427e+08 9.999817745649643985e-01 0.000000000000000000e+00
1.659646453523680866e+08 9.999816941593365760e-01 0.000000000000000000e+00
1.708232225730995834e+08 9.999816669383678747e-01 0.000000000000000000e+00
1.758240335362032056e+08 9.999817012648595238e-01 0.000000000000000000e+00
1.809712421021151841e+08 9.999818065803677269e-01 0.000000000000000000e+00
1.862691340273382664e+08 9.999819935389653303e-01 0.000000000000000000e+00
1.917221205329236984e+08 9.999822741574402318e-01 0.000000000000000000e+00
1.973347419774128497e+08 9.999826619839446984e-01 0.000000000000000000e+00
2.031116716373098791e+08 9.999831722873634421e-01 0.000000000000000000e+00
2.090577195982275307e+08 9.999838222699201085e-01 0.000000000000000000e+00
2.151778367599376738e+08 9.999846313059168601e-01 0.000000000000000000e+00
2.214771189586761594e+08 9.999856212097615327e-01 0.000000000000000000e+00
2.279608112101274729e+08 9.999868165369119044e-01 0.000000000000000000e+00
2.346343120766140223e+08 9.999882449217678548e-01 0.000000000000000000e+00
2.415031781621412933e+08 9.999899374570613286e-01 0.000000000000000000e+00
2.485731287390354574e+08 9.999919291198597904e-01 0.000000000000000000e+00
2.558500505100153685e+08 9.999942592499457827e-01 2.392226622091614788e-28
2.633400025096821785e+08 9.999969720870980350e-01 1.372407911653797490e-27
2.710492211494992375e+08 1.000000117374641118e+00 7.506576590761830772e-27
2.789841254104528427e+08 1.000003751037615185e+00 3.919771747865130727e-26
2.871513221877367496e+08 1.000007935945222082e+00 1.956614792261139271e-25
2.955576117919012904e+08 1.000012742768512597e+00 9.348131597213469918e-25
3.042099936110370755e+08 1.000018250945823750e+00 4.280087323201001421e-24
3.131156719387277365e+08 1.000024549771333815e+00 1.880211904669454242e-23
3.222820619726160765e+08 1.000031739624144711e+00 7.933968142840070559e-23
3.317167959885642529e+08 1.000039933357277588e+00 3.219528490648290070e-22
3.414277296955730319e+08 1.000049257874704445e+00 1.257728681836805050e-21
3.514229487767407298e+08 1.000059855926308527e+00 4.735171800600392480e-21
3.617107756216938496e+08 1.000071888150406263e+00 1.719834853554674888e-20
3.722997762561208606e+08 1.000085535425213612e+00 6.032197848018094564e-20
3.831987674741675258e+08 1.000101001583664440e+00 2.045153057237752582e-19
3.944168241796168089e+08 1.000118516528170964e+00 6.708870229601326436e-19
4.059632869419945478e+08 1.000138339902105100e+00 2.131312836946743581e-18
4.178477697738785744e+08 1.000160765406582719e+00 6.563110558821471595e-18
4.300801681358719468e+08 1.000186125790544223e+00 1.960727408673268274e-17
4.426706671759345531e+08 1.000214798910766811e+00 5.687750415147242171e-17
4.556297502099201679e+08 1.000247214993870148e+00 1.603399583846933708e-16
4.689682074503630400e+08 1.000283865015463958e+00 4.396166699665955276e-16
4.826971449908131361e+08 1.000325311244104398e+00 1.173229758135969189e-15
4.968279940531876683e+08 1.000372200010669621e+00 3.050049275881206603e-15
5.113725205058177710e+08 1.000425276195678670e+00 7.729934591990907948e-15
5.263428346601520181e+08 1.000485402347111474e+00 1.911234616518068360e-14
5.417514013542568684e+08 1.000553581130732228e+00 4.613593148043605073e-14
5.576110503314876556e+08 1.000630981258053609e+00 1.088083185869403498e-13
5.739349869230254889e+08 1.000718972482371738e+00 2.508926944543530706e-13
5.907368030431095362e+08 1.000819163100488796e+00 5.659983650632923393e-13
6.080304885061746836e+08 1.000933449597718461e+00 1.250074536824161671e-12
6.258304426752967834e+08 1.001064074801095938e+00 2.704807804663964589e-12
6.441514864516215324e+08 1.001213694778527730e+00 5.737130729115582031e-12
6.630088746148020029e+08 1.001385466671540270e+00 1.193667393767047768e-11
6.824183085247018337e+08 1.001583142824145067e+00 2.437616683533673056e-11
7.023959491949106455e+08 1.001811191741609042e+00 4.888733203063238812e-11
7.229584307490235567e+08 1.002074941934893770e+00 9.634385333094001708e-11
7.441228742708098888e+08 1.002380734243500271e+00 1.866740458187896300e-10
7.659069020598695278e+08 1.002736129992495950e+00 3.557980552448258386e-10
7.883286523046215773e+08 1.003150137001103337e+00 6.674217012410877094e-10
8.114067941848138571e+08 1.003633467600422602e+00 1.232762034106836905e-09
8.351605434161820412e+08 1.004198852069406733e+00 2.243023875700749747e-09
8.596096782501769066e+08 1.004861404231295774e+00 4.022045063262888889e-09
8.847745559420487881e+08 1.005639033889081269e+00 7.110320845520549154e-09
9.106761297010622025e+08 1.006552932938643563e+00 1.239710893880989993e-08
9.373359661369252205e+08 1.007628126663657309e+00 2.132500145018384785e-08
9.647762632169255018e+08 1.008894100945398220e+00 3.620198233333595589e-08
9.930198687487908602e+08 1.010385548230650077e+00 6.067062978434456026e-08
1.022090299404632449e+09 1.012143217520791838e+00 1.004033527075640579e-07
1.052011760301773071e+09 1.014214788367114428e+00 1.641162535584760098e-07
1.082809165156836033e+09 1.016656081734945705e+00 2.650307457669315701e-07
1.114508157029842138e+09 1.019532159673241622e+00 4.229434540929764077e-07
1.147135129675544500e+09 1.022918790819700829e+00 6.671253422692717306e-07
1.180717249519859791e+09 1.026904028381087519e+00 1.040322655032031540e-06
1.215282478279654264e+09 1.031589982836165431e+00 1.604206839967546847e-06
1.250859596244677782e+09 1.037094824872307086e+00 2.446705801996552882e-06
1.287478226241111994e+09 1.043555054700663787e+00 3.691751170946618256e-06
1.325168858296648741e+09 1.051128069951121846e+00 5.512098841505141283e-06
1.363962875027585745e+09 1.059995083042841069e+00 8.146032226304085068e-06
1.403892577769169807e+09 1.070364295915127384e+00 1.191892261075114204e-05
1.444991213470902681e+09 1.082474518467495095e+00 1.727086879508695438e-05
1.487293002379149437e+09 1.096599291695057765e+00 2.479195236960366798e-05
1.530833166530198097e+09 1.113051553491262613e+00 3.526707572070624831e-05
1.575647959077452183e+09 1.132188661908612115e+00 4.973273907769017269e-05
1.621774694477110863e+09 1.154418145792013295e+00 6.954902351963501857e-05
1.669251779557586193e+09 1.180204296488302607e+00 9.649098989399518961e-05
1.718118745498470783e+09 1.210075608941731273e+00 1.328649597920857409e-04
1.768416280745623112e+09 1.244632753047397067e+00 1.816565639480784589e-04
1.820186264889892578e+09 1.284557747642138148e+00 2.467201376882711267e-04
1.873471803537642002e+09 1.330624570671017137e+00 3.330218215578248852e-04
1.928317264202027798e+09 1.383711121413485401e+00 4.469520799640687588e-04
1.984768313245055676e+09 1.444811996694444822e+00 5.967271138762379962e-04
2.042871953901109934e+09 1.515053297554669998e+00 7.929056338373160736e-04
2.102676565413540125e+09 1.595709880561382965e+00 1.049053989519191940e-03
2.164231943317032814e+09 1.688224836186896560e+00 1.382600140404104463e-03
2.227589340899246693e+09 1.794228889030756724e+00 1.815922254394761312e-03
2.292801511876145363e+09 1.915567463668525150e+00 2.377745801212819299e-03
2.359922754316719055e+09 2.054327233683540754e+00 3.104912647318837458e-03
2.429008955853600979e+09 2.212865961591822028e+00 4.044617318544306735e-03
2.500117640217119217e+09 2.393850173998255837e+00 5.257233749713189144e-03
2.573308015131715775e+09 2.600294064272728356e+00 6.819850955284941126e-03
2.648641021614521503e+09 2.835601184031658395e+00 8.830671822257609230e-03
2.726179384717043400e+09 3.103627912589075333e+00 1.141454987229130989e-02
2.805987665752393723e+09 3.408726272450164352e+00 1.472971184453573425e-02
2.888132316051467896e+09 3.755820848499090037e+00 1.897616525071786978e-02
2.972681732292714119e+09 4.150483806174126933e+00 2.440597251802028439e-02
3.059706313451775551e+09 4.599012066661516407e+00 3.133573380128606284e-02
3.149278519418322563e+09 5.108540317209269155e+00 4.016201384113998740e-02
3.241472931328767300e+09 5.687136390368130456e+00 5.137978722027652934e-02
3.336366313665314674e+09 6.343934469306252488e+00 6.560498966212405247e-02
3.434037678172955513e+09 7.089281616335719072e+00 8.360174283586287169e-02
3.534568349647494316e+09 7.934890693596928557e+00 1.063149159248138326e-01
3.638042033649620056e+09 8.894036473447965108e+00 1.349095973663388959e-01
3.744544886201307297e+09 9.981761954443756579e+00 1.708181538696583734e-01
3.854165585522418976e+09 1.121512724522876425e+01 2.157968517664940189e-01
3.966995405867522717e+09 1.261347248524224263e+01 2.719929765841370695e-01
4.083128293524262428e+09 1.419872637839384133e+01 3.420249411981077792e-01
4.202660945036424160e+09 1.599577708900815587e+01 4.290783211750301973e-01
4.325692887717103958e+09 1.803287438446779944e+01 5.370194427069231446e-01
4.452326562518890381e+09 2.034209300905111562e+01 6.705303477338433460e-01
4.582667409329891205e+09 2.295984181476176289e+01 8.352677452455510299e-01
4.716823954766941071e+09 2.592749161099517963e+01 1.038053451250371406e+00
4.854907902538939476e+09 2.929206923027094689e+01 1.287098976369710712e+00
4.997034226455383301e+09 3.310700323829448877e+01 1.592267780157250900e+00
5.143321266157875061e+09 3.743300227722383511e+01 1.965385518897631689e+00
5.293890825654153824e+09 4.233918039266414723e+01 2.420615533858870183e+00
5.448868274736477852e+09 4.790416407491196793e+01 2.974889086993523613e+00
5.608382653369332314e+09 5.421735353349727404e+01 3.648408970891200642e+00
5.772566779132723808e+09 6.138053831315900766e+01 4.465257133284424640e+00
5.941557357811084747e+09 6.950964679959136561e+01 5.454102020533616368e+00
6.115495097219647408e+09 7.873665295506850725e+01 6.649018474973442672e+00
6.294524824362837791e+09 8.921200102973149626e+01 8.090477459431332008e+00
6.478795606022672653e+09 1.011069698476882479e+02 9.826458420609302635e+00
6.668460872877367020e+09 1.146168115914498742e+02 1.191380430449822825e+01
6.863678547253212929e+09 1.299643550699319974e+02 1.441981933014282014e+01
7.064611174616772652e+09 1.474034026381115723e+02 1.742403212298211912e+01
7.271426058916065216e+09 1.672236248468123563e+02 2.102040454818321891e+01
7.484295401884109497e+09 1.897553855686289808e+02 2.531979930864618922e+01
7.703396446420556068e+09 2.153760384183597978e+02 3.045299519823376500e+01
7.928911624170516014e+09 2.445160548421231965e+02 3.657402082667359622e+01
8.161028707423984528e+09 2.776668826118160496e+02 4.386419070715648871e+01
8.399940965462114334e+09 3.153898725062060748e+02 5.253681298979008574e+01
8.645847325480176926e+09 3.583266020683113311e+02 6.284271368178097816e+01
8.898952538221807480e+09 4.072097561430576320e+02 7.507647073589362208e+01
9.159467348462171555e+09 4.628765751868652387e+02 8.958388626543364808e+01
9.427608670481653214e+09 5.262841411512138166e+02 1.067706789957447029e+02
9.703599768676830292e+09 5.985275098261536186e+02 1.271127831428778023e+02
9.987670443458787918e+09 6.808579698334245904e+02 1.511676912965377539e+02
1.028005722259323120e+10 7.747069531403225255e+02 1.795884120154717891e+02
1.058100355814237022e+10 8.817120709553111055e+02 2.131393758060408743e+02
1.089076002917226219e+10 1.003748146207585023e+03 2.527152913422179950e+02
1.120958455039395523e+10 1.142960157003834638e+03 2.993623025891055818e+02
1.153774258691297150e+10 1.301802428903422197e+03 3.543029560668258569e+02
1.187550737526551247e+10 1.483086546773181453e+03 4.189661971236558315e+02
1.222316015092505455e+10 1.690032045060328073e+03 4.950209102802065217e+02
1.258099038246954536e+10 1.926326701047319375e+03 5.844155543204466312e+02
1.294929601260383224e+10 2.196192226360328732e+03 6.894229641677305835e+02
1.332838370623748016e+10 2.504468063756603442e+03 8.126953439995395456e+02
1.371856910582547760e+10 2.856701367216064682e+03 9.573260404499760625e+02
1.412017709418402481e+10 3.259247173271228803e+03 1.126919987064610041e+03
1.453354206499964905e+10 3.719388622254579332e+03 1.325677335881856834e+03
1.495900820125794411e+10 4.245478185232866053e+03 1.558491861351946000e+03
1.539692976182325935e+10 4.847094746658792246e+03 1.831063214698040838e+03
1.584767137640738297e+10 5.535222266691356708e+03 2.150026343573687882e+03
1.631160834917393303e+10 6.322451538160978998e+03 2.523099954529555362e+03
1.678912697123069191e+10 7.223233797754488478e+03 2.959268026980817012e+03
1.728062484226951218e+10 8.254151195930191534e+03 3.468981571127033476e+03
1.778651120162273026e+10 9.434224584847437654e+03 4.064390872255129125e+03
1.830720726901121521e+10 1.078527491539893163e+04 4.759617873474371663e+03
1.884314659526707458e+10 1.233235533786268752e+04 5.571079733907628906e+03
1.939477542332435226e+10 1.410422695459528950e+04 6.517854343227831123e+03
1.996255305977766800e+10 1.613390214963730432e+04 7.622101802543194026e+03
2.054695225731742096e+10 1.845926148797710630e+04 8.909548457437937032e+03
2.114845960836142349e+10 2.112382320999828153e+04 1.041007713240506564e+04
2.176757595021003342e+10 2.417756707684628054e+04 1.215838129175262657e+04
2.240481678206132889e+10 2.767787780028338238e+04 1.419471976206626277e+04
2.306071269423508835e+10 3.169063772716301173e+04 1.656579376743165267e+04
2.373580980996222305e+10 3.629155638728602207e+04 1.932580021496779955e+04
2.443067024010665131e+10 4.156761651559083111e+04 2.253760838629552381e+04
2.514587255119990158e+10 4.761872904555852438e+04 2.627411639109607495e+04
2.588201224717733383e+10 5.455962628691759164e+04 3.061981401843337881e+04
2.663970226521618652e+10 6.252221220571038430e+04 3.567268462796723907e+04
2.741957348609004974e+10 7.165806836315084365e+04 4.154629923499731376e+04
2.822227525946390915e+10 8.214135823243604682e+04 4.837224868263737881e+04
2.904847594456607819e+10 9.417213300302709104e+04 5.630293531326339871e+04
2.989886346668915558e+10 1.079804548685167683e+05 6.551498127731832210e+04
3.077414588998248291e+10 1.238307636930952285e+05 7.621295885610418918e+04
3.167505200701185226e+10 1.420269550665734860e+05 8.863373083883173240e+04
3.260233194557954788e+10 1.629182192701864406e+05 1.030514639447422378e+05
3.355675779330894470e+10 1.869061422937127354e+05 1.197836450732313097e+05
3.453912424051246643e+10 2.144524523105210683e+05 1.391977906580076378e+05
3.555024924188056183e+10 2.460878692837069684e+05 1.617191593635258614e+05
3.659097469754152679e+10 2.824222205216710572e+05 1.878396206302612263e+05
3.766216715405784607e+10 3.241570917938991915e+05 2.181284974987460300e+05
3.876471852594541931e+10 3.720991308305027778e+05 2.532443532086570631e+05
3.989954683831505585e+10 4.271756509391189902e+05 2.939487746338699362e+05
4.106759699125330353e+10 4.904522965576679562e+05 3.411221149554806179e+05
4.226984154658164978e+10 5.631551651309274603e+05 3.957827452833610587e+05
4.350728153764791870e+10 6.466940471966810292e+05 4.591079576030961471e+05
4.478094730282357025e+10 7.426896682285732822e+05 5.324583901278892299e+05
4.609189934340027618e+10 8.530048330540442839e+05 6.174060981480036862e+05
4.744122920660477448e+10 9.797824871539212763e+05 7.157682909185693134e+05
4.883006039446046448e+10 1.125486974651101045e+06 8.296447343950585928e+05
5.025954929925559235e+10 1.292951288170150248e+06 9.614607716296428116e+05
5.173088616640065765e+10 1.485431077830257360e+06 1.114016743476777570e+06
5.324529608546969604e+10 1.706672271683741827e+06 1.290548292434926610e+06
5.480404001025389099e+10 1.960981723213808378e+06 1.494791603517909767e+06
5.640841580868099213e+10 2.253310465340575203e+06 1.731059836250194581e+06
5.805975934346701050e+10 2.589347499655711465e+06 2.004330078802000731e+06
5.975944558440348053e+10 2.975638174398037139e+06 2.320349849004400428e+06
6.150888975321111298e+10 3.419706785013255663e+06 2.685751731940885074e+06
6.330954850190441132e+10 3.930201694227647036e+06 3.108187981718113646e+06
6.516292112565255737e+10 4.517060014947568066e+06 3.596484346269645728e+06
6.707055081115112305e+10 5.191710471363305114e+06 4.160825193942836020e+06
6.903402592153503418e+10 5.967290485203498974e+06 4.812957185830432922e+06
7.105498131890678406e+10 6.858896148146828637e+06 5.566424150558582507e+06
7.313509972558656311e+10 7.883868314459130168e+06 6.436836911179221235e+06
7.527611312520755005e+10 9.062147868882587180e+06 7.442199010343409143e+06
7.747980420482772827e+10 1.041664911294643395e+07 8.603261427857369184e+06
7.974800783926487732e+10 1.197369624534946866e+07 9.943935212009914219e+06
8.208261261887913513e+10 1.376351423441533372e+07 1.149176050596637651e+07
8.448556242208299255e+10 1.582085542531813122e+07 1.327848069362662360e+07
8.695885803388700867e+10 1.818563408338868245e+07 1.534065504247361608e+07
8.950455881182862854e+10 2.090368746131651103e+07 1.772038145471802354e+07
9.212478440066746521e+10 2.402762917570421472e+07 2.046611650214856118e+07
9.482171649728099060e+10 2.761791719839954004e+07 2.363366441365833953e+07
9.759760066722744751e+10 3.174396718453522772e+07 2.728725273056509346e+07
1.004547482144845123e+11 3.648545165344471484e+07 3.150078019218638539e+07
1.033955381059277954e+11 4.193377858038440347e+07 3.635924436040427536e+07
1.064224189521479797e+11 4.819392302100989223e+07 4.196044773038303107e+07
1.095379110462522736e+11 5.538635025487931073e+07 4.841686478633876145e+07
1.127446084623549347e+11 6.364924416028058529e+07 5.585779755423718691e+07
1.160451812155009613e+11 7.314100520531108975e+07 6.443182323869945854e+07
