# T[K] Gamma_nTOp[1/tau_n] Gamma_pTOn[1/tau_n]
# fingerprint_hash: 1f6c7bc2802a7f62
# fingerprint: {"QED_corrections":true,"T_end_MeV":0.001,"T_start_cosmo_MeV":100.0,"analytic_distortions":false,"delta_xi_nu":0.0,"finite_mass_corrections":false,"format_version":1,"incomplete_decoupling":false,"munuOverTnu":0.0,"nevo_file":null,"nevo_file_prefix":"NEVOPRIMAT","nevo_spectral_file":null,"radiative_corrections":false,"sampling_nTOp_per_decade":150,"spectral_distortions":false,"y_SZ":0.0,"y_gray":0.0}
1.160451812155007198e+07 1.000000000134951161e+00 0.000000000000000000e+00
1.178433031761291809e+07 1.000000000143542955e+00 0.000000000000000000e+00
1.196692870656324737e+07 1.000000000152667656e+00 0.000000000000000000e+00
1.215235646050493419e+07 1.000000000162360347e+00 0.000000000000000000e+00
1.234065742049430311e+07 1.000000000172657666e+00 0.000000000000000000e+00
1.253187610690555163e+07 1.000000000183599802e+00 0.000000000000000000e+00
1.272605772995679639e+07 1.000000000195228278e+00 0.000000000000000000e+00
1.292324820039921999e+07 1.000000000207587947e+00 0.000000000000000000e+00
1.312349414037183113e+07 1.000000000220726326e+00 0.000000000000000000e+00
1.332684289442444220e+07 1.000000000234693820e+00 0.000000000000000000e+00
1.353334254071142524e+07 1.000000000249544607e+00 0.000000000000000000e+00
1.374304190235893987e+07 1.000000000265335309e+00 0.000000000000000000e+00
1.395599055900826678e+07 1.000000000282126988e+00 0.000000000000000000e+00
1.417223885853803717e+07 1.000000000299983371e+00 0.000000000000000000e+00
1.439183792896807566e+07 1.000000000318973292e+00 0.000000000000000000e+00
1.461483969054769725e+07 1.000000000339169359e+00 0.000000000000000000e+00
1.484129686803135276e+07 1.000000000360648400e+00 0.000000000000000000e+00
1.507126300314432755e+07 1.000000000383492571e+00 0.000000000000000000e+00
1.530479246724189445e+07 1.000000000407788692e+00 0.000000000000000000e+00
1.554194047416432761e+07 1.000000000433629355e+00 0.000000000000000000e+00
1.578276309329124913e+07 1.000000000461112259e+00 0.000000000000000000e+00
1.602731726279822551e+07 1.000000000490342211e+00 0.000000000000000000e+00
1.627566080311877280e+07 1.000000000521430010e+00 0.000000000000000000e+00
1.652785243061496504e+07 1.000000000554492896e+00 0.000000000000000000e+00
1.678395177145985141e+07 1.000000000589656546e+00 0.000000000000000000e+00
1.704401937573499978e+07 1.000000000627053964e+00 0.000000000000000000e+00
1.730811673174647242e+07 1.000000000666826594e+00 0.000000000000000000e+00
1.757630628056262806e+07 1.000000000709124537e+00 0.000000000000000000e+00
1.784865143077719212e+07 1.000000000754108109e+00 0.000000000000000000e+00
1.812521657350106537e+07 1.000000000801947175e+00 0.000000000000000000e+00
1.840606709758647159e+07 1.000000000852822923e+00 0.000000000000000000e+00
1.869126940508694202e+07 1.000000000906926978e+00 0.000000000000000000e+00
1.898089092695691064e+07 1.000000000964464286e+00 0.000000000000000000e+00
1.927500013899453729e+07 1.000000001025652452e+00 0.000000000000000000e+00
1.957366657803158462e+07 1.000000001090722401e+00 0.000000000000000000e+00
1.987696085837414861e+07 1.000000001159920382e+00 0.000000000000000000e+00
2.018495468849814311e+07 1.000000001233508184e+00 0.000000000000000000e+00
2.049772088800346479e+07 1.000000001311763809e+00 0.000000000000000000e+00
2.081533340483090654e+07 1.000000001394983240e+00 0.000000000000000000e+00
2.113786733274578676e+07 1.000000001483481338e+00 0.000000000000000000e+00
2.146539892909253761e+07 1.000000001577593167e+00 0.000000000000000000e+00
2.179800563282437995e+07 1.000000001677674222e+00 0.000000000000000000e+00
2.213576608281236142e+07 1.000000001784103532e+00 0.000000000000000000e+00
2.247876013643810898e+07 1.000000001897283441e+00 0.000000000000000000e+00
2.282706888847468048e+07 1.000000002017642498e+00 0.000000000000000000e+00
2.318077469025994465e+07 1.000000002145636113e+00 0.000000000000000000e+00
2.353996116916708648e+07 1.000000002281748346e+00 0.000000000000000000e+00
2.390471324837678671e+07 1.000000002426494561e+00 0.000000000000000000e+00
2.427511716695579141e+07 1.000000002580422320e+00 0.000000000000000000e+00
2.465126050024658069e+07 1.000000002744114269e+00 0.000000000000000000e+00
2.503323218057302758e+07 1.000000002918189912e+00 0.000000000000000000e+00
2.542112251826666296e+07 1.000000003103308055e+00 0.000000000000000000e+00
2.581502322301920131e+07 1.000000003300168805e+00 0.000000000000000000e+00
2.621502742556547374e+07 1.000000003509517343e+00 0.000000000000000000e+00
2.662122969970256090e+07 1.000000003732145926e+00 0.000000000000000000e+00
2.703372608465004340e+07 1.000000003968897433e+00 0.000000000000000000e+00
2.745261410775677487e+07 1.000000004220667149e+00 0.000000000000000000e+00
2.787799280755945295e+07 1.000000004488408090e+00 0.000000000000000000e+00
2.830996275719850883e+07 1.000000004773133444e+00 0.000000000000000000e+00
2.874862608819680288e+07 1.000000005075920573e+00 0.000000000000000000e+00
2.919408651460680366e+07 1.000000005397915226e+00 0.000000000000000000e+00
2.964644935753189772e+07 1.000000005740335984e+00 0.000000000000000000e+00
3.010582157002766803e+07 1.000000006104478256e+00 0.000000000000000000e+00
3.057231176238903776e+07 1.000000006491720494e+00 0.000000000000000000e+00
3.104603022782918811e+07 1.000000006903527527e+00 0.000000000000000000e+00
3.152708896855644137e+07 1.000000007341457664e+00 0.000000000000000000e+00
3.201560172225513682e+07 1.000000007807168689e+00 0.000000000000000000e+00
3.251168398897688091e+07 1.000000008302422305e+00 0.000000000000000000e+00
3.301545305844844505e+07 1.000000008829092346e+00 0.000000000000000000e+00
3.352702803780281544e+07 1.000000009389172551e+00 0.000000000000000000e+00
3.404652987973993272e+07 1.000000009984781224e+00 0.000000000000000000e+00
3.457408141112377495e+07 1.000000010618173008e+00 0.000000000000000000e+00
3.510980736202257872e+07 1.000000011291744650e+00 0.000000000000000000e+00
3.565383439519898593e+07 1.000000012008044337e+00 0.000000000000000000e+00
3.620629113605720550e+07 1.000000012769783231e+00 0.000000000000000000e+00
3.676730820305417478e+07 1.000000013579843250e+00 0.000000000000000000e+00
3.733701823858191818e+07 1.000000014441289720e+00 0.000000000000000000e+00
3.791555594032848626e+07 1.000000015357382921e+00 0.000000000000000000e+00
3.850305809312484413e+07 1.000000016331588970e+00 0.000000000000000000e+00
3.909966360128491372e+07 1.000000017367594252e+00 0.000000000000000000e+00
3.970551352144742757e+07 1.000000018469319185e+00 0.000000000000000000e+00
4.032075109592594206e+07 1.000000019640932880e+00 0.000000000000000000e+00
4.094552178657598794e+07 1.000000020886868457e+00 0.000000000000000000e+00
4.157997330918689817e+07 1.000000022211840589e+00 0.000000000000000000e+00
4.222425566840653867e+07 1.000000023620863265e+00 0.000000000000000000e+00
4.287852119320724159e+07 1.000000025119267999e+00 0.000000000000000000e+00
4.354292457290121913e+07 1.000000026712725365e+00 0.000000000000000000e+00
4.421762289371407777e+07 1.000000028407264319e+00 0.000000000000000000e+00
4.490277567592503130e+07 1.000000030209297508e+00 0.000000000000000000e+00
4.559854491158261150e+07 1.000000032125643701e+00 0.000000000000000000e+00
4.630509510280475020e+07 1.000000034163554652e+00 0.000000000000000000e+00
4.702259330067235976e+07 1.000000036330741748e+00 0.000000000000000000e+00
4.775120914472556859e+07 1.000000038635405541e+00 0.000000000000000000e+00
4.849111490307190269e+07 1.000000041086267277e+00 0.000000000000000000e+00
4.924248551311602443e+07 1.000000043692600871e+00 0.000000000000000000e+00
5.000549862292049825e+07 1.000000046464269099e+00 0.000000000000000000e+00
5.078033463320748508e+07 1.000000049411759795e+00 0.000000000000000000e+00
5.156717674001127481e+07 1.000000052546226259e+00 0.000000000000000000e+00
5.236621097799165547e+07 1.000000055879529448e+00 0.000000000000000000e+00
5.317762626441849768e+07 1.000000059424283272e+00 0.000000000000000000e+00
5.400161444383779913e+07 1.000000063193900557e+00 0.000000000000000000e+00
5.483837033342991769e+07 1.000000067202645893e+00 0.000000000000000000e+00
5.568809176907058060e+07 1.000000071465688700e+00 0.000000000000000000e+00
5.655097965210559964e+07 1.000000075999160076e+00 0.000000000000000000e+00
5.742723799685039371e+07 1.000000080820215409e+00 0.000000000000000000e+00
5.831707397882549465e+07 1.000000085947097439e+00 0.000000000000000000e+00
5.922069798373948038e+07 1.000000091399206648e+00 0.000000000000000000e+00
6.013832365723089874e+07 1.000000097197173865e+00 0.000000000000000000e+00
6.107016795538090169e+07 1.000000103362938875e+00 0.000000000000000000e+00
6.201645119600865245e+07 1.000000109919833235e+00 0.000000000000000000e+00
6.297739711076147109e+07 1.000000116892668656e+00 0.000000000000000000e+00
6.395323289801218361e+07 1.000000124307830474e+00 0.000000000000000000e+00
6.494418927657606453e+07 1.000000132193378022e+00 0.000000000000000000e+00
6.595050054026017338e+07 1.000000140579150543e+00 0.000000000000000000e+00
6.697240461325791478e+07 1.000000149496879986e+00 0.000000000000000000e+00
6.801014310640202463e+07 1.000000158980311804e+00 0.000000000000000000e+00
6.906396137428861856e+07 1.000000169065331512e+00 0.000000000000000000e+00
7.013410857328766584e+07 1.000000179790101029e+00 0.000000000000000000e+00
7.122083772045093775e+07 1.000000191195203891e+00 0.000000000000000000e+00
7.232440575333356857e+07 1.000000203323797354e+00 0.000000000000000000e+00
7.344507359074223042e+07 1.000000216221776483e+00 0.000000000000000000e+00
7.458310619442476332e+07 1.000000229937947571e+00 0.000000000000000000e+00
7.573877263171552122e+07 1.000000244524213766e+00 0.000000000000000000e+00
7.691234613915163279e+07 1.000000260035769806e+00 0.000000000000000000e+00
7.810410418707470596e+07 1.000000276531312293e+00 0.000000000000000000e+00
7.931432854523386061e+07 1.000000294073261520e+00 0.000000000000000000e+00
8.054330534940499067e+07 1.000000312727996610e+00 0.000000000000000000e+00
8.179132516904246807e+07 1.000000332566108208e+00 0.000000000000000000e+00
8.305868307597909868e+07 1.000000353662664709e+00 0.000000000000000000e+00
8.434567871419046819e+07 1.000000376097496479e+00 0.000000000000000000e+00
8.565261637064042687e+07 1.000000399955498276e+00 0.000000000000000000e+00
8.697980504722426832e+07 1.000000425326949882e+00 0.000000000000000000e+00
8.832755853382664919e+07 1.000000452307858279e+00 0.000000000000000000e+00
8.969619548251155019e+07 1.000000481000320685e+00 0.000000000000000000e+00
9.108603948286184669e+07 1.000000511512911139e+00 0.000000000000000000e+00
9.249741913848623633e+07 1.000000543961090615e+00 0.000000000000000000e+00
9.393066814471167326e+07 1.000000578467644896e+00 0.000000000000000000e+00
9.538612536747957766e+07 1.000000615163149531e+00 0.000000000000000000e+00
9.686413492346459627e+07 1.000000654186461224e+00 0.000000000000000000e+00
9.836504626143486798e+07 1.000000695685247409e+00 0.000000000000000000e+00
9.988921424487280846e+07 1.000000739816541806e+00 0.000000000000000000e+00
1.014369992358764559e+08 1.000000786747339721e+00 0.000000000000000000e+00
1.030087671803597659e+08 1.000000836655229985e+00 0.000000000000000000e+00
1.046048896945751756e+08 1.000000889729067977e+00 0.000000000000000000e+00
1.062257441529747695e+08 1.000000946169687710e+00 0.000000000000000000e+00
1.078717137774338573e+08 1.000001006190664565e+00 0.000000000000000000e+00
1.095431877278568894e+08 1.000001070019121752e+00 0.000000000000000000e+00
1.112405611941873878e+08 1.000001137896590508e+00 0.000000000000000000e+00
1.129642354898433983e+08 1.000001210079923597e+00 0.000000000000000000e+00
1.147146181466008723e+08 1.000001286842268300e+00 0.000000000000000000e+00
1.164921230109472573e+08 1.000001368474098040e+00 0.000000000000000000e+00
1.182971703419280052e+08 1.000001455284314167e+00 0.000000000000000000e+00
1.201301869105092436e+08 1.000001547601412799e+00 0.000000000000000000e+00
1.219916061004801840e+08 1.000001645774728720e+00 0.000000000000000000e+00
1.238818680109188110e+08 1.000001750175756765e+00 0.000000000000000000e+00
1.258014195602454841e+08 1.000001861199559361e+00 0.000000000000000000e+00
1.277507145918886960e+08 1.000001979266258667e+00 0.000000000000000000e+00
1.297302139815881997e+08 1.000002104822628857e+00 0.000000000000000000e+00
1.317403857463608384e+08 1.000002238343785876e+00 0.000000000000000000e+00
1.337817051551546305e+08 1.000002380334984453e+00 0.000000000000000000e+00
1.358546548412176967e+08 1.000002531333531897e+00 0.000000000000000000e+00
1.379597249162081480e+08 1.000002691910819363e+00 0.000000000000000000e+00
1.400974130860720873e+08 1.000002862674486348e+00 0.000000000000000000e+00
1.422682247687174082e+08 1.000003044270717512e+00 0.000000000000000000e+00
1.444726732135106027e+08 1.000003237386690280e+00 0.000000000000000000e+00
1.467112796226254404e+08 1.000003442753173433e+00 0.000000000000000000e+00
1.489845732742717564e+08 1.000003661147294221e+00 0.000000000000000000e+00
1.512930916478338540e+08 1.000003893395477128e+00 0.000000000000000000e+00
1.536373805509477854e+08 1.000004140376573147e+00 0.000000000000000000e+00
1.560179942485477626e+08 1.000004403025184230e+00 0.000000000000000000e+00
1.584354955939120650e+08 1.000004682335200457e+00 0.000000000000000000e+00
1.608904561617396772e+08 1.000004979363561253e+00 0.000000000000000000e+00
1.633834563832888305e+08 1.000005295234255076e+00 0.000000000000000000e+00
1.659150856836094260e+08 1.000005631142572016e+00 0.000000000000000000e+00
1.684859426209020317e+08 1.000005988359628395e+00 0.000000000000000000e+00
1.710966350280363262e+08 1.000006368237175813e+00 0.000000000000000000e+00
1.737477801562620401e+08 1.000006772212717276e+00 0.000000000000000000e+00
1.764400048211470246e+08 1.000007201814946622e+00 0.000000000000000000e+00
1.791739455507765412e+08 1.000007658669533006e+00 0.000000000000000000e+00
1.819502487362487614e+08 1.000008144505274199e+00 0.000000000000000000e+00
1.847695707845024765e+08 1.000008661160637802e+00 0.000000000000000000e+00
1.876325782735125422e+08 1.000009210590718123e+00 0.000000000000000000e+00
1.905399481098903120e+08 1.000009794874636482e+00 0.000000000000000000e+00
1.934923676889261007e+08 1.000010416223407139e+00 0.000000000000000000e+00
1.964905350571113229e+08 1.000011076988305936e+00 0.000000000000000000e+00
1.995351590771790445e+08 1.000011779669770506e+00 0.000000000000000000e+00
2.026269595957019329e+08 1.000012526926853162e+00 0.000000000000000000e+00
2.057666676132869124e+08 1.000013321587296833e+00 0.000000000000000000e+00
2.089550254574079216e+08 1.000014166658228953e+00 0.000000000000000000e+00
2.121927869579117596e+08 1.000015065337541920e+00 0.000000000000000000e+00
2.154807176252569854e+08 1.000016021025997626e+00 0.000000000000000000e+00
2.188195948314920366e+08 1.000017037340096948e+00 0.000000000000000000e+00
2.222102079940649271e+08 1.000018118125767019e+00 0.000000000000000000e+00
2.256533587624525726e+08 1.000019267472916695e+00 0.000000000000000000e+00
2.291498612077109218e+08 1.000020489730917284e+00 0.000000000000000000e+00
2.327005420149325728e+08 1.000021789525065596e+00 0.000000000000000000e+00
2.363062406787165999e+08 1.000023171774092168e+00 0.000000000000000000e+00
2.399678097016378045e+08 1.000024641708781692e+00 0.000000000000000000e+00
2.436861147958159745e+08 1.000026204891778070e+00 0.000000000000000000e+00
2.474620350875932574e+08 1.000027867238647561e+00 0.000000000000000000e+00
2.512964633253887594e+08 1.000029635040285081e+00 7.964129936336025813e-29
2.551903060907726884e+08 1.000031514986742698e+00 2.065830069946154665e-28
2.591444840128114223e+08 1.000033514192582018e+00 5.284219742164343916e-28
2.631599319857335687e+08 1.000035640223843059e+00 1.333179888469185491e-27
2.672375993899689615e+08 1.000037901126742845e+00 3.318244812377308725e-27
2.713784503166126013e+08 1.000040305458194112e+00 8.149456816795901478e-27
2.755834637953664660e+08 1.000042862318307968e+00 1.975317349408032051e-26
2.798536340260137916e+08 1.000045581384972460e+00 4.726276511405430727e-26
2.841899706134794354e+08 1.000048472950672229e+00 1.116503611843088943e-25
2.885934988065328598e+08 1.000051547961689602e+00 2.604613633358815448e-25
2.930652597401899099e+08 1.000054818059863626e+00 6.001375224824208667e-25
2.976063106818702817e+08 1.000058295627076488e+00 1.366039948550113507e-24
3.022177252813694477e+08 1.000061993832680685e+00 3.072279827085528322e-24
3.069005938247038126e+08 1.000065926684128303e+00 6.828436297724529658e-24
3.116560234918893576e+08 1.000070109080778646e+00 1.500106322037978273e-23
3.164851386187142134e+08 1.000074556871568321e+00 3.257909970249296427e-23
3.213890809625677466e+08 1.000079286916525589e+00 6.995957724668054772e-23
3.263690099723885655e+08 1.000084317152497349e+00 1.485661899408827589e-22
3.314261030627954006e+08 1.000089666663521726e+00 3.120541967942664401e-22
3.365615558924655318e+08 1.000095355756115634e+00 6.484085197707948407e-22
3.417765826468266249e+08 1.000101406039989982e+00 1.333049756760364565e-21
3.470724163251295090e+08 1.000107840514739888e+00 2.712015825336098741e-21
3.524503090319680572e+08 1.000114683663380077e+00 5.460777663980177406e-21
3.579115322733171582e+08 1.000121961551724725e+00 1.088429632583494230e-20
3.634573772571575642e+08 1.000129701936031346e+00 2.147810525493268916e-20
3.690891551987583041e+08 1.000137934380131988e+00 4.196686204902973311e-20
3.748081976306903362e+08 1.000146690380705028e+00 8.120750309436049895e-20
3.806158567176433802e+08 1.000156003503730906e+00 1.556425044775034246e-19
3.865135055761207938e+08 1.000165909531627317e+00 2.955051109862461089e-19
3.925025385990885496e+08 1.000176446623338045e+00 5.558632385033903781e-19
3.985843717856540680e+08 1.000187655489294558e+00 1.036090377988499678e-18
4.047604430758538246e+08 1.000199579582391474e+00 1.913875871323690466e-18
4.110322126906284690e+08 1.000212265308347170e+00 3.504089768114192052e-18
4.174011634770658016e+08 1.000225762238741378e+00 6.359750031528291708e-18
4.238688012589931488e+08 1.000240123373501877e+00 1.144367465900839497e-17
4.304366551930025220e+08 1.000255405408081444e+00 2.041775970190422460e-17
4.371062781299918890e+08 1.000271669036821853e+00 3.612630657005614780e-17
4.438792469823092222e+08 1.000288979279301715e+00 6.339674479279446571e-17
4.507571630965847373e+08 1.000307405843593678e+00 1.103551493020700615e-16
4.577416526323405504e+08 1.000327023532967985e+00 1.905698323443660648e-16
4.648343669464669228e+08 1.000347912684252272e+00 3.265161003048575064e-16
4.720369829836559296e+08 1.000370159681498894e+00 5.551321150533883545e-16
4.793512036728846431e+08 1.000393857472182901e+00 9.366582619491437905e-16
4.867787583300423026e+08 1.000419106140279180e+00 1.568592518570878141e-15
4.943214030667957664e+08 1.000446013618500274e+00 2.607556975241592464e-15
5.019809212057906389e+08 1.000474696431285393e+00 4.303305462327441939e-15
5.097591237022857666e+08 1.000505280488120707e+00 7.051226708374942392e-15
5.176578495723209381e+08 1.000537901990236955e+00 1.147282043289112399e-14
5.256789663275194168e+08 1.000572708473564942e+00 1.853818098720484497e-14
5.338243704166270494e+08 1.000609859887542807e+00 2.975111803029043503e-14
5.420959876738939285e+08 1.000649529829440665e+00 4.742704125901356317e-14
5.504957737744028568e+08 1.000691906976852730e+00 7.510730921344085174e-14
5.590257146964536905e+08 1.000737196546660268e+00 1.181729663991058850e-13
5.676878271911146641e+08 1.000785622118981477e+00 1.847480139973351264e-13
5.764841592590348721e+08 1.000837427242355693e+00 2.870201691744686798e-13
5.854167906346831322e+08 1.000892877598130504e+00 4.431602642206367008e-13
5.944878332780287266e+08 1.000952263293122257e+00 6.800944305215439958e-13
6.036994318739138842e+08 1.001015901538095498e+00 1.037484176827180505e-12
6.130537643390874863e+08 1.001084139190051125e+00 1.573406168739481990e-12
6.225530423371738195e+08 1.001157355777808844e+00 2.372411114838690231e-12
6.321995118015404940e+08 1.001235967219802792e+00 3.556894747257610430e-12
6.419954534663496017e+08 1.001320429148362390e+00 5.303048444700512330e-12
6.519431834057576656e+08 1.001411240935814018e+00 7.863113772830143052e-12
6.620450535815382004e+08 1.001508950724354419e+00 1.159627111679026399e-11
6.723034523991479874e+08 1.001614159716880836e+00 1.701126776996702966e-11
6.827208052724248171e+08 1.001727527488671665e+00 2.482495260865973186e-11
6.932995751970334053e+08 1.001849778746428443e+00 3.604226488155843915e-11
7.040422633327958584e+08 1.001981708790307124e+00 5.206492079725247710e-11
7.149514095950464010e+08 1.002124190461445075e+00 7.483841106499754281e-11
7.260295932551482916e+08 1.002278183188436644e+00 1.070499289357555046e-10
7.372794335503163338e+08 1.002444742284402501e+00 1.523935679354355754e-10
7.487035903028886318e+08 1.002625021438308339e+00 2.159230773700160100e-10
7.603047645491930246e+08 1.002820290390223024e+00 3.045211550923004059e-10
7.720856991781592369e+08 1.003031941807665195e+00 4.275181679679301202e-10
7.840491795798252821e+08 1.003261502983863851e+00 5.975057091764518010e-10
7.961980343038927317e+08 1.003510651193690428e+00 8.314020692239657861e-10
8.085351357284868956e+08 1.003781225990797887e+00 1.151839529916471095e-09
8.210634007392781973e+08 1.004075247678964944e+00 1.588966036463557708e-09
8.337857914191280603e+08 1.004394919381816464e+00 2.182761347734563269e-09
8.467053157484196424e+08 1.004742659067529909e+00 2.986029390046363730e-09
8.598250283162407875e+08 1.005121113291274737e+00 4.068218521170659362e-09
8.731480310425866842e+08 1.005533196253602268e+00 5.520319986229419162e-09
8.866774739117529392e+08 1.005982062816330957e+00 7.460992022771048643e-09
9.004165557170931101e+08 1.006471173413970410e+00 1.004441059196115838e-08
9.143685248173152208e+08 1.007004339434383278e+00 1.347017110860489600e-08
9.285366799044981003e+08 1.007585674631421124e+00 1.799543146063371719e-08
9.429243707840079069e+08 1.008219692038028192e+00 2.395041642904365112e-08
9.575349991664987803e+08 1.008911332917081793e+00 3.175756411417470651e-08
9.723720194721868038e+08 1.009665938689942699e+00 4.195485175514082067e-08
9.874389396475850344e+08 1.010489384942268476e+00 5.522538570307279603e-08
1.002739321994894743e+09 1.011388010227663559e+00 7.243244402674515028e-08
1.018276784014247060e+09 1.012368775677095600e+00 9.466394578024236666e-08
1.034054999258996606e+09 1.013439177462746255e+00 1.232843406214335269e-07
1.050077698204266429e+09 1.014607453160439654e+00 1.600006217027426113e-07
1.066348669128951907e+09 1.015882463564192761e+00 2.069378878474164251e-07
1.082871759011391401e+09 1.017273894681800295e+00 2.667346853002811817e-07
1.099650874438914537e+09 1.018792217974452186e+00 3.426532277266665685e-07
1.116689982531485558e+09 1.020448809148142510e+00 4.387136938856209542e-07
1.133993111879655838e+09 1.022255984524160555e+00 5.598519063820953507e-07
1.151564353497053146e+09 1.024227091216014740e+00 7.121072286684309600e-07
1.169407861787627220e+09 1.026376591506303448e+00 9.028441375125876808e-07
1.187527855527884483e+09 1.028720094669548724e+00 1.141009709116116492e-06
1.205928618864341497e+09 1.031274523896284823e+00 1.437441387675551856e-06
1.224614502326434612e+09 1.034058153168544880e+00 1.805219556273928647e-06
1.243589923855123758e+09 1.037090693907305239e+00 2.260078776819677442e-06
1.262859369847435951e+09 1.040393481824437139e+00 2.820892570845494638e-06
1.282427396217192411e+09 1.043989505367890258e+00 3.510220929628871436e-06
1.302298629472172976e+09 1.047903528317739141e+00 4.354946838756655677e-06
1.322477767807970285e+09 1.052162323020305879e+00 5.387021868783001034e-06
1.342969582218793631e+09 1.056794685122077304e+00 6.644295157069211241e-06
1.363778917625484943e+09 1.061831586333208621e+00 8.171474513417337164e-06
1.384910694021013021e+09 1.067306479955380638e+00 1.002125167336914078e-05
1.406369907633722782e+09 1.073255246796829043e+00 1.225552764874882301e-05
1.428161632108575344e+09 1.079716473285938338e+00 1.494684271216481453e-05
1.450291019706783295e+09 1.086731779623521188e+00 1.818004781242055589e-05
1.472763302523882866e+09 1.094345773335707150e+00 2.205409771858457627e-05
1.495583793726863146e+09 1.102606308792163592e+00 2.668415147791172032e-05
1.518757888810273170e+09 1.111564873202077308e+00 3.220399997633509748e-05
1.542291066871986866e+09 1.121276737281448277e+00 3.876875218848229582e-05
1.566188891908537626e+09 1.131801041564436616e+00 4.655784133990300758e-05
1.590457014130726576e+09 1.143201491562386263e+00 5.577866741692145291e-05
1.615101171299410820e+09 1.155546189839532056e+00 6.667039167219604304e-05
1.640127190082197428e+09 1.168907877285103813e+00 7.950837455841791709e-05
1.665540987430948496e+09 1.183365038910353606e+00 9.460966767738835466e-05
1.691348571980845928e+09 1.199001469581559620e+00 1.123384944244385728e-04
1.717556045470915318e+09 1.215906709198226965e+00 1.331128865772644926e-04
1.744169604186783075e+09 1.234177073025542803e+00 1.574126443430584859e-04
1.771195540425565243e+09 1.253914997750140037e+00 1.857873241187899959e-04
1.798640243983680964e+09 1.275230426793435567e+00 2.188666872057932892e-04
1.826510203667497396e+09 1.298241397481571857e+00 2.573721577194215768e-04
1.854812008827570677e+09 1.323073675231791535e+00 3.021290999890474714e-04
1.883552350916542530e+09 1.349861169037587016e+00 3.540813680671301734e-04
1.912738025071222544e+09 1.378748147617759656e+00 4.143096597268098777e-04
1.942375931719174385e+09 1.409888506665702312e+00 4.840497881247208807e-04
1.972473078210198879e+09 1.443446218240308943e+00 5.647145318571521926e-04
2.003036580473095179e+09 1.479596599449322758e+00 6.579194967007909308e-04
2.034073664698094368e+09 1.518527608756405911e+00 7.655128320445436004e-04
2.065591669045362234e+09 1.560439347373387298e+00 8.896068829121767801e-04
2.097598045379975080e+09 1.605545980131025008e+00 1.032617334013094523e-03
2.130100361033778667e+09 1.654075716413606179e+00 1.197305190729771674e-03
2.163106300594548702e+09 1.706272865127454352e+00 1.386827615208228092e-03
2.196623667722872734e+09 1.762398252544038479e+00 1.604793305241129005e-03
2.230660386997185230e+09 1.822729724274602781e+00 1.855325255050363758e-03
2.265224505787391663e+09 1.887564928080290638e+00 2.143136276737996580e-03
2.300324196157525063e+09 1.957220573602073799e+00 2.473607755737077148e-03
2.335967756797881126e+09 2.032036212844100298e+00 2.852888191756335675e-03
2.372163614987098217e+09 2.112373129482367329e+00 3.287993789472175472e-03
2.408920328584632397e+09 2.198616503906621666e+00 3.786928967335388176e-03
2.446246588054110050e+09 2.291181447569326401e+00 4.358834330979929894e-03
2.484151218518033028e+09 2.390503467895694900e+00 5.014106964370168736e-03
2.522643181844318390e+09 2.497057125011459267e+00 5.764622562204839602e-03
2.561731578765172005e+09 2.611341609805183150e+00 6.623878482741118491e-03
2.601425651028792858e+09 2.733892125931545181e+00 7.607239481190433000e-03
2.641734783584417343e+09 2.865282146416157527e+00 8.732184777244413401e-03
2.682668506801221371e+09 3.006121816887572074e+00 1.001856551539300096e-02
2.724236498721607208e+09 3.157061176366825705e+00 1.148891051728335826e-02
2.766448587349399090e+09 3.318799360765284145e+00 1.316880286069833234e-02
2.809314752973500729e+09 3.492077936215972400e+00 1.508721265083384951e-02
2.852845130527552605e+09 3.677690751709011607e+00 1.727695801519950336e-02
2.897050011986157894e+09 3.876484768299396588e+00 1.977516597891390213e-02
2.941939848798230648e+09 4.089371243094987562e+00 2.262386096834902161e-02
2.987525254358056068e+09 4.317304858112911425e+00 2.587035659103172763e-02
3.033817006514635563e+09 4.561331848455925098e+00 2.956826780386442172e-02
3.080826050119915485e+09 4.822549639815460587e+00 3.377786625205026622e-02
3.128563499616498947e+09 5.102133654441264099e+00 3.856705892619149284e-02
3.177040641665457726e+09 5.401353565500587095e+00 4.401242535641981118e-02
3.226268937814860821e+09 5.721543584506780356e+00 5.019980706572896301e-02
3.276260027209647655e+09 6.064145655961382886e+00 5.722582529183460609e-02
3.327025729343498230e+09 6.430703995434172704e+00 6.519898841835060355e-02
3.378578046853338718e+09 6.822846375530819074e+00 7.424063144293668870e-02
3.430929168357147217e+09 7.242334745545400132e+00 8.448702889748264944e-02
3.484091471335736275e+09 7.691052613306917252e+00 9.609076303258555496e-02
3.538077525059182644e+09 8.170991078103616800e+00 1.092220715218584354e-01
3.592900093558606625e+09 8.684296879459148855e+00 1.240715279458654563e-01
3.648572138643998146e+09 9.233272712294207096e+00 1.408521232745519047e-01
3.705106822968801022e+09 9.820361147801349944e+00 1.598010659629926222e-01
3.762517513141988754e+09 1.044816971734622690e+01 1.811826432722133395e-01
3.820817782888371944e+09 1.111952086246621008e+01 2.052921587518279634e-01
3.880021416257783890e+09 1.183740796029813502e+01 2.324576900088626830e-01
3.940142410884243965e+09 1.260502023258084670e+01 2.630437375604804950e-01
4.001194981295209408e+09 1.342579572361734819e+01 2.974562546472497293e-01
4.063193562272600174e+09 1.430340705179130900e+01 3.361460250579448306e-01
4.126152812265383244e+09 1.524176512489527902e+01 3.796127357361414045e-01
4.190087616855565071e+09 1.624508606587778559e+01 4.284118517809342719e-01
4.255013092277347565e+09 1.731784469705274887e+01 4.831576661698274711e-01
4.320944588991366386e+09 1.846483840886575578e+01 5.445309450589672640e-01
4.387897695313753128e+09 1.969123743434241902e+01 6.132870329173504276e-01
4.455888241101989746e+09 2.100254122766080300e+01 6.902601578094901269e-01
4.524932301497314453e+09 2.240462432473654886e+01 7.763720859211566960e-01
4.595046200725684166e+09 2.390382263266826612e+01 8.726440095770204852e-01
4.666246515957053185e+09 2.550686638562709163e+01 9.802010009372870147e-01
4.738550081225043297e+09 2.722097670141010539e+01 1.100285782808418711e+00
4.811973991406744957e+09 2.905392988057246839e+01 1.234272331553687208e+00
4.886535606264802933e+09 3.101400726119465645e+01 1.383673072891109301e+00
4.962252554551527023e+09 3.311006029804014617e+01 1.550153705381806191e+00
5.039142738177108765e+09 3.535163961520180465e+01 1.735554353803456573e+00
5.117224336442107201e+09 3.774891813172077093e+01 1.941897349430487196e+00
5.196515810335638046e+09 4.031277328999499332e+01 2.171406849284944762e+00
5.277035906900142670e+09 4.305493179733719700e+01 2.426535807791747157e+00
5.358803663663785934e+09 4.598790703554810477e+01 2.709977765614948630e+00
5.441838413141543388e+09 4.912508594668076256e+01 3.024691555573076673e+00
5.526159787406021118e+09 5.248090270431721649e+01 3.373936677402924467e+00
5.611787722729105949e+09 5.607074695932421804e+01 3.761286088681936146e+00
5.698742464295544624e+09 5.991108539132296329e+01 4.190659623865844452e+00
5.787044570989544868e+09 6.401969031008313493e+01 4.666372283218045425e+00
5.876714920255559921e+09 6.841551033697670903e+01 5.193147747953765325e+00
5.967774713034382820e+09 7.311882314470744859e+01 5.776162228197085469e+00
6.060245478775726318e+09 7.815152484092564578e+01 6.421109085664138405e+00
6.154149080528474808e+09 8.353696230972208525e+01 7.134213335282279189e+00
6.249507720109809875e+09 8.930012803577949398e+01 7.922289529398711672e+00
6.346343943354429245e+09 9.546801407874133361e+01 8.792826558558642702e+00
6.444680645445102692e+09 1.020694083093362110e+02 9.754004045275449286e+00
6.544541076325830460e+09 1.091351358918287531e+02 1.081476784749564857e+01
6.645948846198868752e+09 1.166984941275212151e+02 1.198494126563993412e+01
6.748927931106939316e+09 1.247950045824696303e+02 1.327524322027349513e+01
6.853502678601936340e+09 1.334627128148061388e+02 1.469738663387040489e+01
6.959697813501462936e+09 1.427427223299786192e+02 1.626422385394586101e+01
7.067538443734570503e+09 1.526788918444915168e+02 1.798976614934371199e+01
7.177050066278079033e+09 1.633182103729028825e+02 1.988931219283104568e+01
7.288258573184876442e+09 1.747114544854044027e+02 2.197963806554723476e+01
7.401190257705627441e+09 1.869128156123035751e+02 2.427901697185607333e+01
7.515871820505343437e+09 1.999803718414207481e+02 2.680738727972635971e+01
7.632330375976270676e+09 2.139768803291972290e+02 2.958659699209742655e+01
7.750593458648603439e+09 2.289693448565001574e+02 3.264042723370518218e+01
7.870689029700525284e+09 2.450295830141332374e+02 3.599480671805902432e+01
7.992645483569128990e+09 2.622352210843735065e+02 3.967813333280255250e+01
8.116491654663769722e+09 2.806691554975713530e+02 4.372129496337375087e+01
8.242256824183441162e+09 3.004202624855284398e+02 4.815794832027930283e+01
8.369970727039791107e+09 3.215846188450852878e+02 5.302493527537080809e+01
8.499663558887403488e+09 3.442648426596136915e+02 5.836230003889252060e+01
8.631365983263017654e+09 3.685709852401859621e+02 6.421365211319667310e+01
8.765109138835369110e+09 3.946220301927069727e+02 7.062670437060798179e+01
8.900924646767377853e+09 4.225450905842856741e+02 7.765328445550451875e+01
9.038844618192382812e+09 4.524765202112121187e+02 8.534980445203947852e+01
9.178901661806262970e+09 4.845637587455659059e+02 9.377795579960483963e+01
9.321128891577163696e+09 5.189643544448459807e+02 1.030047111092907812e+02
9.465559934574703217e+09 5.558473499395749968e+02 1.131029314566078625e+02
9.612228938920488358e+09 5.953955531403262285e+02 1.241522619783442138e+02
9.761170581861820221e+09 6.378043479342057935e+02 1.362391188659619274e+02
9.912420077970510483e+09 6.832834223152224240e+02 1.494574736125176457e+02
1.006601318746877289e+10 7.320595656012068275e+02 1.639100056319283851e+02
1.022198622468387222e+10 7.843752203945821293e+02 1.797080670307551316e+02
1.038037606663446045e+10 8.404906365225621130e+02 1.969726937619042815e+02
1.054122016174884987e+10 9.006873223156462700e+02 2.158360879849533944e+02
1.070455653871969604e+10 9.652662433919572322e+02 2.364415387439070173e+02
1.087042381549451637e+10 1.034550683660556160e+03 2.589447801848569384e+02
1.103886120840690231e+10 1.108890155207737962e+03 2.835157837118915154e+02
1.120990854144781494e+10 1.188658557344919927e+03 3.103387423539458609e+02
1.138360625568195534e+10 1.274257535959029155e+03 3.396137529411511764e+02
1.155999541880861473e+10 1.366121389233254149e+03 3.715591372959793830e+02
1.173911773487212181e+10 1.464714803158897439e+03 4.064113841286818456e+02
1.192101555412126160e+10 1.570536984940410775e+03 4.444272904950856855e+02
1.210573188302300262e+10 1.684128028776578958e+03 4.858870419464324755e+02
1.229331039442981911e+10 1.806065761940157472e+03 5.310939620284342482e+02
1.248379543790613937e+10 1.936970972389445478e+03 5.803772835486596477e+02
1.267723205021320915e+10 2.077515450579758181e+03 6.340961517761561481e+02
1.287366596595802307e+10 2.228418050797487922e+03 6.926392261781136312e+02
1.307314362840569115e+10 2.390451217031611577e+03 7.564282364621161605e+02
1.327571220046068001e+10 2.564450944326762965e+03 8.259231044827364485e+02
1.348141957581736374e+10 2.751311873420318534e+03 9.016213422063220833e+02
1.369031439028369331e+10 2.951995850500135020e+03 9.840627776614956019e+02
1.390244603328024483e+10 3.167543436127606128e+03 1.073835762251963388e+03
1.411786465951747131e+10 3.399068758461758534e+03 1.171576680990850946e+03
1.433662120085387230e+10 3.647769646508324968e+03 1.277975781300244762e+03
1.455876737833791733e+10 3.914942119597756573e+03 1.393785184006321288e+03
1.478435571443656158e+10 4.201974327857499702e+03 1.519818283813403013e+03
1.501343954545323753e+10 4.510358495365683666e+03 1.656956897671097749e+03
1.524607303413825607e+10 4.841710040985805790e+03 1.806161985198298908e+03
1.548231118249462509e+10 5.197758724487618565e+03 1.968472151686209827e+03
1.572220984478227997e+10 5.580364620798327451e+03 2.145013248742457108e+03
1.596582574072381401e+10 5.991541541524345121e+03 2.337011905048767858e+03
1.621321646891484261e+10 6.433446071509943977e+03 2.545793449536372918e+03
1.646444052044215012e+10 6.908398057591631186e+03 2.772794429765513541e+03
1.671955729271285820e+10 7.418908640862537140e+03 3.019579348858602316e+03
1.697862710349787521e+10 7.967667803764927157e+03 3.287838351417281046e+03
1.724171120519293976e+10 8.557569715564966828e+03 3.579403093261138110e+03
1.750887179930065918e+10 9.191746893127188741e+03 3.896267708684353693e+03
1.778017205113692856e+10 9.873556391891663225e+03 4.240586429334874992e+03
1.805567610476523209e+10 1.060660944237310287e+04 4.614692814093463312e+03
1.833544909816236115e+10 1.139481663280773319e+04 5.021127786130437926e+03
1.861955717861910248e+10 1.224236781694827005e+04 5.462634805551329009e+03
1.890806751837959671e+10 1.315377154785852508e+04 5.942185591570863835e+03
1.920104833052298355e+10 1.413391024065545935e+04 6.463015241953988152e+03
1.949856888509117508e+10 1.518801532993781984e+04 7.028615770304819307e+03
1.980069952546649170e+10 1.632171867774319253e+04 7.642770016092760670e+03
2.010751168500311661e+10 1.754111704995461332e+04 8.309594027465625913e+03
2.041907790391620255e+10 1.885274614667574497e+04 9.033531037491011375e+03
2.073547184643270874e+10 2.026363995316801447e+04 9.819391958907295702e+03
2.105676831820799255e+10 2.178141766729426672e+04 1.067241286717518415e+04
2.138304328401224136e+10 2.341424541181815584e+04 1.159824349496389914e+04
2.171437388569099045e+10 2.517091423424448658e+04 1.260300084947707001e+04
2.205083846040391541e+10 2.706094610552500671e+04 1.369334090381704846e+04
2.239251655914625931e+10 2.909454827063019911e+04 1.487644443216821310e+04
2.273948896555720901e+10 3.128271051697988878e+04 1.616008504557348715e+04
2.309183771501976013e+10 3.363733710973209963e+04 1.755272006707902256e+04
2.344964611405649185e+10 3.617118948039119277e+04 1.906347143116900043e+04
2.381299876002589035e+10 3.889801359577287803e+04 2.070221557044611473e+04
2.418198156112389374e+10 4.183269298524757323e+04 2.247969182142803766e+04
2.455668175669531250e+10 4.499119111239110498e+04 2.440748543034054092e+04
2.493718793786003494e+10 4.839069848466215626e+04 2.649813437486360999e+04
2.532359006845876312e+10 5.204983783556710114e+04 2.876527549818748957e+04
2.571597950632338333e+10 5.598857877561904752e+04 3.122361349034944578e+04
2.611444902487685776e+10 6.022843045644990343e+04 3.388906176090879308e+04
2.651909283506784439e+10 6.479269510231965978e+04 3.677892611871939152e+04
2.693000660764516449e+10 6.970636124553658010e+04 3.991186371454398613e+04
2.734728749577756119e+10 7.499635411051799019e+04 4.330806776956802787e+04
2.777103415802324677e+10 8.069183394660690101e+04 4.698948868365716771e+04
2.820134678165718460e+10 8.682408389750654169e+04 5.097979366748757457e+04
2.863832710635686874e+10 9.342680460841860622e+04 5.530458900204532983e+04
2.908207844825865936e+10 1.005365101630941645e+05 5.999171523439730663e+04
2.953270572438319778e+10 1.081923669149296475e+05 6.507118004867582931e+04
2.999031547744300079e+10 1.164365751801296574e+05 7.057544849082091241e+04
3.045501590103067017e+10 1.253148594055466820e+05 7.653981380952250038e+04
3.092691686520127106e+10 1.348762702931484673e+05 8.300231197189188970e+04
3.140612994244713593e+10 1.451736646279367269e+05 9.000409087759685644e+04
3.189276843407919312e+10 1.562643144504220400e+05 9.758987747779849451e+04
3.238694739701298904e+10 1.682096625362487976e+05 1.058078680389678775e+05
3.288878367097387695e+10 1.810759322401508980e+05 1.147102021966713510e+05
3.339839590611959457e+10 1.949348724714915443e+05 1.243535426504730276e+05
3.391590459109505844e+10 2.098634713189369941e+05 1.347989455277180532e+05
3.444143208151760101e+10 2.259447059479715535e+05 1.461124512381940149e+05
3.497510262890793610e+10 2.432684921703728323e+05 1.583658303727298335e+05
3.551704241006510925e+10 2.619313111740382446e+05 1.716364041653686727e+05
3.606737955690029144e+10 2.820371624663760304e+05 1.860078022252213850e+05
3.662624418673052979e+10 3.036987450237101875e+05 2.015709012360146735e+05
3.719376843304282379e+10 3.270369894385652151e+05 2.184235911032300792e+05
3.777008647673467255e+10 3.521822927178742248e+05 2.366717637884171563e+05
3.835533457783876801e+10 3.792759189002619241e+05 2.564304443643891136e+05
3.894965110773921204e+10 4.084694982431273675e+05 2.778235492697220179e+05
3.955317658188692474e+10 4.399265009129020036e+05 3.009850842000106350e+05
4.016605369302202606e+10 4.738240823020771495e+05 3.260606414065945428e+05
4.078842734491096497e+10 5.103523751843779464e+05 3.532070260457884870e+05
4.142044468660636902e+10 5.497163884535261896e+05 3.825938097652254510e+05
4.206225514723783875e+10 5.921382950295531191e+05 4.144052067129758070e+05
4.271401047134175110e+10 6.378565458059327211e+05 4.488395904708941816e+05
4.337586475473851776e+10 6.871283341969365720e+05 4.861115230256027426e+05
4.404797448096579742e+10 7.402322992619280703e+05 5.264540032783332281e+05
4.473049855827618408e+10 7.974675991407209076e+05 5.701179818988975603e+05
4.542359835720822906e+10 8.591568301690265071e+05 6.173747977927102474e+05
4.612743774873957062e+10 9.256496199223898584e+05 6.685191765626271954e+05
4.684218314303132629e+10 9.973212817113345955e+05 7.238684611075436696e+05
4.756800352877272034e+10 1.074576600252216216e+06 7.837657879497535760e+05
4.830507051313546753e+10 1.157854277227586834e+06 8.485838319824388018e+05
4.905355836234719086e+10 1.247625252585468581e+06 9.187238207345964620e+05
4.981364404289352417e+10 1.344397579431269784e+06 9.946196492490299279e+05
5.058550726335865021e+10 1.448721747458474943e+06 1.076742416015684139e+06
5.136933051691418457e+10 1.561188881142629310e+06 1.165599391649091616e+06
5.216529912446638489e+10 1.682436555008222349e+06 1.261738984196044970e+06
5.297360127847194672e+10 1.813155814905703999e+06 1.365756741995177697e+06
5.379442808743273926e+10 1.954088601946435403e+06 1.478293772893293761e+06
5.462797362107994080e+10 2.106035311127580702e+06 1.600043227223171853e+06
5.547443495625836945e+10 2.269863439900750760e+06 1.731757754991499940e+06
5.633401222352174377e+10 2.446504415661277715e+06 1.874247521623482229e+06
5.720690865444994354e+10 2.636963192287948914e+06 2.028388490049722372e+06
5.809333062969945526e+10 2.842328879823596217e+06 2.195131661277863197e+06
5.899348772779840851e+10 3.063771032929165289e+06 2.375500744511141442e+06
5.990759277469759369e+10 3.302551480368881952e+06 2.570602446849144995e+06
6.083586189408935547e+10 3.560037863203281071e+06 2.781638305169313215e+06
6.177851455850615692e+10 3.837698788611651398e+06 3.009901540506416000e+06
6.273577364121088409e+10 4.137118935003456660e+06 3.256790265838455409e+06
6.370786546889126587e+10 4.460015867439806461e+06 3.523822282712781336e+06
6.469501987517070007e+10 4.808234026509271003e+06 3.812631107695858926e+06
6.569747025494829559e+10 5.183763759790559299e+06 4.124982711186735891e+06
6.671545361958090973e+10 5.588762342295697890e+06 4.462794126655960456e+06
6.774921065292021179e+10 6.025546542055778205e+06 4.828128454014096409e+06
6.879898576821803284e+10 6.496616572765566409e+06 5.223216047038339078e+06
6.986502716591351318e+10 7.004682260104352608e+06 5.650477818076102063e+06
7.094758689231559753e+10 7.552653904333936982e+06 6.112519006930178031e+06
7.204692089919517517e+10 8.143672448309033178e+06 6.612156010500897653e+06
7.316328910429875183e+10 8.781142305999899283e+06 7.152445776988500729e+06
7.429695545280467224e+10 9.468719825976099819e+06 7.736677782286682166e+06
7.544818797972360229e+10 1.021035138161059283e+07 8.368408075879458338e+06
7.661725887327552795e+10 1.101031438013263792e+07 9.051496194940343499e+06
7.780444453923883057e+10 1.187320294091499783e+07 9.790095051483012736e+06
7.901002566630638123e+10 1.280397620085428096e+07 1.058869430987221934e+07
8.023428729244435120e+10 1.380800877192938700e+07 1.145216607274810225e+07
8.147751887228942871e+10 1.489107369276194461e+07 1.238575276971337944e+07
8.274001434557991028e+10 1.605940269092490524e+07 1.339512155353468098e+07
8.402207220665780640e+10 1.731975027330658585e+07 1.448642255906792171e+07
8.532399557503701782e+10 1.867937158492698148e+07 1.566627281158649176e+07
8.664609226707601929e+10 2.014609873447331041e+07 1.694182541637112945e+07
8.798867486874992371e+10 2.172842078460010886e+07 1.832084260928229243e+07
8.935206080956144714e+10 2.343545615341727063e+07 1.981167541754866764e+07
9.073657243758566284e+10 2.527705006099298224e+07 2.142335233303566650e+07
9.214253709568925476e+10 2.726387196198567748e+07 2.316566879045774415e+07
9.357028719891931152e+10 2.940738366148911417e+07 2.504916367768887803e+07
9.502016031310092163e+10 3.171995979605979845e+07 2.708522950974589586e+07
9.649249923464677429e+10 3.421501303892084956e+07 2.928622773904417083e+07
9.798765207160548401e+10 3.690695155876151472e+07 3.166545662757538259e+07
9.950597232596549988e+10 3.981133205237893760e+07 3.423729169383186102e+07
1.010478189772343445e+11 4.294501596918957680e+07 3.701733017368739098e+07
1.026135565673127899e+11 4.632611630571679026e+07 4.002235032671750337e+07
1.042035552866842499e+11 4.997419350771202147e+07 4.327049181320890039e+07
1.058181910619396820e+11 5.391044513921415806e+07 4.678143196293257177e+07
1.074578456446586761e+11 5.815764480921333283e+07 5.057633913136032224e+07
1.091229067016676788e+11 6.274038409919863939e+07 5.467809642311879992e+07
1.108137679066969299e+11 6.768531696820481122e+07 5.911152935430150479e+07
1.125308290334574432e+11 7.302107800224357843e+07 6.390334201371041685e+07
1.142744960501604004e+11 7.877858950156095624e+07 6.908240195128634572e+07
1.160451812155009613e+11 8.499136660200943053e+07 7.468002538842025399e+07
