# T[K] Gamma_nTOp[1/tau_n] Gamma_pTOn[1/tau_n]
# fingerprint_hash: debdd9d1047eed37
# fingerprint: {"QED_corrections":true,"T_end_MeV":0.001,"T_start_cosmo_MeV":100.0,"analytic_distortions":false,"delta_xi_nu":0.0,"finite_mass_corrections":true,"format_version":1,"incomplete_decoupling":false,"munuOverTnu":-0.05,"nevo_file":null,"nevo_file_prefix":"NEVOPRIMAT","nevo_spectral_file":null,"radiative_corrections":true,"sampling_nTOp_per_decade":150,"spectral_distortions":false,"y_SZ":0.0,"y_gray":0.0}
1.160451812155007198e+07 9.999983374589701546e-01 0.000000000000000000e+00
1.178433031761291809e+07 9.999983116554290730e-01 0.000000000000000000e+00
1.196692870656324737e+07 9.999982854500921725e-01 0.000000000000000000e+00
1.215235646050493419e+07 9.999982588366598257e-01 0.000000000000000000e+00
1.234065742049430311e+07 9.999982318087283772e-01 0.000000000000000000e+00
1.253187610690555163e+07 9.999982043597905879e-01 0.000000000000000000e+00
1.272605772995679639e+07 9.999981764832317488e-01 0.000000000000000000e+00
1.292324820039921999e+07 9.999981481723292376e-01 0.000000000000000000e+00
1.312349414037183113e+07 9.999981194202505197e-01 0.000000000000000000e+00
1.332684289442444220e+07 9.999980902200501509e-01 0.000000000000000000e+00
1.353334254071142524e+07 9.999980605646694443e-01 0.000000000000000000e+00
1.374304190235893987e+07 9.999980304469340275e-01 0.000000000000000000e+00
1.395599055900826678e+07 9.999979998595518449e-01 0.000000000000000000e+00
1.417223885853803717e+07 9.999979687951111584e-01 0.000000000000000000e+00
1.439183792896807566e+07 9.999979372460795490e-01 0.000000000000000000e+00
1.461483969054769725e+07 9.999979052048004746e-01 0.000000000000000000e+00
1.484129686803135276e+07 9.999978726634928261e-01 0.000000000000000000e+00
1.507126300314432755e+07 9.999978396142475967e-01 0.000000000000000000e+00
1.530479246724189445e+07 9.999978060490273268e-01 0.000000000000000000e+00
1.554194047416432761e+07 9.999977719596625514e-01 0.000000000000000000e+00
1.578276309329124913e+07 9.999977373378508005e-01 0.000000000000000000e+00
1.602731726279822551e+07 9.999977021751532691e-01 0.000000000000000000e+00
1.627566080311877280e+07 9.999976664629944834e-01 0.000000000000000000e+00
1.652785243061496504e+07 9.999976301926573052e-01 0.000000000000000000e+00
1.678395177145985141e+07 9.999975933552834872e-01 0.000000000000000000e+00
1.704401937573499978e+07 9.999975559418686766e-01 0.000000000000000000e+00
1.730811673174647242e+07 9.999975179432623040e-01 0.000000000000000000e+00
1.757630628056262806e+07 9.999974793501628101e-01 0.000000000000000000e+00
1.784865143077719212e+07 9.999974401531164236e-01 0.000000000000000000e+00
1.812521657350106537e+07 9.999974003425146085e-01 0.000000000000000000e+00
1.840606709758647159e+07 9.999973599085905107e-01 0.000000000000000000e+00
1.869126940508694202e+07 9.999973188414168490e-01 0.000000000000000000e+00
1.898089092695691064e+07 9.999972771309019182e-01 0.000000000000000000e+00
1.927500013899453729e+07 9.999972347667884787e-01 0.000000000000000000e+00
1.957366657803158462e+07 9.999971917386493159e-01 0.000000000000000000e+00
1.987696085837414861e+07 9.999971480358849085e-01 0.000000000000000000e+00
2.018495468849814311e+07 9.999971036477196540e-01 0.000000000000000000e+00
2.049772088800346479e+07 9.999970585631995368e-01 0.000000000000000000e+00
2.081533340483090654e+07 9.999970127711883539e-01 0.000000000000000000e+00
2.113786733274578676e+07 9.999969662603647169e-01 0.000000000000000000e+00
2.146539892909253761e+07 9.999969190192183888e-01 0.000000000000000000e+00
2.179800563282437995e+07 9.999968710360477298e-01 0.000000000000000000e+00
2.213576608281236142e+07 9.999968222989551458e-01 0.000000000000000000e+00
2.247876013643810898e+07 9.999967727958442021e-01 0.000000000000000000e+00
2.282706888847468048e+07 9.999967225144165139e-01 0.000000000000000000e+00
2.318077469025994465e+07 9.999966714421671954e-01 0.000000000000000000e+00
2.353996116916708648e+07 9.999966195663824164e-01 0.000000000000000000e+00
2.390471324837678671e+07 9.999965668741348512e-01 0.000000000000000000e+00
2.427511716695579141e+07 9.999965133522802363e-01 0.000000000000000000e+00
2.465126050024658069e+07 9.999964589874538179e-01 0.000000000000000000e+00
2.503323218057302758e+07 9.999964037660662441e-01 0.000000000000000000e+00
2.542112251826666296e+07 9.999963476742996793e-01 0.000000000000000000e+00
2.581502322301920131e+07 9.999962906981049171e-01 0.000000000000000000e+00
2.621502742556547374e+07 9.999962328231956077e-01 0.000000000000000000e+00
2.662122969970256090e+07 9.999961740350463701e-01 0.000000000000000000e+00
2.703372608465004340e+07 9.999961143188870194e-01 0.000000000000000000e+00
2.745261410775677487e+07 9.999960536596992355e-01 0.000000000000000000e+00
2.787799280755945295e+07 9.999959920422124560e-01 0.000000000000000000e+00
2.830996275719850883e+07 9.999959294509005447e-01 0.000000000000000000e+00
2.874862608819680288e+07 9.999958658699753533e-01 0.000000000000000000e+00
2.919408651460680366e+07 9.999958012833853882e-01 0.000000000000000000e+00
2.964644935753189772e+07 9.999957356748095938e-01 0.000000000000000000e+00
3.010582157002766803e+07 9.999956690276533555e-01 0.000000000000000000e+00
3.057231176238903776e+07 9.999956013250448361e-01 0.000000000000000000e+00
3.104603022782918811e+07 9.999955325498305347e-01 0.000000000000000000e+00
3.152708896855644137e+07 9.999954626845709571e-01 0.000000000000000000e+00
3.201560172225513682e+07 9.999953917115356195e-01 0.000000000000000000e+00
3.251168398897688091e+07 9.999953196127001620e-01 0.000000000000000000e+00
3.301545305844844505e+07 9.999952463697405758e-01 0.000000000000000000e+00
3.352702803780281544e+07 9.999951719640306491e-01 0.000000000000000000e+00
3.404652987973993272e+07 9.999950963766356393e-01 0.000000000000000000e+00
3.457408141112377495e+07 9.999950195883107185e-01 0.000000000000000000e+00
3.510980736202257872e+07 9.999949415794940899e-01 0.000000000000000000e+00
3.565383439519898593e+07 9.999948623303054340e-01 0.000000000000000000e+00
3.620629113605720550e+07 9.999947818205402461e-01 0.000000000000000000e+00
3.676730820305417478e+07 9.999947000296669497e-01 0.000000000000000000e+00
3.733701823858191818e+07 9.999946169368232329e-01 0.000000000000000000e+00
3.791555594032848626e+07 9.999945325208113855e-01 0.000000000000000000e+00
3.850305809312484413e+07 9.999944467600967446e-01 0.000000000000000000e+00
3.909966360128491372e+07 9.999943596328024764e-01 0.000000000000000000e+00
3.970551352144742757e+07 9.999942711167074672e-01 0.000000000000000000e+00
4.032075109592594206e+07 9.999941811892443244e-01 0.000000000000000000e+00
4.094552178657598794e+07 9.999940898274956025e-01 0.000000000000000000e+00
4.157997330918689817e+07 9.999939970081914709e-01 0.000000000000000000e+00
4.222425566840653867e+07 9.999939027077089371e-01 0.000000000000000000e+00
4.287852119320724159e+07 9.999938069020691822e-01 0.000000000000000000e+00
4.354292457290121913e+07 9.999937095669371168e-01 0.000000000000000000e+00
4.421762289371407777e+07 9.999936106776189382e-01 0.000000000000000000e+00
4.490277567592503130e+07 9.999935102090647954e-01 0.000000000000000000e+00
4.559854491158261150e+07 9.999934081358661242e-01 0.000000000000000000e+00
4.630509510280475020e+07 9.999933044322573128e-01 0.000000000000000000e+00
4.702259330067235976e+07 9.999931990721178110e-01 0.000000000000000000e+00
4.775120914472556859e+07 9.999930920289727965e-01 0.000000000000000000e+00
4.849111490307190269e+07 9.999929832759978376e-01 0.000000000000000000e+00
4.924248551311602443e+07 9.999928727860204480e-01 0.000000000000000000e+00
5.000549862292049825e+07 9.999927605315251933e-01 0.000000000000000000e+00
5.078033463320748508e+07 9.999926464846602414e-01 0.000000000000000000e+00
5.156717674001127481e+07 9.999925306172418038e-01 0.000000000000000000e+00
5.236621097799165547e+07 9.999924129007634610e-01 0.000000000000000000e+00
5.317762626441849768e+07 9.999922933064038233e-01 0.000000000000000000e+00
5.400161444383779913e+07 9.999921718050369668e-01 0.000000000000000000e+00
5.483837033342991769e+07 9.999920483672439797e-01 0.000000000000000000e+00
5.568809176907058060e+07 9.999919229633260631e-01 0.000000000000000000e+00
5.655097965210559964e+07 9.999917955633192967e-01 0.000000000000000000e+00
5.742723799685039371e+07 9.999916661370109594e-01 0.000000000000000000e+00
5.831707397882549465e+07 9.999915346539584027e-01 0.000000000000000000e+00
5.922069798373948038e+07 9.999914010835091460e-01 0.000000000000000000e+00
6.013832365723089874e+07 9.999912653948244134e-01 0.000000000000000000e+00
6.107016795538090169e+07 9.999911275569043356e-01 0.000000000000000000e+00
6.201645119600865245e+07 9.999909875386160385e-01 0.000000000000000000e+00
6.297739711076147109e+07 9.999908453087239524e-01 0.000000000000000000e+00
6.395323289801218361e+07 9.999907008359246730e-01 0.000000000000000000e+00
6.494418927657606453e+07 9.999905540888841537e-01 0.000000000000000000e+00
6.595050054026017338e+07 9.999904050362780072e-01 0.000000000000000000e+00
6.697240461325791478e+07 9.999902536468372460e-01 0.000000000000000000e+00
6.801014310640202463e+07 9.999900998893962445e-01 0.000000000000000000e+00
6.906396137428861856e+07 9.999899437329465846e-01 0.000000000000000000e+00
7.013410857328766584e+07 9.999897851466952314e-01 0.000000000000000000e+00
7.122083772045093775e+07 9.999896241001279273e-01 0.000000000000000000e+00
7.232440575333356857e+07 9.999894605630782474e-01 0.000000000000000000e+00
7.344507359074223042e+07 9.999892945058018734e-01 0.000000000000000000e+00
7.458310619442476332e+07 9.999891258990579734e-01 0.000000000000000000e+00
7.573877263171552122e+07 9.999889547141977975e-01 0.000000000000000000e+00
7.691234613915163279e+07 9.999887809232591573e-01 0.000000000000000000e+00
7.810410418707470596e+07 9.999886044990713430e-01 0.000000000000000000e+00
7.931432854523386061e+07 9.999884254153649232e-01 0.000000000000000000e+00
8.054330534940499067e+07 9.999882436468939817e-01 0.000000000000000000e+00
8.179132516904246807e+07 9.999880591695661236e-01 0.000000000000000000e+00
8.305868307597909868e+07 9.999878719605848065e-01 0.000000000000000000e+00
8.434567871419046819e+07 9.999876819985988874e-01 0.000000000000000000e+00
8.565261637064042687e+07 9.999874892638703772e-01 0.000000000000000000e+00
8.697980504722426832e+07 9.999872937384490790e-01 0.000000000000000000e+00
8.832755853382664919e+07 9.999870954063635464e-01 0.000000000000000000e+00
8.969619548251155019e+07 9.999868942538284733e-01 0.000000000000000000e+00
9.108603948286184669e+07 9.999866902694641846e-01 0.000000000000000000e+00
9.249741913848623633e+07 9.999864834445366668e-01 0.000000000000000000e+00
9.393066814471167326e+07 9.999862737732119200e-01 0.000000000000000000e+00
9.538612536747957766e+07 9.999860612528336246e-01 0.000000000000000000e+00
9.686413492346459627e+07 9.999858458842189046e-01 0.000000000000000000e+00
9.836504626143486798e+07 9.999856276719769621e-01 0.000000000000000000e+00
9.988921424487280846e+07 9.999854066248514695e-01 0.000000000000000000e+00
1.014369992358764559e+08 9.999851827560887196e-01 0.000000000000000000e+00
1.030087671803597659e+08 9.999849560838320883e-01 0.000000000000000000e+00
1.046048896945751756e+08 9.999847266315462502e-01 0.000000000000000000e+00
1.062257441529747695e+08 9.999844944284721482e-01 0.000000000000000000e+00
1.078717137774338573e+08 9.999842595101151588e-01 0.000000000000000000e+00
1.095431877278568894e+08 9.999840219187690060e-01 0.000000000000000000e+00
1.112405611941873878e+08 9.999837817040765353e-01 0.000000000000000000e+00
1.129642354898433983e+08 9.999835389236328975e-01 0.000000000000000000e+00
1.147146181466008723e+08 9.999832936436304776e-01 0.000000000000000000e+00
1.164921230109472573e+08 9.999830459395505633e-01 0.000000000000000000e+00
1.182971703419280052e+08 9.999827958969040864e-01 0.000000000000000000e+00
1.201301869105092436e+08 9.999825436120267641e-01 0.000000000000000000e+00
1.219916061004801840e+08 9.999822891929286417e-01 0.000000000000000000e+00
1.238818680109188110e+08 9.999820327602048087e-01 0.000000000000000000e+00
1.258014195602454841e+08 9.999817744480106185e-01 0.000000000000000000e+00
1.277507145918886960e+08 9.999815144051060756e-01 0.000000000000000000e+00
1.297302139815881997e+08 9.999812527959720532e-01 0.000000000000000000e+00
1.317403857463608384e+08 9.999809898020071142e-01 0.000000000000000000e+00
1.337817051551546305e+08 9.999807256228062657e-01 0.000000000000000000e+00
1.358546548412176967e+08 9.999804604775295314e-01 0.000000000000000000e+00
1.379597249162081480e+08 9.999801946063660019e-01 0.000000000000000000e+00
1.400974130860720873e+08 9.999799282721019145e-01 0.000000000000000000e+00
1.422682247687174082e+08 9.999796617617916494e-01 0.000000000000000000e+00
1.444726732135106027e+08 9.999793953885515174e-01 0.000000000000000000e+00
1.467112796226254404e+08 9.999791294934725627e-01 0.000000000000000000e+00
1.489845732742717564e+08 9.999788644476688138e-01 0.000000000000000000e+00
1.512930916478338540e+08 9.999786006544627570e-01 0.000000000000000000e+00
1.536373805509477854e+08 9.999783385517246881e-01 0.000000000000000000e+00
1.560179942485477626e+08 9.999780786143711575e-01 0.000000000000000000e+00
1.584354955939120650e+08 9.999778213570346130e-01 0.000000000000000000e+00
1.608904561617396772e+08 9.999775673369150075e-01 0.000000000000000000e+00
1.633834563832888305e+08 9.999773171568278052e-01 0.000000000000000000e+00
1.659150856836094260e+08 9.999770714684589334e-01 0.000000000000000000e+00
1.684859426209020317e+08 9.999768309758412244e-01 0.000000000000000000e+00
1.710966350280363262e+08 9.999765964390672224e-01 0.000000000000000000e+00
1.737477801562620401e+08 9.999763686782553451e-01 0.000000000000000000e+00
1.764400048211470246e+08 9.999761485777830528e-01 0.000000000000000000e+00
1.791739455507765412e+08 9.999759370908084533e-01 0.000000000000000000e+00
1.819502487362487614e+08 9.999757352440957758e-01 0.000000000000000000e+00
1.847695707845024765e+08 9.999755441431695813e-01 0.000000000000000000e+00
1.876325782735125422e+08 9.999753649778142517e-01 0.000000000000000000e+00
1.905399481098903120e+08 9.999751990279438507e-01 0.000000000000000000e+00
1.934923676889261007e+08 9.999750476698698876e-01 0.000000000000000000e+00
1.964905350571113229e+08 9.999749123829870801e-01 0.000000000000000000e+00
1.995351590771790445e+08 9.999747947569114226e-01 0.000000000000000000e+00
2.026269595957019329e+08 9.999746964990902098e-01 0.000000000000000000e+00
2.057666676132869124e+08 9.999746194429338653e-01 0.000000000000000000e+00
2.089550254574079216e+08 9.999745655564798996e-01 0.000000000000000000e+00
2.121927869579117596e+08 9.999745369516438442e-01 0.000000000000000000e+00
2.154807176252569854e+08 9.999745358940846929e-01 0.000000000000000000e+00
2.188195948314920366e+08 9.999745648137304821e-01 0.000000000000000000e+00
2.222102079940649271e+08 9.999746263160053106e-01 0.000000000000000000e+00
2.256533587624525726e+08 9.999747231938034275e-01 0.000000000000000000e+00
2.291498612077109218e+08 9.999748584402632368e-01 0.000000000000000000e+00
2.327005420149325728e+08 9.999750352623880678e-01 0.000000000000000000e+00
2.363062406787165999e+08 9.999752570955749986e-01 0.000000000000000000e+00
2.399678097016378045e+08 9.999755276191083508e-01 0.000000000000000000e+00
2.436861147958159745e+08 9.999758507726821399e-01 0.000000000000000000e+00
2.474620350875932574e+08 9.999762307740214240e-01 0.000000000000000000e+00
2.512964633253887594e+08 9.999766721376712741e-01 8.235390927534985147e-29
2.551903060907726884e+08 9.999771796950366332e-01 2.136294049958509056e-28
2.591444840128114223e+08 9.999777586157488907e-01 5.464717023447335237e-28
2.631599319857335687e+08 9.999784144304582068e-01 1.378782448682320402e-27
2.672375993899689615e+08 9.999791530551356278e-01 3.431906164821785215e-27
2.713784503166126013e+08 9.999799808169999027e-01 8.428987842858251377e-27
2.755834637953664660e+08 9.999809044821651449e-01 2.043163936874238131e-26
2.798536340260137916e+08 9.999819312851423447e-01 4.888828621752984525e-26
2.841899706134794354e+08 9.999830689603138589e-01 1.154954671404239833e-25
2.885934988065328598e+08 9.999843257755258730e-01 2.694430576333399837e-25
2.930652597401899099e+08 9.999857105679503810e-01 6.208591733439131750e-25
2.976063106818702817e+08 9.999872327823473572e-01 1.413266597876070386e-24
3.022177252813694477e+08 9.999889025119785835e-01 3.178626996096062434e-24
3.069005938247038126e+08 9.999907305422934822e-01 7.065092994357520171e-24
3.116560234918893576e+08 9.999927283976574044e-01 1.552158942354222459e-23
3.164851386187142134e+08 9.999949083913044490e-01 3.371090830444874685e-23
3.213890809625677466e+08 9.999972836787791586e-01 7.239281437321724972e-23
3.263690099723885655e+08 9.999998683152413470e-01 1.537392822543553304e-22
3.314261030627954006e+08 1.000002677316866651e+00 3.229320333626662435e-22
3.365615558924655318e+08 1.000005726726811650e+00 6.710358035759919400e-22
3.417765826468266249e+08 1.000009033685649307e+00 1.379617996184995853e-21
3.470724163251295090e+08 1.000012616507642393e+00 2.806854081424670249e-21
3.524503090319680572e+08 1.000016494762524299e+00 5.651930751715474395e-21
3.579115322733171582e+08 1.000020689363725568e+00 1.126566920867544880e-20
3.634573772571575642e+08 1.000025222663951441e+00 2.223138266662542784e-20
3.690891551987583041e+08 1.000030118556993974e+00 4.344006081947219201e-20
3.748081976306903362e+08 1.000035402589920963e+00 8.406070662798472965e-20
3.806158567176433802e+08 1.000041102083851552e+00 1.611155863725659276e-19
3.865135055761207938e+08 1.000047246265540313e+00 3.059048139675413381e-19
3.925025385990885496e+08 1.000053866408989300e+00 5.754408958366369488e-19
3.985843717856540680e+08 1.000060995990933455e+00 1.072608737985015111e-18
4.047604430758538246e+08 1.000068670861461895e+00 1.981380193191380340e-18
4.110322126906284690e+08 1.000076929428888928e+00 3.627764028751814399e-18
4.174011634770658016e+08 1.000085812867817836e+00 6.584351786381146613e-18
4.238688012589931488e+08 1.000095365333935504e+00 1.184805457796873236e-17
4.304366551930025220e+08 1.000105634213311001e+00 2.113963883377615331e-17
4.371062781299918890e+08 1.000116670395792218e+00 3.740419555402878292e-17
4.438792469823092222e+08 1.000128528569587338e+00 6.564026532948365191e-17
4.507571630965847373e+08 1.000141267559967462e+00 1.142620302234492505e-16
4.577416526323405504e+08 1.000154950671249487e+00 1.973189339341020056e-16
4.648343669464669228e+08 1.000169646106787491e+00 3.380833456171144994e-16
4.720369829836559296e+08 1.000185427407190630e+00 5.748033880346839790e-16
4.793512036728846431e+08 1.000202373954362622e+00 9.698556967243757190e-16
4.867787583300423026e+08 1.000220571533182667e+00 1.624195737467134500e-15
4.943214030667957664e+08 1.000240112877728960e+00 2.699998628313526163e-15
5.019809212057906389e+08 1.000261098413064431e+00 4.455871328892313192e-15
5.097591237022857666e+08 1.000283636977211676e+00 7.301214150899779690e-15
5.176578495723209381e+08 1.000307846647507715e+00 1.187954341793023481e-14
5.256789663275194168e+08 1.000333855715276554e+00 1.919530615814079587e-14
5.338243704166270494e+08 1.000361803679648887e+00 3.080554251859515033e-14
5.420959876738939285e+08 1.000391842302721157e+00 4.910757091438607490e-14
5.504957737744028568e+08 1.000424137029679361e+00 7.776795630515576601e-14
5.590257146964536905e+08 1.000458868298894188e+00 1.223578665839183899e-13
5.676878271911146641e+08 1.000496233086473286e+00 1.912880663214973141e-13
5.764841592590348721e+08 1.000536446734748841e+00 2.971761918694856829e-13
5.854167906346831322e+08 1.000579744754024114e+00 4.588335151932337171e-13
5.944878332780287266e+08 1.000626384995539242e+00 7.041344254144453349e-13
6.036994318739138842e+08 1.000676649953867514e+00 1.074135706966432973e-12
6.130537643390874863e+08 1.000730849320516258e+00 1.628955075519890429e-12
6.225530423371738195e+08 1.000789322788408375e+00 2.456111549211067816e-12
6.321995118015404940e+08 1.000852443457836305e+00 3.682293013541410472e-12
6.419954534663496017e+08 1.000920620985444209e+00 5.489862327699039371e-12
6.519431834057576656e+08 1.000994305347529423e+00 8.139885699862664496e-12
6.620450535815382004e+08 1.001073991477035019e+00 1.200409379694361304e-11
6.723034523991479874e+08 1.001160223352266510e+00 1.760898741478670465e-11
6.827208052724248171e+08 1.001253598976267201e+00 2.569639775780783107e-11
6.932995751970334053e+08 1.001354776614610476e+00 3.730623895319576724e-11
7.040422633327958584e+08 1.001464480183617445e+00 5.388895075233005564e-11
7.149514095950464010e+08 1.001583505830684784e+00 7.745757309470583211e-11
7.260295932551482916e+08 1.001712729478760888e+00 1.107924332153934387e-10
7.372794335503163338e+08 1.001853114325480520e+00 1.577152397430814155e-10
7.487035903028886318e+08 1.002005719040164555e+00 2.234543779262375600e-10
7.603047645491930246e+08 1.002171709122886556e+00 3.151299303760831197e-10
7.720856991781592369e+08 1.002352366048367527e+00 4.423938915220292520e-10
7.840491795798252821e+08 1.002549094297917831e+00 6.182705007353897554e-10
7.961980343038927317e+08 1.002763440223243929e+00 8.602588291739691108e-10
8.085351357284868956e+08 1.002997103327187167e+00 1.191767572578315808e-09
8.210634007392781973e+08 1.003251942015564779e+00 1.643970497214650869e-09
8.337857914191280603e+08 1.003530004417974020e+00 2.258216589170088443e-09
8.467053157484196424e+08 1.003833529413655334e+00 3.089107910775110722e-09
8.598250283162407875e+08 1.004164974550449951e+00 4.208457570416854665e-09
8.731480310425866842e+08 1.004527030087888573e+00 5.710319819835902472e-09
8.866774739117529392e+08 1.004922648042109179e+00 7.717393539656387120e-09
9.004165557170931101e+08 1.005355046716748024e+00 1.038905944334981812e-08
9.143685248173152208e+08 1.005827757019608582e+00 1.393157772927367008e-08
9.285366799044981003e+08 1.006344638080163501e+00 1.861079626627667686e-08
9.429243707840079069e+08 1.006909896166687579e+00 2.476797428489908727e-08
9.575349991664987803e+08 1.007528134646343609e+00 3.283956907901450880e-08
9.723720194721868038e+08 1.008204371526637555e+00 4.338155772980076040e-08
9.874389396475850344e+08 1.008944074043046202e+00 5.709943542405371452e-08
1.002739321994894743e+09 1.009753212555617230e+00 7.488518392824352873e-08
1.018276784014247060e+09 1.010638281507097336e+00 9.786211823473793394e-08
1.034054999258996606e+09 1.011606343195768032e+00 1.274395531130148430e-07
1.050077698204266429e+09 1.012665096971145484e+00 1.653794366213955013e-07
1.066348669128951907e+09 1.013822901559418677e+00 2.138759933134995761e-07
1.082871759011391401e+09 1.015088829263937953e+00 2.756517247447319246e-07
1.099650874438914537e+09 1.016472754529496036e+00 3.540732375752605563e-07
1.116689982531485558e+09 1.017985379150252889e+00 4.532876774794794592e-07
1.133993111879655838e+09 1.019638294150441160e+00 5.783852376753629403e-07
1.151564353497053146e+09 1.021444092758114319e+00 7.355935194792856436e-07
1.169407861787627220e+09 1.023416397311833981e+00 9.325030331368711634e-07
1.187527855527884483e+09 1.025569941567924692e+00 1.178333564678363913e-06
1.205928618864341497e+09 1.027920702190665780e+00 1.484249162905425437e-06
1.224614502326434612e+09 1.030485933465720594e+00 1.863719120613535556e-06
1.243589923855123758e+09 1.033284255881964153e+00 2.332939370840196566e-06
1.262859369847435951e+09 1.036335843784419453e+00 2.911330271024418465e-06
1.282427396217192411e+09 1.039662435623619707e+00 3.622094493624942864e-06
1.302298629472172976e+09 1.043287455860287150e+00 4.492867443990394503e-06
1.322477767807970285e+09 1.047236247874779203e+00 5.556480808387222722e-06
1.342969582218793631e+09 1.051536072514899445e+00 6.851804596122011212e-06
1.363778917625484943e+09 1.056216258914810524e+00 8.424726212287093980e-06
1.384910694021013021e+09 1.061308495650877592e+00 1.032929716180810216e-05
1.406369907633722782e+09 1.066846824707771146e+00 1.262898541431833907e-05
1.428161632108575344e+09 1.072867788723494309e+00 1.539810249777402555e-05
1.450291019706783295e+09 1.079410863450802838e+00 1.872352611160824496e-05
1.472763302523882866e+09 1.086518349149568463e+00 2.270649602009688252e-05
1.495583793726863146e+09 1.094235629519775710e+00 2.746473952162822011e-05
1.518757888810273170e+09 1.102611658815638274e+00 3.313497145752549805e-05
1.542291066871986866e+09 1.111698800197846504e+00 3.987549300649198796e-05
1.566188891908537626e+09 1.121553217817094161e+00 4.786932206221221125e-05
1.590457014130726576e+09 1.132235381849366007e+00 5.732781537787838376e-05
1.615101171299410820e+09 1.143809919248941265e+00 6.849446517712705470e-05
1.640127190082197428e+09 1.156346078836597790e+00 8.164947772218256281e-05
1.665540987430948496e+09 1.169918293272906640e+00 9.711505609512194998e-05
1.691348571980845928e+09 1.184606138845943679e+00 1.152610455223514386e-04
1.717556045470915318e+09 1.200494677003692390e+00 1.365115449794351637e-04
1.744169604186783075e+09 1.217675317174885086e+00 1.613528182023348737e-04
1.771195540425565243e+09 1.236245771057373322e+00 1.903416626433277544e-04
1.798640243983680964e+09 1.256310146588013765e+00 2.241149685962735296e-04
1.826510203667497396e+09 1.277980668776482753e+00 2.634020426233291113e-04
1.854812008827570677e+09 1.301376684925083183e+00 3.090362896394579801e-04
1.883552350916542530e+09 1.326625818677872992e+00 3.619704394483510591e-04
1.912738025071222544e+09 1.353865001033647264e+00 4.232939516587670768e-04
1.942375931719174385e+09 1.383240323973855990e+00 4.942516247729697096e-04
1.972473078210198879e+09 1.414907303190312104e+00 5.762651579787994886e-04
2.003036580473095179e+09 1.449033470357818931e+00 6.709607802665751601e-04
2.034073664698094368e+09 1.485796531163690259e+00 7.801950657931606536e-04
2.065591669045362234e+09 1.525386636683506936e+00 9.060897744012312962e-04
2.097598045379975080e+09 1.568007564868265868e+00 1.051070347283016015e-03
2.130100361033778667e+09 1.613876196003590335e+00 1.217906967368359399e-03
2.163106300594548702e+09 1.663223939908212268e+00 1.409764294177081548e-03
2.196623667722872734e+09 1.716298973647817361e+00 1.630259844824880847e-03
2.230660386997185230e+09 1.773365361322549072e+00 1.883524358797627161e-03
2.265224505787391663e+09 1.834704689157159008e+00 2.174274883174875592e-03
2.300324196157525063e+09 1.900619256814855218e+00 2.507901697069402948e-03
2.335967756797881126e+09 1.971430131823250109e+00 2.890554583071544212e-03
2.372163614987098217e+09 2.047479730854033786e+00 3.329250621460667393e-03
2.408920328584632397e+09 2.129135984209658439e+00 3.832001699036302177e-03
2.446246588054110050e+09 2.216789749526743680e+00 4.407938537124643508e-03
2.484151218518033028e+09 2.310857376066569824e+00 5.067464285598062383e-03
2.522643181844318390e+09 2.411786293124992930e+00 5.822439827293889210e-03
2.561731578765172005e+09 2.520051914714709351e+00 6.686360264461505346e-03
2.601425651028792858e+09 2.636160668175239419e+00 7.674573440889584028e-03
2.641734783584417343e+09 2.760656905841507580e+00 8.804545160137526930e-03
2.682668506801221371e+09 2.894118985102793307e+00 1.009610572968552313e-02
2.724236498721607208e+09 3.037163038275284332e+00 1.157175809273530351e-02
2.766448587349399090e+09 3.190451512818882840e+00 1.325705400739399242e-02
2.809314752973500729e+09 3.354688228064174105e+00 1.518093351459854842e-02
2.852845130527552605e+09 3.530623060953749004e+00 1.737615498631242886e-02
2.897050011986157894e+09 3.719062491952063620e+00 1.987982435498869896e-02
2.941939848798230648e+09 3.920863399370380975e+00 2.273385606330004943e-02
2.987525254358056068e+09 4.136938893680166096e+00 2.598556791759943155e-02
3.033817006514635563e+09 4.368271285729802500e+00 2.968841986950650907e-02
3.080826050119915485e+09 4.615903665052586646e+00 3.390262403696993332e-02
3.128563499616498947e+09 4.880948294255976094e+00 3.869597163732436257e-02
3.177040641665457726e+09 5.164602936564232749e+00 4.414486457741461506e-02
3.226268937814860821e+09 5.468139796274612330e+00 5.033511661065864784e-02
3.276260027209647655e+09 5.792913716732198459e+00 5.736304970894465921e-02
3.327025729343498230e+09 6.140384621556733258e+00 6.533694610311756301e-02
3.378578046853338718e+09 6.512105106767382523e+00 7.437811643797676009e-02
3.430929168357147217e+09 6.909727827693171953e+00 8.462233878705141543e-02
3.484091471335736275e+09 7.335034126126731557e+00 9.622187244623180147e-02
3.538077525059182644e+09 7.789919283582600329e+00 1.093468504932214591e-01
3.592900093558606625e+09 8.276398624333207721e+00 1.241871371700355997e-01
3.648572138643998146e+09 8.796651309082673009e+00 1.409552886453592502e-01
3.705106822968801022e+09 9.352986732881971577e+00 1.598879693627070220e-01
3.762517513141988754e+09 9.947873747836665004e+00 1.812489553741621906e-01
3.820817782888371944e+09 1.058396885573286994e+01 2.053325329174356118e-01
3.880021416257783890e+09 1.126409916426627156e+01 2.324658752535520845e-01
3.940142410884243965e+09 1.199127976359327619e+01 2.630125572664157585e-01
4.001194981295209408e+09 1.276876255931913740e+01 2.973775807287835637e-01
4.063193562272600174e+09 1.360000133818899037e+01 3.360099048512399933e-01
4.126152812265383244e+09 1.448869150712180875e+01 3.794077787640444677e-01
4.190087616855565071e+09 1.543880312151004297e+01 4.281244874390137678e-01
4.255013092277347565e+09 1.645457468789700428e+01 4.827729374358501468e-01
4.320944588991366386e+09 1.754052197141962210e+01 5.440310783463989663e-01
4.387897695313753128e+09 1.870151435469472645e+01 6.126511474497339238e-01
4.455888241101989746e+09 1.994274035058967343e+01 6.894642908605197462e-01
4.524932301497314453e+09 2.126973272813461691e+01 7.753882662017262950e-01
4.595046200725684166e+09 2.268846194113427828e+01 8.714399167718955841e-01
4.666246515957053185e+09 2.420528691259255538e+01 9.787404577394014371e-01
4.738550081225043297e+09 2.582699579735573536e+01 1.098526128665456181e+00
4.811973991406744957e+09 2.756090696211167312e+01 1.232164060354401292e+00
4.886535606264802933e+09 2.941482341484186236e+01 1.381159588876243349e+00
4.962252554551527023e+09 3.139707779015686029e+01 1.547169906171786513e+00
5.039142738177108765e+09 3.351665691986634954e+01 1.732025286973031930e+00
5.117224336442107201e+09 3.578312997118530348e+01 1.937736682995979898e+00
5.196515810335638046e+09 3.820673600967091943e+01 2.166516075373301486e+00
5.277035906900142670e+09 4.079851704641323806e+01 2.420803191350854089e+00
5.358803663663785934e+09 4.357023504696090299e+01 2.703274878295760963e+00
5.441838413141543388e+09 4.653446512547476743e+01 3.016870415385997539e+00
5.526159787406021118e+09 4.970477768364717974e+01 3.364828510553338425e+00
5.611787722729105949e+09 5.309564012303155067e+01 3.750698764343418645e+00
5.698742464295544624e+09 5.672252157319255161e+01 4.178373785282206931e+00
5.787044570989544868e+09 6.060211961078593390e+01 4.652138391828823494e+00
5.876714920255559921e+09 6.475222937899057740e+01 5.176681729983512170e+00
5.967774713034382820e+09 6.919189026531184084e+01 5.757141052917297053e+00
6.060245478775726318e+09 7.394165723148003622e+01 6.399165799333835558e+00
6.154149080528474808e+09 7.902343677917535558e+01 7.108930759299956215e+00
6.249507720109809875e+09 8.446068311720321731e+01 7.893195123462368734e+00
6.346343943354429245e+09 9.027871822655271217e+01 8.759384994752169362e+00
6.444680645445102692e+09 9.650454088143436593e+01 9.715609214711605546e+00
6.544541076325830460e+09 1.031670531801632933e+02 1.077073404141321333e+01
6.645948846198868752e+09 1.102974686420037358e+02 1.193449328005490351e+01
6.748927931106939316e+09 1.179290768156594567e+02 1.321750538354461746e+01
6.853502678601936340e+09 1.260975235618878116e+02 1.463137057999530022e+01
6.959697813501462936e+09 1.348413114606158558e+02 1.618881465107437023e+01
7.067538443734570503e+09 1.442015137158670655e+02 1.790370735970728688e+01
7.177050066278079033e+09 1.542221223576258069e+02 1.979118878122902458e+01
7.288258573184876442e+09 1.649506620973523070e+02 2.186785656366843966e+01
7.401190257705627441e+09 1.764378424813922379e+02 2.415178517378033263e+01
7.515871820505343437e+09 1.887379905434225122e+02 2.666268996713489159e+01
7.632330375976270676e+09 2.019098047068610526e+02 2.942217063359731455e+01
7.750593458648603439e+09 2.160159313053910637e+02 3.245373035499027736e+01
7.870689029700525284e+09 2.311235016305894590e+02 3.578298843968642018e+01
7.992645483569128990e+09 2.473050598749752851e+02 3.943799646772829703e+01
8.116491654663769722e+09 2.646380464097564982e+02 4.344925583525142798e+01
8.242256824183441162e+09 2.832054661507514766e+02 4.784999329495494891e+01
8.369970727039791107e+09 3.030970286036252901e+02 5.267657009401131063e+01
8.499663558887403488e+09 3.244085190043466014e+02 5.796849624821663127e+01
8.631365983263017654e+09 3.472426293245413262e+02 6.376878689669530331e+01
8.765109138835369110e+09 3.717103616894069091e+02 7.012449126852025927e+01
8.900924646767377853e+09 3.979302610531425444e+02 7.708670057670697418e+01
9.038844618192382812e+09 4.260294487455441299e+02 8.471100829538860921e+01
9.178901661806262970e+09 4.561453512327978501e+02 9.305819287002138651e+01
9.321128891577163696e+09 4.884247637496790730e+02 1.021942152781515318e+02
9.465559934574703217e+09 5.230251224339989449e+02 1.121908089115587188e+02
9.612228938920488358e+09 5.601166737014152659e+02 1.231263700510696708e+02
9.761170581861820221e+09 5.998812954579116195e+02 1.350859297670719172e+02
9.912420077970510483e+09 6.425141093307346409e+02 1.481619223241663406e+02
1.006601318746877289e+10 6.882261050421326445e+02 1.624553158646422730e+02
1.022198622468387222e+10 7.372427443001985239e+02 1.780755707725110710e+02
1.038037606663446045e+10 7.898059591051835469e+02 1.951416263168673595e+02
1.054122016174884987e+10 8.461773861766441769e+02 2.137833518732220170e+02
1.070455653871969604e+10 9.066366608385280870e+02 2.341414717903518863e+02
1.087042381549451637e+10 9.714839074304259157e+02 2.563688345485384730e+02
1.103886120840690231e+10 1.041043712908968018e+03 2.806322675362538916e+02
1.120990854144781494e+10 1.115663072961631542e+03 3.071124655739145055e+02
1.138360625568195534e+10 1.195714498376812116e+03 3.360056228187289662e+02
1.155999541880861473e+10 1.281600909545512877e+03 3.675258040436617648e+02
1.173911773487212181e+10 1.373753096706136148e+03 4.019047615168669267e+02
1.192101555412126160e+10 1.472633602917710959e+03 4.393940326917784205e+02
1.210573188302300262e+10 1.578742791493481718e+03 4.802679801415320071e+02
1.229331039442981911e+10 1.692615729028189890e+03 5.248235181113677754e+02
1.248379543790613937e+10 1.814826991767939035e+03 5.733827884445427117e+02
1.267723205021320915e+10 1.945998241546950567e+03 6.262970725733961217e+02
1.287366596595802307e+10 2.086794383705227574e+03 6.839463905136343556e+02
1.307314362840569115e+10 2.237929548409319523e+03 7.467429233318707702e+02
1.327571220046068001e+10 2.400176432801508781e+03 8.151359938055472867e+02
1.348141957581736374e+10 2.574361578417675446e+03 8.896114972531679541e+02
1.369031439028369331e+10 2.761372901937481856e+03 9.706963087823670548e+02
1.390244603328024483e+10 2.962171176514377748e+03 1.058964599094920231e+03
1.411786465951747131e+10 3.177784327093869251e+03 1.155037084976320557e+03
1.433662120085387230e+10 3.409316847425423475e+03 1.259586673949665510e+03
1.455876737833791733e+10 3.657963947303936038e+03 1.373346477873424192e+03
1.478435571443656158e+10 3.925004498213058469e+03 1.497108763439887525e+03
1.501343954545323753e+10 4.211812816280305924e+03 1.631732174524590391e+03
1.524607303413825607e+10 4.519876251858901924e+03 1.778151954752620895e+03
1.548231118249462509e+10 4.850786428474967579e+03 1.937378484590213702e+03
1.572220984478227997e+10 5.206254154783563536e+03 2.110506592839313271e+03
1.596582574072381401e+10 5.588131058661985662e+03 2.298728474063161684e+03
1.621321646891484261e+10 5.998398885509773208e+03 2.503331761916126197e+03
1.646444052044215012e+10 6.439187881017585823e+03 2.725711292100355877e+03
1.671955729271285820e+10 6.912803900685698864e+03 2.967385638490409292e+03
1.697862710349787521e+10 7.421715074108573390e+03 3.229994468356634570e+03
1.724171120519293976e+10 7.968575082577893227e+03 3.515313688927110434e+03
1.750887179930065918e+10 8.556256443513204431e+03 3.825276260867992278e+03
1.778017205113692856e+10 9.187834258837856396e+03 4.161968788226543438e+03
1.805567610476523209e+10 9.866615041789402312e+03 4.527650679836937343e+03
1.833544909816236115e+10 1.059617823883860001e+04 4.924780641265476334e+03
1.861955717861910248e+10 1.138035621477477434e+04 5.356012197679006022e+03
1.890806751837959671e+10 1.222327049830633041e+04 5.824218196291987624e+03
1.920104833052298355e+10 1.312938294732082068e+04 6.332524167083873181e+03
1.949856888509117508e+10 1.410347112447554173e+04 6.884302492572191113e+03
1.980069952546649170e+10 1.515067358199975024e+04 7.483203556818632933e+03
2.010751168500311661e+10 1.627655349864256277e+04 8.133198019426747123e+03
2.041907790391620255e+10 1.748706858029998330e+04 8.838569378363972646e+03
2.073547184643270874e+10 1.878862731009087292e+04 9.603953361972697166e+03
2.105676831820799255e+10 2.018816826192156077e+04 1.043439153664222977e+04
2.138304328401224136e+10 2.169312231300039275e+04 1.133532131054822639e+04
2.171437388569099045e+10 2.331148359045262259e+04 1.231262629579285203e+04
2.205083846040391541e+10 2.505190810967126527e+04 1.337270410788724257e+04
2.239251655914625931e+10 2.692366684773921224e+04 1.452245332280092771e+04
2.273948896555720901e+10 2.893673454829091497e+04 1.576933744116021262e+04
2.309183771501976013e+10 3.110191222962079701e+04 1.712147045856381010e+04
2.344964611405649185e+10 3.343076897466939408e+04 1.858759996822867834e+04
2.381299876002589035e+10 3.593575349955169804e+04 2.017718857527227010e+04
2.418198156112389374e+10 3.863034655033194576e+04 2.190052194317723479e+04
2.455668175669531250e+10 4.152898836184846004e+04 2.376868681506574649e+04
2.493718793786003494e+10 4.464721880418273940e+04 2.579367455393447381e+04
2.532359006845876312e+10 4.800186604729653482e+04 2.798851690218414660e+04
2.571597950632338333e+10 5.161095735135725408e+04 3.036725823142590525e+04
2.611444902487685776e+10 5.549389498881750478e+04 3.294508706126367906e+04
2.651909283506784439e+10 5.967169034654946881e+04 3.573850682298202446e+04
2.693000660764516449e+10 6.416685327666845114e+04 3.876530039052149368e+04
2.734728749577756119e+10 6.900361228416360973e+04 4.204469662311817956e+04
2.777103415802324677e+10 7.420820610368291091e+04 4.559758564270929492e+04
2.820134678165718460e+10 7.980874650148750516e+04 4.944647370808509731e+04
2.863832710635686874e+10 8.583549400321306894e+04 5.361569405144592747e+04
2.908207844825865936e+10 9.232122090388633660e+04 5.813167796960398846e+04
2.953270572438319778e+10 9.930104003705980722e+04 6.302289693067905318e+04
2.999031547744300079e+10 1.068127509559750179e+05 6.832012986345493118e+04
3.045501590103067017e+10 1.148972922168110963e+05 7.405680448602688557e+04
3.092691686520127106e+10 1.235985273784479214e+05 8.026892313720291713e+04
3.140612994244713593e+10 1.329636805892516859e+05 8.699540202251842129e+04
3.189276843407919312e+10 1.430438973840330436e+05 9.427849893065639480e+04
3.238694739701298904e+10 1.538939798489150417e+05 1.021637202323716338e+05
3.288878367097387695e+10 1.655729326729849854e+05 1.107002498842364294e+05
3.339839590611959457e+10 1.781446614935923135e+05 1.199414869322128652e+05
3.391590459109505844e+10 1.916776420203264861e+05 1.299449272919096693e+05
3.444143208151760101e+10 2.062456057806496392e+05 1.407727066917209013e+05
3.497510262890793610e+10 2.219284099673303135e+05 1.524922758072717697e+05
3.551704241006510925e+10 2.388116235512102430e+05 1.651762501885222737e+05
3.606737955690029144e+10 2.569873885256854410e+05 1.789030970202171593e+05
3.662624418673052979e+10 2.765555028486507945e+05 1.937579821955247317e+05
3.719376843304282379e+10 2.976229046598174027e+05 2.098325817411653115e+05
3.777008647673467255e+10 3.203047529650416691e+05 2.272259493256058777e+05
3.835533457783876801e+10 3.447257743926423136e+05 2.460455773638931860e+05
3.894965110773921204e+10 3.710196195000949665e+05 2.664071602481411537e+05
3.955317658188692474e+10 3.993302205778321950e+05 2.884356906659762026e+05
4.016605369302202606e+10 4.298134705247829552e+05 3.122667906207003980e+05
4.078842734491096497e+10 4.626364141850800370e+05 3.380464116380425985e+05
4.142044468660636902e+10 4.979789544146876433e+05 3.659322194542628713e+05
4.206225514723783875e+10 5.360359417185167549e+05 3.960952603404999245e+05
4.271401047134175110e+10 5.770161645530370297e+05 4.287195869262654451e+05
4.337586475473851776e+10 6.211444954262770480e+05 4.640040076987267821e+05
4.404797448096579742e+10 6.686644848391517298e+05 5.021641671341430629e+05
4.473049855827618408e+10 7.198371000915686600e+05 5.434320799721485237e+05
4.542359835720822906e+10 7.749434207555736648e+05 5.880583375085177831e+05
4.612743774873957062e+10 8.342878730824517552e+05 6.363147123573282734e+05
4.684218314303132629e+10 8.981966513086620253e+05 6.884935786041665124e+05
4.756800352877272034e+10 9.670210855953145074e+05 7.449106807363950647e+05
4.830507051313546753e+10 1.041141690414656652e+06 8.059084035951276310e+05
4.905355836234719086e+10 1.120966167606784962e+06 8.718550390755473636e+05
4.981364404289352417e+10 1.206933661435603164e+06 9.431482905636753421e+05
5.058550726335865021e+10 1.299519782363129547e+06 1.020219346237002173e+06
5.136933051691418457e+10 1.399234092469200725e+06 1.103531962509729667e+06
5.216529912446638489e+10 1.506625465830124216e+06 1.193586886206882307e+06
5.297360127847194672e+10 1.622288338030451443e+06 1.290926935828951420e+06
5.379442808743273926e+10 1.746859568306407426e+06 1.396135879104833817e+06
5.462797362107994080e+10 1.881025143378274050e+06 1.509843976954433601e+06
5.547443495625836945e+10 2.025527970092326170e+06 1.632734330558716785e+06
5.633401222352174377e+10 2.181163925435078330e+06 1.765541489684544038e+06
5.720690865444994354e+10 2.348790299361799844e+06 1.909058438074061181e+06
5.809333062969945526e+10 2.529335504147820175e+06 2.064144511672884459e+06
5.899348772779840851e+10 2.723794057455313392e+06 2.231723650211675093e+06
5.990759277469759369e+10 2.933237228429072071e+06 2.412793201844072435e+06
6.083586189408935547e+10 3.158825103823506273e+06 2.608433774602847174e+06
6.177851455850615692e+10 3.401800311667710077e+06 2.819807111087558325e+06
6.273577364121088409e+10 3.663501395319828764e+06 3.048167145207382273e+06
6.370786546889126587e+10 3.945377764512840658e+06 3.294872222568535712e+06
6.469501987517070007e+10 4.248981846877969801e+06 3.561382532135097776e+06
6.569747025494829559e+10 4.575985850394758396e+06 3.849273956780375447e+06
6.671545361958090973e+10 4.928200492105449550e+06 4.160253356162500102e+06
6.774921065292021179e+10 5.307564986130247824e+06 4.496155350554413162e+06
6.879898576821803284e+10 5.716168087689710781e+06 4.858959682433291338e+06
6.986502716591351318e+10 6.156271469749447890e+06 5.250810261632807553e+06
7.094758689231559753e+10 6.630297051635310054e+06 5.674011219404470176e+06
7.204692089919517517e+10 7.140853550491360016e+06 6.131048740444809198e+06
7.316328910429875183e+10 7.690765427666985430e+06 6.624614630895526148e+06
7.429695545280467224e+10 8.283056909854967147e+06 7.157601538574259728e+06
7.544818797972360229e+10 8.920985353726541623e+06 7.733130299276446924e+06
7.661725887327552795e+10 9.608077368747284636e+06 8.354579262350797653e+06
7.780444453923883057e+10 1.034810864578199014e+07 9.025578519300542772e+06
7.901002566630638123e+10 1.114514559794689901e+07 9.750043950722604990e+06
8.023428729244435120e+10 1.200359055384668708e+07 1.053221376286798529e+07
8.147751887228942871e+10 1.292815601837097108e+07 1.137664139255964383e+07
8.274001434557991028e+10 1.392391738523115218e+07 1.228823832819905691e+07
8.402207220665780640e+10 1.499636893593069538e+07 1.327231925547066145e+07
8.532399557503701782e+10 1.615139101335177198e+07 1.433459339340187237e+07
8.664609226707601929e+10 1.739531651066098735e+07 1.548121815560914762e+07
8.798867486874992371e+10 1.873500041031549126e+07 1.671885499094408378e+07
8.935206080956144714e+10 2.017777856254963577e+07 1.805465925438861549e+07
9.073657243758566284e+10 2.173155066635315493e+07 1.949634685276974365e+07
9.214253709568925476e+10 2.340486697929002345e+07 2.105226347927761450e+07
9.357028719891931152e+10 2.520687585889550298e+07 2.273137248617746681e+07
9.502016031310092163e+10 2.714742834698687121e+07 2.454333819498355314e+07
9.649249923464677429e+10 2.923718622207790613e+07 2.649861161612572521e+07
9.798765207160548401e+10 3.148755433223933727e+07 2.860841551992126182e+07
9.950597232596549988e+10 3.391081277105211467e+07 3.088484868592201173e+07
1.010478189772343445e+11 3.652025074547325820e+07 3.334099149579986557e+07
1.026135565673127899e+11 3.933008151722528040e+07 3.599088894466017932e+07
1.042035552866842499e+11 4.235560775571698695e+07 3.884967996533958614e+07
1.058181910619396820e+11 4.561338739875020832e+07 4.193372740484015644e+07
1.074578456446586761e+11 4.912112595504960418e+07 4.526059859108079970e+07
1.091229067016676788e+11 5.289788412296651304e+07 4.884922602699940652e+07
1.108137679066969299e+11 5.696428498254670203e+07 5.272006815412286669e+07
1.125308290334574432e+11 6.134237495495039970e+07 5.689508602755954117e+07
1.142744960501604004e+11 6.605588507555188984e+07 6.139794307759721577e+07
1.160451812155009613e+11 7.113048859335373342e+07 6.625420308743836731e+07
