# T[K] Gamma_nTOp[1/tau_n] Gamma_pTOn[1/tau_n]
# fingerprint_hash: fc7ffb157018ebb0
# fingerprint: {"QED_corrections":true,"T_end_MeV":0.0001,"T_start_cosmo_MeV":40.0,"analytic_distortions":false,"delta_xi_nu":0.0,"finite_mass_corrections":false,"format_version":1,"incomplete_decoupling":false,"munuOverTnu":0.0,"nevo_file":null,"nevo_file_prefix":"NEVOPRIMAT","nevo_spectral_file":null,"opposite_neutrino_chemical_potential":false,"radiative_corrections":false,"sampling_nTOp_per_decade":80,"spectral_distortions":false,"y_SZ":0.0,"y_gray":0.0}
1.160451812155007152e+06 1.000000000004528600e+00 0.000000000000000000e+00
1.194423774848161964e+06 1.000000000003999245e+00 0.000000000000000000e+00
1.229390259017469129e+06 1.000000000003379075e+00 0.000000000000000000e+00
1.265380379052794306e+06 1.000000000002668754e+00 0.000000000000000000e+00
1.302424101661148015e+06 1.000000000001870282e+00 0.000000000000000000e+00
1.340552270818068646e+06 1.000000000000988543e+00 0.000000000000000000e+00
1.379796633449450601e+06 1.000000000000028644e+00 0.000000000000000000e+00
1.420189865865226369e+06 9.999999999989986899e-01 0.000000000000000000e+00
1.461765600966865197e+06 9.999999999979083398e-01 0.000000000000000000e+00
1.504558456251363736e+06 9.999999999967689179e-01 0.000000000000000000e+00
1.548604062635073205e+06 9.999999999955935248e-01 0.000000000000000000e+00
1.593939094121308997e+06 9.999999999943973705e-01 0.000000000000000000e+00
1.640601298336490057e+06 9.999999999931963313e-01 0.000000000000000000e+00
1.688629527960198000e+06 9.999999999920080596e-01 0.000000000000000000e+00
1.738063773075376172e+06 9.999999999908512072e-01 0.000000000000000000e+00
1.788945194465545705e+06 9.999999999897449809e-01 0.000000000000000000e+00
1.841316157886786154e+06 9.999999999887088098e-01 0.000000000000000000e+00
1.895220269343055319e+06 9.999999999877616785e-01 0.000000000000000000e+00
1.950702411394152790e+06 9.999999999869226830e-01 0.000000000000000000e+00
2.007808780526589602e+06 9.999999999862095867e-01 0.000000000000000000e+00
2.066586925618517678e+06 9.999999999856389321e-01 0.000000000000000000e+00
2.127085787530675530e+06 9.999999999852250410e-01 0.000000000000000000e+00
2.189355739856346976e+06 9.999999999849803478e-01 0.000000000000000000e+00
2.253448630864310078e+06 9.999999999849139565e-01 0.000000000000000000e+00
2.319417826669610105e+06 9.999999999850328614e-01 0.000000000000000000e+00
2.387318255668149795e+06 9.999999999853399490e-01 0.000000000000000000e+00
2.457206454272137024e+06 9.999999999858348865e-01 0.000000000000000000e+00
2.529140613984378055e+06 9.999999999865136768e-01 0.000000000000000000e+00
2.603180629850666504e+06 9.999999999873685486e-01 0.000000000000000000e+00
2.679388150330644567e+06 9.999999999883877333e-01 0.000000000000000000e+00
2.757826628628573846e+06 9.999999999895569092e-01 0.000000000000000000e+00
2.838561375526837073e+06 9.999999999908578685e-01 0.000000000000000000e+00
2.921659613766088616e+06 9.999999999922698501e-01 0.000000000000000000e+00
3.007190534017433412e+06 9.999999999937696504e-01 0.000000000000000000e+00
3.095225352493126877e+06 9.999999999953322893e-01 0.000000000000000000e+00
3.185837370243811514e+06 9.999999999969318987e-01 0.000000000000000000e+00
3.279102034191722516e+06 9.999999999985417221e-01 0.000000000000000000e+00
3.375096999950573780e+06 1.000000000000135447e+00 0.000000000000000000e+00
3.473902196484477259e+06 1.000000000001687983e+00 0.000000000000000000e+00
3.575599892659796868e+06 1.000000000003175016e+00 0.000000000000000000e+00
3.680274765745237935e+06 1.000000000004575451e+00 0.000000000000000000e+00
3.788013971917252522e+06 1.000000000005869971e+00 0.000000000000000000e+00
3.898907218829544261e+06 1.000000000007043477e+00 0.000000000000000000e+00
4.013046840306964237e+06 1.000000000008084422e+00 0.000000000000000000e+00
4.130527873226046562e+06 1.000000000008984591e+00 0.000000000000000000e+00
4.251448136646280065e+06 1.000000000009741319e+00 0.000000000000000000e+00
4.375908313257860020e+06 1.000000000010356160e+00 0.000000000000000000e+00
4.504012033213795163e+06 1.000000000010834444e+00 0.000000000000000000e+00
4.635865960416263901e+06 1.000000000011186385e+00 0.000000000000000000e+00
4.771579881328906864e+06 1.000000000011426637e+00 0.000000000000000000e+00
4.911266796389074065e+06 1.000000000011574075e+00 0.000000000000000000e+00
5.055043014096228406e+06 1.000000000011650458e+00 0.000000000000000000e+00
5.203028247854683548e+06 1.000000000011681545e+00 0.000000000000000000e+00
5.355345715651390143e+06 1.000000000011695089e+00 0.000000000000000000e+00
5.512122242651852779e+06 1.000000000011722623e+00 0.000000000000000000e+00
5.673488366799422540e+06 1.000000000011796120e+00 0.000000000000000000e+00
5.839578447506044991e+06 1.000000000011949552e+00 0.000000000000000000e+00
6.010530777524835430e+06 1.000000000012217782e+00 0.000000000000000000e+00
6.186487698097817600e+06 1.000000000012635670e+00 0.000000000000000000e+00
6.367595717474482954e+06 1.000000000013238077e+00 0.000000000000000000e+00
6.554005632899941877e+06 1.000000000014060086e+00 0.000000000000000000e+00
6.745872656174374744e+06 1.000000000015135893e+00 0.000000000000000000e+00
6.943356542888090014e+06 1.000000000016499024e+00 0.000000000000000000e+00
7.146621725439900532e+06 1.000000000018182345e+00 0.000000000000000000e+00
7.355837449949711561e+06 1.000000000020218494e+00 0.000000000000000000e+00
7.571177917179075070e+06 1.000000000022639890e+00 0.000000000000000000e+00
7.792822427577140741e+06 1.000000000025480063e+00 0.000000000000000000e+00
8.020955530572948977e+06 1.000000000028773206e+00 0.000000000000000000e+00
8.255767178238056600e+06 1.000000000032555736e+00 0.000000000000000000e+00
8.497452883447702974e+06 1.000000000036867620e+00 0.000000000000000000e+00
8.746213882672000676e+06 1.000000000041753045e+00 0.000000000000000000e+00
9.002257303532974795e+06 1.000000000047262860e+00 0.000000000000000000e+00
9.265796337266651914e+06 1.000000000053454130e+00 0.000000000000000000e+00
9.537050416233910248e+06 1.000000000060392802e+00 0.000000000000000000e+00
9.816245396628113464e+06 1.000000000068155925e+00 0.000000000000000000e+00
1.010361374653128162e+07 1.000000000076832762e+00 0.000000000000000000e+00
1.039939473947557062e+07 1.000000000086526120e+00 0.000000000000000000e+00
1.070383465367138945e+07 1.000000000097354791e+00 0.000000000000000000e+00
1.101718697706771642e+07 1.000000000109455112e+00 0.000000000000000000e+00
1.133971261841546744e+07 1.000000000122982735e+00 0.000000000000000000e+00
1.167168012450993806e+07 1.000000000138115519e+00 0.000000000000000000e+00
1.201336590379273519e+07 1.000000000155053970e+00 0.000000000000000000e+00
1.236505445649960823e+07 1.000000000174026349e+00 0.000000000000000000e+00
1.272703861154604144e+07 1.000000000195288452e+00 0.000000000000000000e+00
1.309961977034736983e+07 1.000000000219128049e+00 0.000000000000000000e+00
1.348310815777668729e+07 1.000000000245869103e+00 0.000000000000000000e+00
1.387782308046972565e+07 1.000000000275873324e+00 0.000000000000000000e+00
1.428409319269130938e+07 1.000000000309546611e+00 0.000000000000000000e+00
1.470225676998497546e+07 1.000000000347343043e+00 0.000000000000000000e+00
1.513266199083390087e+07 1.000000000389771992e+00 0.000000000000000000e+00
1.557566722656711750e+07 1.000000000437401892e+00 0.000000000000000000e+00
1.603164133975265734e+07 1.000000000490871344e+00 0.000000000000000000e+00
1.650096399132637493e+07 1.000000000550894663e+00 0.000000000000000000e+00
1.698402595671162382e+07 1.000000000618273432e+00 0.000000000000000000e+00
1.748122945119322836e+07 1.000000000693905600e+00 0.000000000000000000e+00
1.799298846481704339e+07 1.000000000778799469e+00 0.000000000000000000e+00
1.851972910709329695e+07 1.000000000874086137e+00 0.000000000000000000e+00
1.906188996179104224e+07 1.000000000981034809e+00 0.000000000000000000e+00
1.961992245211946219e+07 1.000000001101070346e+00 0.000000000000000000e+00
2.019429121659941226e+07 1.000000001235792135e+00 0.000000000000000000e+00
2.078547449593874440e+07 1.000000001386995852e+00 0.000000000000000000e+00
2.139396453123306111e+07 1.000000001556696327e+00 0.000000000000000000e+00
2.202026797382412851e+07 1.000000001747156420e+00 0.000000000000000000e+00
2.266490630715640634e+07 1.000000001960915874e+00 0.000000000000000000e+00
2.332841628098354116e+07 1.000000002200825078e+00 0.000000000000000000e+00
2.401135035828592256e+07 1.000000002470083249e+00 0.000000000000000000e+00
2.471427717527209967e+07 1.000000002772281738e+00 0.000000000000000000e+00
2.543778201484620571e+07 1.000000003111450653e+00 0.000000000000000000e+00
2.618246729393604398e+07 1.000000003492113931e+00 0.000000000000000000e+00
2.694895306508802250e+07 1.000000003919347957e+00 0.000000000000000000e+00
2.773787753274573386e+07 1.000000004398850839e+00 0.000000000000000000e+00
2.854989758464243636e+07 1.000000004937017017e+00 0.000000000000000000e+00
2.938568933875045553e+07 1.000000005541024084e+00 0.000000000000000000e+00
3.024594870624187589e+07 1.000000006218927151e+00 0.000000000000000000e+00
3.113139197092977539e+07 1.000000006979766765e+00 0.000000000000000000e+00
3.204275638567303866e+07 1.000000007833689475e+00 0.000000000000000000e+00
3.298080078624019027e+07 1.000000008792083284e+00 0.000000000000000000e+00
3.394630622314398736e+07 1.000000009867729300e+00 0.000000000000000000e+00
3.494007661197337508e+07 1.000000011074972495e+00 0.000000000000000000e+00
3.596293940276323259e+07 1.000000012429912433e+00 0.000000000000000000e+00
3.701574626895964146e+07 1.000000013950618882e+00 0.000000000000000000e+00
3.809937381655522436e+07 1.000000015657371844e+00 0.000000000000000000e+00
3.921472431398352981e+07 1.000000017572933109e+00 0.000000000000000000e+00
4.036272644338091463e+07 1.000000019722848466e+00 0.000000000000000000e+00
4.154433607384214550e+07 1.000000022135789424e+00 0.000000000000000000e+00
4.276053705731222034e+07 1.000000024843934909e+00 0.000000000000000000e+00
4.401234204777763784e+07 1.000000027883401588e+00 0.000000000000000000e+00
4.530079334444013983e+07 1.000000031294723701e+00 0.000000000000000000e+00
4.662696375957339257e+07 1.000000035123395081e+00 0.000000000000000000e+00
4.799195751178593934e+07 1.000000039420474662e+00 0.000000000000000000e+00
4.939691114543503523e+07 1.000000044243269492e+00 0.000000000000000000e+00
5.084299447695536911e+07 1.000000049656095902e+00 0.000000000000000000e+00
5.233141156889118254e+07 1.000000055731140813e+00 0.000000000000000000e+00
5.386340173244398832e+07 1.000000062549420754e+00 0.000000000000000000e+00
5.544024055936867744e+07 1.000000070201865654e+00 0.000000000000000000e+00
5.706324098407810181e+07 1.000000078790528546e+00 0.000000000000000000e+00
5.873375437684158981e+07 1.000000088429949141e+00 0.000000000000000000e+00
6.045317166898543388e+07 1.000000099248679719e+00 0.000000000000000000e+00
6.222292451103405654e+07 1.000000111390999757e+00 0.000000000000000000e+00
6.404448646475479007e+07 1.000000125018840613e+00 0.000000000000000000e+00
6.591937423010069132e+07 1.000000140313944463e+00 0.000000000000000000e+00
6.784914890807065368e+07 1.000000157480288587e+00 0.000000000000000000e+00
6.983541730054014921e+07 1.000000176746805636e+00 0.000000000000000000e+00
7.187983324814344943e+07 1.000000198370435633e+00 0.000000000000000000e+00
7.398409900732341409e+07 1.000000222639553904e+00 0.000000000000000000e+00
7.614996666769285500e+07 1.000000249877816438e+00 0.000000000000000000e+00
7.837923961088877916e+07 1.000000280448476220e+00 0.000000000000000000e+00
8.067377401213566959e+07 1.000000314759227349e+00 0.000000000000000000e+00
8.303548038576523960e+07 1.000000353267642694e+00 0.000000000000000000e+00
8.546632517598097026e+07 1.000000396487275678e+00 0.000000000000000000e+00
8.796833239419335127e+07 1.000000444994509463e+00 0.000000000000000000e+00
9.054358530428627133e+07 1.000000499436243473e+00 0.000000000000000000e+00
9.319422815721915662e+07 1.000000560538521155e+00 0.000000000000000000e+00
9.592246797641080618e+07 1.000000629116211570e+00 0.000000000000000000e+00
9.873057639538833499e+07 1.000000706083878255e+00 0.000000000000000000e+00
1.016208915492325127e+08 1.000000792467975019e+00 0.000000000000000000e+00
1.045958200213979483e+08 1.000000889420534556e+00 0.000000000000000000e+00
1.076578388475208879e+08 1.000000998234534366e+00 0.000000000000000000e+00
1.108094975778920650e+08 1.000001120361138085e+00 0.000000000000000000e+00
1.140534204003080726e+08 1.000001257429049994e+00 0.000000000000000000e+00
1.173923083250646591e+08 1.000001411266235207e+00 0.000000000000000000e+00
1.208289414339191765e+08 1.000001583924299497e+00 0.000000000000000000e+00
1.243661811948912442e+08 1.000001777705848527e+00 0.000000000000000000e+00
1.280069728448240012e+08 1.000001995195197058e+00 0.000000000000000000e+00
1.317543478416987956e+08 1.000002239292836048e+00 0.000000000000000000e+00
1.356114263887411058e+08 1.000002513254111713e+00 0.000000000000000000e+00
1.395814200324140787e+08 1.000002820732644127e+00 0.000000000000000000e+00
1.436676343364725709e+08 1.000003165829050911e+00 0.000000000000000000e+00
1.478734716342998445e+08 1.000003553145635493e+00 0.000000000000000000e+00
1.522024338618128896e+08 1.000003987847768894e+00 0.000000000000000000e+00
1.566581254733055234e+08 1.000004475732774623e+00 0.000000000000000000e+00
1.612442564426526427e+08 1.000005023307247942e+00 0.000000000000000000e+00
1.659646453523680866e+08 1.000005637873830455e+00 0.000000000000000000e+00
1.708232225730995834e+08 1.000006327628604863e+00 0.000000000000000000e+00
1.758240335362032056e+08 1.000007101770402862e+00 0.000000000000000000e+00
1.809712421021151841e+08 1.000007970623488784e+00 0.000000000000000000e+00
1.862691340273382664e+08 1.000008945775252123e+00 0.000000000000000000e+00
1.917221205329236984e+08 1.000010040230747910e+00 0.000000000000000000e+00
1.973347419774128497e+08 1.000011268586143531e+00 0.000000000000000000e+00
2.031116716373098791e+08 1.000012647223395446e+00 0.000000000000000000e+00
2.090577195982275307e+08 1.000014194528721312e+00 0.000000000000000000e+00
2.151778367599376738e+08 1.000015931137844261e+00 0.000000000000000000e+00
2.214771189586761594e+08 1.000017880211213628e+00 0.000000000000000000e+00
2.279608112101274729e+08 1.000020067742927177e+00 0.000000000000000000e+00
2.346343120766140223e+08 1.000022522907463740e+00 0.000000000000000000e+00
2.415031781621412933e+08 1.000025278448881005e+00 0.000000000000000000e+00
2.485731287390354574e+08 1.000028371117698933e+00 0.000000000000000000e+00
2.558500505100153685e+08 1.000031842161359874e+00 2.421075453527752169e-28
2.633400025096821785e+08 1.000035737874926500e+00 1.388771046878839548e-27
2.710492211494992375e+08 1.000040110219546863e+00 7.595049528341264130e-27
2.789841254104528427e+08 1.000045017517214418e+00 3.965432296873087705e-26
2.871513221877367496e+08 1.000050525231688248e+00 1.979137622474462709e-25
2.955576117919012904e+08 1.000056706846786492e+00 9.454448944686969001e-25
3.042099936110370755e+08 1.000063644854829903e+00 4.328173151659192555e-24
3.131156719387277365e+08 1.000071431870968919e+00 1.901075017865516117e-23
3.222820619726160765e+08 1.000080171891205127e+00 8.020902746903298976e-23
3.317167959885642529e+08 1.000089981713964793e+00 3.254357896558598629e-22
3.414277296955730319e+08 1.000100992554064039e+00 1.271159850115177161e-21
3.514229487767407298e+08 1.000113351879729162e+00 4.785078301641870767e-21
3.617107756216938496e+08 1.000127225503105732e+00 1.737721319845521124e-20
3.722997762561208606e+08 1.000142799987338682e+00 6.094092381007616499e-20
3.831987674741675258e+08 1.000160285426178630e+00 2.065852794574210206e-19
3.944168241796168089e+08 1.000179918633858467e+00 6.775839463472559960e-19
4.059632869419945478e+08 1.000201966906515194e+00 2.152291903523451206e-18
4.178477697738785744e+08 1.000226732446463984e+00 6.626803234137889606e-18
4.300801681358719468e+08 1.000254557478675643e+00 1.979484587872290439e-17
4.426706671759345531e+08 1.000285830467385173e+00 5.741378605632895440e-17
4.556297502099201679e+08 1.000320993569312034e+00 1.618297668368653312e-16
4.689682074503630400e+08 1.000360551237891915e+00 4.436413806753891752e-16
4.826971449908131361e+08 1.000405081055192547e+00 1.183811399098964007e-15
4.968279940531876683e+08 1.000455246855531666e+00 3.077146516733837141e-15
5.113725205058177710e+08 1.000511813623337742e+00 7.797571258866207280e-15
5.263428346601520181e+08 1.000575667155320314e+00 1.927702911500673071e-14
5.417514013542568684e+08 1.000647837159208242e+00 4.652735009089716893e-14
5.576110503314876556e+08 1.000729523943408417e+00 1.097171216751797814e-13
5.739349869230254889e+08 1.000822134432472144e+00 2.529553948317532525e-13
5.907368030431095362e+08 1.000927320788835617e+00 5.705780429280743469e-13
6.080304885061746836e+08 1.001047031524470610e+00 1.260027518837418224e-12
6.258304426752967834e+08 1.001183571384139048e+00 2.725994853312820541e-12
6.441514864516215324e+08 1.001339670254961733e+00 5.781334307023850310e-12
6.630088746148020029e+08 1.001518573593165096e+00 1.202711743016555580e-11
6.824183085247018337e+08 1.001724139389802870e+00 2.455775359656298307e-11
7.023959491949106455e+08 1.001960962714027126e+00 4.924528295239968049e-11
7.229584307490235567e+08 1.002234523803710919e+00 9.703701164631556354e-11
7.441228742708098888e+08 1.002551344979737191e+00 1.879933295859485517e-10
7.659069020598695278e+08 1.002919204860289071e+00 3.582672769527361333e-10
7.883286523046215773e+08 1.003347371019494449e+00 6.719685339320066334e-10
8.114067941848138571e+08 1.003846865607878946e+00 1.241003175188967689e-09
8.351605434161820412e+08 1.004430787899511568e+00 2.257733120148186161e-09
8.596096782501769066e+08 1.005114690450112924e+00 4.047909734233646623e-09
8.847745559420487881e+08 1.005917003456790804e+00 7.155145884608347164e-09
9.106761297010622025e+08 1.006859534791748390e+00 1.247370582822501244e-08
9.373359661369252205e+08 1.007968037060364086e+00 2.145411011963090351e-08
9.647762632169255018e+08 1.009272852704495627e+00 3.641673061376088198e-08
9.930198687487908602e+08 1.010809680969700253e+00 6.102325335682105417e-08
1.022090299404632449e+09 1.012620451721692572e+00 1.009752006152384374e-07
1.052011760301773071e+09 1.014754224501503765e+00 1.650325206082322029e-07
1.082809165156836033e+09 1.017268432379653698e+00 2.664819453827723915e-07
1.114508157029842138e+09 1.020230013188141660e+00 4.252164307928988189e-07
1.147135129675544500e+09 1.023716915339664135e+00 6.706477042956229914e-07
1.180717249519859791e+09 1.027819719665060916e+00 1.045725999897203317e-06
1.215282478279654264e+09 1.032643461448705224e+00 1.612416216866983928e-06
1.250859596244677782e+09 1.038309689127817403e+00 2.459065740873368169e-06
1.287478226241111994e+09 1.044958796796086054e+00 3.710202644527310964e-06
1.325168858296648741e+09 1.052752663671863598e+00 5.539427191550451898e-06
1.363962875027585745e+09 1.061877652807188044e+00 8.186214048817867697e-06
1.403892577769169807e+09 1.072547875579649812e+00 1.197761096629978663e-05
1.444991213470902681e+09 1.085008912685790250e+00 1.735607177574054433e-05
1.487293002379149437e+09 1.099542054329333718e+00 2.491498232617641150e-05
1.530833166530198097e+09 1.116469098908222213e+00 3.544387823254429768e-05
1.575647959077452183e+09 1.136157522770693484e+00 4.998575428977203045e-05
1.621774694477110863e+09 1.159026398940189218e+00 6.990979370409501278e-05
1.669251779557586193e+09 1.185553181824379188e+00 9.700381134293191855e-05
1.718118745498470783e+09 1.216281367785666756e+00 1.335919930416651629e-04
1.768416280745623112e+09 1.251828708581267602e+00 1.826849745822811298e-04
1.820186264889892578e+09 1.292896664408166751e+00 2.481720515517197700e-04
1.873471803537642002e+09 1.340281336410332980e+00 3.350681612502532736e-04
1.928317264202027798e+09 1.394885795651468863e+00 4.498317246864227785e-04
1.984768313245055676e+09 1.457733264598228606e+00 6.007733139839435297e-04
2.042871953901109934e+09 1.529982392757670340e+00 7.985822426346197989e-04
2.102676565413540125e+09 1.612945051713208899e+00 1.057004890477806136e-03
2.164231943317032814e+09 1.708106433053500739e+00 1.393716288583577313e-03
2.227589340899246693e+09 1.817145111917864098e+00 1.831432014093154403e-03
2.292801511876145363e+09 1.941960956227844148e+00 2.399335978652717295e-03
2.359922754316719055e+09 2.084702569791679228e+00 3.134889577198827874e-03
2.429008955853600979e+09 2.247798151303386227e+00 4.086119839212201503e-03
2.500117640217119217e+09 2.433994397626801032e+00 5.314513186857815555e-03
2.573308015131715775e+09 2.646396748226309548e+00 6.898636798973048836e-03
2.648641021614521503e+09 2.888512574412084977e+00 8.938646086979647187e-03
2.726179384717043400e+09 3.164316619905478856e+00 1.156196079962280680e-02
2.805987665752393723e+09 3.478295607323884653e+00 1.493015999730134234e-02
2.888132316051467896e+09 3.835527660576854014e+00 1.924760877043892038e-02
2.972681732292714119e+09 4.241759992236862509e+00 2.477200502549046709e-02
3.059706313451775551e+09 4.703489015544353613e+00 3.182719849478499868e-02
3.149278519418322563e+09 5.228077113744340920e+00 4.081904106777246161e-02
3.241472931328767300e+09 5.823851818944749681e+00 5.225434500999452669e-02
3.336366313665314674e+09 6.500243761484775007e+00 6.676407244707185940e-02
3.434037678172955513e+09 7.267938564295138626e+00 8.513134318735354755e-02
3.534568349647494316e+09 8.139035718655488694e+00 1.083249454020450558e-01
3.638042033649620056e+09 9.127251869445487387e+00 1.375399788235034948e-01
3.744544886201307297e+09 1.024813512072755906e+01 1.742463299840189273e-01
3.854165585522418976e+09 1.151932331282471722e+01 2.202470271689808134e-01
3.966995405867522717e+09 1.296081744283306314e+01 2.777474416787679146e-01
4.083128293524262428e+09 1.459530241738612055e+01 3.494379186421120442e-01
4.202660945036424160e+09 1.644853229174681530e+01 4.385928907098112228e-01
4.325692887717103958e+09 1.854974862328484875e+01 5.491881575258762416e-01
4.452326562518890381e+09 2.093216259020303482e+01 6.860403056331138005e-01
4.582667409329891205e+09 2.363348545133625223e+01 8.549709729883553377e-01
4.716823954766941071e+09 2.669658165219229673e+01 1.063003777816778905e+00
4.854907902538939476e+09 3.017019168580049282e+01 1.318596670913184443e+00
4.997034226455383301e+09 3.410971037921148508e+01 1.631913355100460983e+00
5.143321266157875061e+09 3.857810323110207662e+01 2.015144540840620113e+00
5.293890825654153824e+09 4.364707726246650310e+01 2.482897088772241911e+00
5.448868274736477852e+09 4.939823815711465471e+01 3.052639987694415247e+00
5.608382653369332314e+09 5.592440942609692911e+01 3.745226613531583482e+00
5.772566779132723808e+09 6.333131727782457432e+01 4.585525395281094596e+00
5.941557357811084747e+09 7.173941883568369349e+01 5.603154319724585442e+00
6.115495097219647408e+09 8.128589869677649915e+01 6.833332630813893971e+00
6.294524824362837791e+09 9.212720074715733176e+01 8.317909916521317726e+00
6.478795606022672653e+09 1.044415111051694254e+02 1.010652270864041213e+01
6.668460872877367020e+09 1.184320399174687140e+02 1.225800491102032908e+01
6.863678547253212929e+09 1.343307901996868168e+02 1.484205217329942172e+01
7.064611174616772652e+09 1.524021375523808786e+02 1.794105802334457422e+01
7.271426058916065216e+09 1.729479492362314090e+02 2.165241776252388206e+01
7.484295401884109497e+09 1.963126597622283782e+02 2.609110226078620798e+01
7.703396446420556068e+09 2.228898670253207399e+02 3.139280710540010944e+01
7.928911624170516014e+09 2.531287951246016235e+02 3.771743373484670769e+01
8.161028707423984528e+09 2.875425514137768914e+02 4.525330891541186418e+01
8.399940965462114334e+09 3.267175146602566542e+02 5.422210984066440176e+01
8.645847325480176926e+09 3.713241954158652902e+02 6.488464820135355637e+01
8.898952538221807480e+09 4.221287293453298162e+02 7.754739839966951820e+01
9.159467348462171555e+09 4.800070485738718276e+02 9.257033122114353318e+01
9.427608670481653214e+09 5.459610061189154067e+02 1.103760334476945530e+02
9.703599768676830292e+09 6.211374887946640229e+02 1.314605248383366529e+02
9.987670443458787918e+09 7.068477907078557791e+02 1.564051682490544692e+02
1.028005722259323120e+10 8.045928509158812858e+02 1.858913508652013036e+02
1.058100355814237022e+10 9.160908188266471370e+02 2.207172226573917158e+02
1.089076002917226219e+10 1.043309877433119027e+03 2.618175636410130664e+02
1.120958455039395523e+10 1.188503246863244158e+03 3.102860780276864716e+02
1.153774258691297150e+10 1.354250790264919715e+03 3.674017311914832362e+02
1.187550737526551247e+10 1.543509761378200437e+03 4.346604429090534154e+02
1.222316015092505455e+10 1.759668760666712842e+03 5.138105304094829080e+02
1.258099038246954536e+10 2.006611853675728298e+03 6.068946441995601617e+02
1.294929601260383224e+10 2.288788696137341503e+03 7.162971828433647943e+02
1.332838370623748016e+10 2.611303564028933579e+03 8.448026242770220051e+02
1.371856910582547760e+10 2.980011386960120035e+03 9.956610723862092982e+02
1.412017709418402481e+10 3.401624965139162668e+03 1.172663041077423713e+03
1.453354206499964905e+10 3.883843452332578636e+03 1.380228372696791212e+03
1.495900820125794411e+10 4.435503242120606046e+03 1.623511019207959407e+03
1.539692976182325935e+10 5.066746294726240194e+03 1.908518659238823830e+03
1.584767137640738297e+10 5.789211926831628261e+03 2.242250732804927793e+03
1.631160834917393303e+10 6.616253898797702277e+03 2.632856901172390280e+03
1.678912697123069191e+10 7.563212037040902032e+03 3.089831311394290879e+03
1.728062484226951218e+10 8.647703650097560967e+03 3.624228564927548177e+03
1.778651120162273026e+10 9.889955813399014005e+03 4.248912546224257312e+03
1.830720726901121521e+10 1.131319545763803580e+04 4.978848704336286573e+03
1.884314659526707458e+10 1.294411506539960646e+04 5.831452003441180750e+03
1.939477542332435226e+10 1.481338766170263261e+04 6.826980253225704473e+03
1.996255305977766800e+10 1.695625607916932495e+04 7.988988188542622993e+03
2.054695225731742096e+10 1.941320366016099797e+04 9.344849447551885532e+03
2.114845960836142349e+10 2.223078678148686959e+04 1.092639519481946991e+04
2.176757595021003342e+10 2.546253243717454461e+04 1.277062202377685935e+04
2.240481678206132889e+10 2.916996811390676157e+04 1.492050971054308866e+04
2.306071269423508835e+10 3.342381582906720723e+04 1.742597299608504909e+04
2.373580980996222305e+10 3.830544031177042780e+04 2.034500825943539894e+04
2.443067024010665131e+10 4.390843416662677191e+04 2.374497514313376814e+04
2.514587255119990158e+10 5.034043613768942305e+04 2.770407607902850214e+04
2.588201224717733383e+10 5.772521595169294596e+04 3.231306331579457037e+04
2.663970226521618652e+10 6.620524864265653014e+04 3.767732485474723944e+04
2.741957348609004974e+10 7.594448407435443369e+04 4.391918105814893352e+04
2.822227525946390915e+10 8.713156071172637166e+04 5.118055716663317435e+04
2.904847594456607819e+10 9.998347515304545232e+04 5.962605517672243150e+04
2.989886346668915558e+10 1.147501300368625234e+05 6.944672233503451571e+04
3.077414588998248291e+10 1.317192018157597049e+05 8.086417435767385177e+04
3.167505200701185226e+10 1.512218074435662711e+05 9.413540368900286558e+04
3.260233194557954788e+10 1.736390353009417013e+05 1.095583444708872412e+05
3.355675779330894470e+10 1.994098550268093240e+05 1.274785806427231437e+05
3.453912424051246643e+10 2.290398185449370940e+05 1.482968318305230932e+05
3.555024924188056183e+10 2.631110332102354732e+05 1.724775752437790215e+05
3.659097469754152679e+10 3.022936003239470883e+05 2.005589785326839483e+05
3.766216715405784607e+10 3.473598069893304491e+05 2.331651199647148314e+05
3.876471852594541931e+10 3.991992588251589332e+05 2.710192621450179140e+05
3.989954683831505585e+10 4.588366326852921047e+05 3.149594242956065573e+05
4.106759699125330353e+10 5.274518774748631986e+05 3.659561997950405348e+05
4.226984154658164978e+10 6.064052853820036398e+05 4.251347001903598430e+05
4.350728153764791870e+10 6.972642427704836009e+05 4.937983597030818346e+05
4.478094730282357025e+10 8.018345987694601063e+05 5.734568505861744052e+05
4.609189934340027618e+10 9.221966756282506976e+05 6.658582480992045021e+05
4.744122920660477448e+10 1.060749006802330958e+06 7.730279469161586603e+05
4.883006039446046448e+10 1.220256336547238519e+06 8.973118327874842798e+05
5.025954929925559235e+10 1.403904822639101651e+06 1.041426081473500119e+06
5.173088616640065765e+10 1.615365432737932540e+06 1.208514525371456519e+06
5.324529608546969604e+10 1.858872465655178297e+06 1.402219289575142786e+06
5.480404001025389099e+10 2.139307244589275215e+06 1.626757101272280561e+06
5.640841580868099213e+10 2.462296702534634620e+06 1.887009129819887457e+06
5.805975934346701050e+10 2.834325322485690005e+06 2.188623433065672871e+06
5.975944558440348053e+10 3.262874547616446391e+06 2.538141787112248130e+06
6.150888975321111298e+10 3.756570641717581544e+06 2.943135916975579690e+06
6.330954850190441132e+10 4.325359480675521307e+06 3.412368390585556161e+06
6.516292112565255737e+10 4.980706339507576078e+06 3.955977107006904669e+06
6.707055081115112305e+10 5.735839601054036058e+06 4.585699613843799569e+06
6.903402592153503418e+10 6.606016680521768518e+06 5.315119933764566667e+06
7.105498131890678406e+10 7.608831661678698845e+06 6.159954538289279677e+06
7.313509972558656311e+10 8.764569555791951716e+06 7.138382322535783984e+06
7.527611312520755005e+10 1.009664071867058799e+07 8.271447898210061714e+06
7.747980420482772827e+10 1.163204933099865168e+07 9.583500265509068966e+06
7.974800783926487732e+10 1.340194187582814135e+07 1.110270650336729363e+07
8.208261261887913513e+10 1.544223093583960459e+07 1.286163769688654691e+07
8.448556242208299255e+10 1.779437516641007736e+07 1.489799821462482587e+07
8.695885803388700867e+10 2.050619975495100394e+07 1.725540038423606753e+07
8.950455881182862854e+10 2.363287541354455426e+07 1.998428748922061920e+07
9.212478440066746521e+10 2.723803062115136907e+07 2.314298531539556757e+07
9.482171649728099060e+10 3.139511957377208397e+07 2.679899166723217443e+07
9.759760066722744751e+10 3.618889722631297261e+07 3.103037646389405802e+07
1.004547482144845123e+11 4.171714485529501736e+07 3.592741997682750970e+07
1.033955381059277954e+11 4.809265376991119236e+07 4.159449918768878281e+07
1.064224189521479797e+11 5.544564351086217910e+07 4.815238269271231443e+07
1.095379110462522736e+11 6.392639159793706983e+07 5.574074038445281237e+07
1.127446084623549347e+11 7.370829614700080454e+07 6.452106775654626638e+07
1.160451812155009613e+11 8.499136575224022567e+07 7.468002462219205499e+07
