# T[K] Gamma_nTOp[1/tau_n] Gamma_pTOn[1/tau_n]
# fingerprint_hash: c24e5c7a9917484b
# fingerprint: {"QED_corrections":true,"T_end_MeV":0.001,"T_start_cosmo_MeV":100.0,"analytic_distortions":false,"delta_xi_nu":0.0,"finite_mass_corrections":true,"format_version":1,"incomplete_decoupling":false,"munuOverTnu":-0.01,"nevo_file":null,"nevo_file_prefix":"NEVOPRIMAT","nevo_spectral_file":null,"radiative_corrections":false,"sampling_nTOp_per_decade":150,"spectral_distortions":false,"y_SZ":0.0,"y_gray":0.0}
1.160451812155007198e+07 9.999983978228043080e-01 0.000000000000000000e+00
1.178433031761291809e+07 9.999983729922320430e-01 0.000000000000000000e+00
1.196692870656324737e+07 9.999983477768555895e-01 0.000000000000000000e+00
1.215235646050493419e+07 9.999983221707293701e-01 0.000000000000000000e+00
1.234065742049430311e+07 9.999982961678142157e-01 0.000000000000000000e+00
1.253187610690555163e+07 9.999982697619760330e-01 0.000000000000000000e+00
1.272605772995679639e+07 9.999982429469853606e-01 0.000000000000000000e+00
1.292324820039921999e+07 9.999982157165144825e-01 0.000000000000000000e+00
1.312349414037183113e+07 9.999981880641376497e-01 0.000000000000000000e+00
1.332684289442444220e+07 9.999981599833274171e-01 0.000000000000000000e+00
1.353334254071142524e+07 9.999981314674550870e-01 0.000000000000000000e+00
1.374304190235893987e+07 9.999981025097894882e-01 0.000000000000000000e+00
1.395599055900826678e+07 9.999980731034942005e-01 0.000000000000000000e+00
1.417223885853803717e+07 9.999980432416264442e-01 0.000000000000000000e+00
1.439183792896807566e+07 9.999980129171371912e-01 0.000000000000000000e+00
1.461483969054769725e+07 9.999979821228678345e-01 0.000000000000000000e+00
1.484129686803135276e+07 9.999979508515498550e-01 0.000000000000000000e+00
1.507126300314432755e+07 9.999979190958034891e-01 0.000000000000000000e+00
1.530479246724189445e+07 9.999978868481360639e-01 0.000000000000000000e+00
1.554194047416432761e+07 9.999978541009401090e-01 0.000000000000000000e+00
1.578276309329124913e+07 9.999978208464924689e-01 0.000000000000000000e+00
1.602731726279822551e+07 9.999977870769533039e-01 0.000000000000000000e+00
1.627566080311877280e+07 9.999977527843636471e-01 0.000000000000000000e+00
1.652785243061496504e+07 9.999977179606436284e-01 0.000000000000000000e+00
1.678395177145985141e+07 9.999976825975926964e-01 0.000000000000000000e+00
1.704401937573499978e+07 9.999976466868860658e-01 0.000000000000000000e+00
1.730811673174647242e+07 9.999976102200741623e-01 0.000000000000000000e+00
1.757630628056262806e+07 9.999975731885814012e-01 0.000000000000000000e+00
1.784865143077719212e+07 9.999975355837028568e-01 0.000000000000000000e+00
1.812521657350106537e+07 9.999974973966042624e-01 0.000000000000000000e+00
1.840606709758647159e+07 9.999974586183196790e-01 0.000000000000000000e+00
1.869126940508694202e+07 9.999974192397502737e-01 0.000000000000000000e+00
1.898089092695691064e+07 9.999973792516612114e-01 0.000000000000000000e+00
1.927500013899453729e+07 9.999973386446812107e-01 0.000000000000000000e+00
1.957366657803158462e+07 9.999972974093008782e-01 0.000000000000000000e+00
1.987696085837414861e+07 9.999972555358702664e-01 0.000000000000000000e+00
2.018495468849814311e+07 9.999972130145969862e-01 0.000000000000000000e+00
2.049772088800346479e+07 9.999971698355453187e-01 0.000000000000000000e+00
2.081533340483090654e+07 9.999971259886338837e-01 0.000000000000000000e+00
2.113786733274578676e+07 9.999970814636344185e-01 0.000000000000000000e+00
2.146539892909253761e+07 9.999970362501688914e-01 0.000000000000000000e+00
2.179800563282437995e+07 9.999969903377092795e-01 0.000000000000000000e+00
2.213576608281236142e+07 9.999969437155754592e-01 0.000000000000000000e+00
2.247876013643810898e+07 9.999968963729330973e-01 0.000000000000000000e+00
2.282706888847468048e+07 9.999968482987922069e-01 0.000000000000000000e+00
2.318077469025994465e+07 9.999967994820065931e-01 0.000000000000000000e+00
2.353996116916708648e+07 9.999967499112708547e-01 0.000000000000000000e+00
2.390471324837678671e+07 9.999966995751199406e-01 0.000000000000000000e+00
2.427511716695579141e+07 9.999966484619277063e-01 0.000000000000000000e+00
2.465126050024658069e+07 9.999965965599052486e-01 0.000000000000000000e+00
2.503323218057302758e+07 9.999965438570997955e-01 0.000000000000000000e+00
2.542112251826666296e+07 9.999964903413940398e-01 0.000000000000000000e+00
2.581502322301920131e+07 9.999964360005036967e-01 0.000000000000000000e+00
2.621502742556547374e+07 9.999963808219781702e-01 0.000000000000000000e+00
2.662122969970256090e+07 9.999963247931982213e-01 0.000000000000000000e+00
2.703372608465004340e+07 9.999962679013761901e-01 0.000000000000000000e+00
2.745261410775677487e+07 9.999962101335548859e-01 0.000000000000000000e+00
2.787799280755945295e+07 9.999961514766062542e-01 0.000000000000000000e+00
2.830996275719850883e+07 9.999960919172325990e-01 0.000000000000000000e+00
2.874862608819680288e+07 9.999960314419641394e-01 0.000000000000000000e+00
2.919408651460680366e+07 9.999959700371606752e-01 0.000000000000000000e+00
2.964644935753189772e+07 9.999959076890108101e-01 0.000000000000000000e+00
3.010582157002766803e+07 9.999958443835319510e-01 0.000000000000000000e+00
3.057231176238903776e+07 9.999957801065705310e-01 0.000000000000000000e+00
3.104603022782918811e+07 9.999957148438028964e-01 0.000000000000000000e+00
3.152708896855644137e+07 9.999956485807363071e-01 0.000000000000000000e+00
3.201560172225513682e+07 9.999955813027093798e-01 0.000000000000000000e+00
3.251168398897688091e+07 9.999955129948934207e-01 0.000000000000000000e+00
3.301545305844844505e+07 9.999954436422946458e-01 0.000000000000000000e+00
3.352702803780281544e+07 9.999953732297546249e-01 0.000000000000000000e+00
3.404652987973993272e+07 9.999953017419539458e-01 0.000000000000000000e+00
3.457408141112377495e+07 9.999952291634137680e-01 0.000000000000000000e+00
3.510980736202257872e+07 9.999951554784993757e-01 0.000000000000000000e+00
3.565383439519898593e+07 9.999950806714223983e-01 0.000000000000000000e+00
3.620629113605720550e+07 9.999950047262455843e-01 0.000000000000000000e+00
3.676730820305417478e+07 9.999949276268866871e-01 0.000000000000000000e+00
3.733701823858191818e+07 9.999948493571227948e-01 0.000000000000000000e+00
3.791555594032848626e+07 9.999947699005961033e-01 0.000000000000000000e+00
3.850305809312484413e+07 9.999946892408189125e-01 0.000000000000000000e+00
3.909966360128491372e+07 9.999946073611807318e-01 0.000000000000000000e+00
3.970551352144742757e+07 9.999945242449550520e-01 0.000000000000000000e+00
4.032075109592594206e+07 9.999944398753073393e-01 0.000000000000000000e+00
4.094552178657598794e+07 9.999943542353026960e-01 0.000000000000000000e+00
4.157997330918689817e+07 9.999942673079164068e-01 0.000000000000000000e+00
4.222425566840653867e+07 9.999941790760435989e-01 0.000000000000000000e+00
4.287852119320724159e+07 9.999940895225096771e-01 0.000000000000000000e+00
4.354292457290121913e+07 9.999939986300832029e-01 0.000000000000000000e+00
4.421762289371407777e+07 9.999939063814893281e-01 0.000000000000000000e+00
4.490277567592503130e+07 9.999938127594230064e-01 0.000000000000000000e+00
4.559854491158261150e+07 9.999937177465657578e-01 0.000000000000000000e+00
4.630509510280475020e+07 9.999936213256006567e-01 0.000000000000000000e+00
4.702259330067235976e+07 9.999935234792329819e-01 0.000000000000000000e+00
4.775120914472556859e+07 9.999934241902072030e-01 0.000000000000000000e+00
4.849111490307190269e+07 9.999933234413299621e-01 0.000000000000000000e+00
4.924248551311602443e+07 9.999932212154930555e-01 0.000000000000000000e+00
5.000549862292049825e+07 9.999931174956966373e-01 0.000000000000000000e+00
5.078033463320748508e+07 9.999930122650771969e-01 0.000000000000000000e+00
5.156717674001127481e+07 9.999929055069354256e-01 0.000000000000000000e+00
5.236621097799165547e+07 9.999927972047676361e-01 0.000000000000000000e+00
5.317762626441849768e+07 9.999926873422986251e-01 0.000000000000000000e+00
5.400161444383779913e+07 9.999925759035173112e-01 0.000000000000000000e+00
5.483837033342991769e+07 9.999924628727147047e-01 0.000000000000000000e+00
5.568809176907058060e+07 9.999923482345265402e-01 0.000000000000000000e+00
5.655097965210559964e+07 9.999922319739751320e-01 0.000000000000000000e+00
5.742723799685039371e+07 9.999921140765191119e-01 0.000000000000000000e+00
5.831707397882549465e+07 9.999919945281022793e-01 0.000000000000000000e+00
5.922069798373948038e+07 9.999918733152095562e-01 0.000000000000000000e+00
6.013832365723089874e+07 9.999917504249246081e-01 0.000000000000000000e+00
6.107016795538090169e+07 9.999916258449929041e-01 0.000000000000000000e+00
6.201645119600865245e+07 9.999914995638885529e-01 0.000000000000000000e+00
6.297739711076147109e+07 9.999913715708854678e-01 0.000000000000000000e+00
6.395323289801218361e+07 9.999912418561358596e-01 0.000000000000000000e+00
6.494418927657606453e+07 9.999911104107506166e-01 0.000000000000000000e+00
6.595050054026017338e+07 9.999909772268882335e-01 0.000000000000000000e+00
6.697240461325791478e+07 9.999908422978490696e-01 0.000000000000000000e+00
6.801014310640202463e+07 9.999907056181750464e-01 0.000000000000000000e+00
6.906396137428861856e+07 9.999905671837582277e-01 0.000000000000000000e+00
7.013410857328766584e+07 9.999904269919551725e-01 0.000000000000000000e+00
7.122083772045093775e+07 9.999902850417097255e-01 0.000000000000000000e+00
7.232440575333356857e+07 9.999901413336853562e-01 0.000000000000000000e+00
7.344507359074223042e+07 9.999899958704032699e-01 0.000000000000000000e+00
7.458310619442476332e+07 9.999898486563950639e-01 0.000000000000000000e+00
7.573877263171552122e+07 9.999896996983593800e-01 0.000000000000000000e+00
7.691234613915163279e+07 9.999895490053357650e-01 0.000000000000000000e+00
7.810410418707470596e+07 9.999893965888849712e-01 0.000000000000000000e+00
7.931432854523386061e+07 9.999892424632843557e-01 0.000000000000000000e+00
8.054330534940499067e+07 9.999890866457351590e-01 0.000000000000000000e+00
8.179132516904246807e+07 9.999889291565846605e-01 0.000000000000000000e+00
8.305868307597909868e+07 9.999887700195624340e-01 0.000000000000000000e+00
8.434567871419046819e+07 9.999886092620327016e-01 0.000000000000000000e+00
8.565261637064042687e+07 9.999884469152631183e-01 0.000000000000000000e+00
8.697980504722426832e+07 9.999882830147126533e-01 0.000000000000000000e+00
8.832755853382664919e+07 9.999881176003367900e-01 0.000000000000000000e+00
8.969619548251155019e+07 9.999879507169145976e-01 0.000000000000000000e+00
9.108603948286184669e+07 9.999877824143973415e-01 0.000000000000000000e+00
9.249741913848623633e+07 9.999876127482787425e-01 0.000000000000000000e+00
9.393066814471167326e+07 9.999874417799909931e-01 0.000000000000000000e+00
9.538612536747957766e+07 9.999872695773279752e-01 0.000000000000000000e+00
9.686413492346459627e+07 9.999870962148926790e-01 0.000000000000000000e+00
9.836504626143486798e+07 9.999869217745789296e-01 0.000000000000000000e+00
9.988921424487280846e+07 9.999867463460804240e-01 0.000000000000000000e+00
1.014369992358764559e+08 9.999865700274364055e-01 0.000000000000000000e+00
1.030087671803597659e+08 9.999863929256118666e-01 0.000000000000000000e+00
1.046048896945751756e+08 9.999862151571152769e-01 0.000000000000000000e+00
1.062257441529747695e+08 9.999860368486573892e-01 0.000000000000000000e+00
1.078717137774338573e+08 9.999858581378540112e-01 0.000000000000000000e+00
1.095431877278568894e+08 9.999856791739729633e-01 0.000000000000000000e+00
1.112405611941873878e+08 9.999855001187314407e-01 0.000000000000000000e+00
1.129642354898433983e+08 9.999853211471442238e-01 0.000000000000000000e+00
1.147146181466008723e+08 9.999851424484276219e-01 0.000000000000000000e+00
1.164921230109472573e+08 9.999849642269634797e-01 0.000000000000000000e+00
1.182971703419280052e+08 9.999847867033235804e-01 0.000000000000000000e+00
1.201301869105092436e+08 9.999846101153633260e-01 0.000000000000000000e+00
1.219916061004801840e+08 9.999844347193839189e-01 0.000000000000000000e+00
1.238818680109188110e+08 9.999842607913727033e-01 0.000000000000000000e+00
1.258014195602454841e+08 9.999840886283218877e-01 0.000000000000000000e+00
1.277507145918886960e+08 9.999839185496346428e-01 0.000000000000000000e+00
1.297302139815881997e+08 9.999837508986196832e-01 0.000000000000000000e+00
1.317403857463608384e+08 9.999835860440872137e-01 0.000000000000000000e+00
1.337817051551546305e+08 9.999834243820427959e-01 0.000000000000000000e+00
1.358546548412176967e+08 9.999832663374961239e-01 0.000000000000000000e+00
1.379597249162081480e+08 9.999831123663828203e-01 0.000000000000000000e+00
1.400974130860720873e+08 9.999829629576125756e-01 0.000000000000000000e+00
1.422682247687174082e+08 9.999828186352495152e-01 0.000000000000000000e+00
1.444726732135106027e+08 9.999826799608330097e-01 0.000000000000000000e+00
1.467112796226254404e+08 9.999825475358481430e-01 0.000000000000000000e+00
1.489845732742717564e+08 9.999824220043567191e-01 0.000000000000000000e+00
1.512930916478338540e+08 9.999823040557971332e-01 0.000000000000000000e+00
1.536373805509477854e+08 9.999821944279654318e-01 0.000000000000000000e+00
1.560179942485477626e+08 9.999820939101877748e-01 0.000000000000000000e+00
1.584354955939120650e+08 9.999820033466980673e-01 0.000000000000000000e+00
1.608904561617396772e+08 9.999819236402326394e-01 0.000000000000000000e+00
1.633834563832888305e+08 9.999818557558585175e-01 0.000000000000000000e+00
1.659150856836094260e+08 9.999818007250433904e-01 0.000000000000000000e+00
1.684859426209020317e+08 9.999817596499939176e-01 0.000000000000000000e+00
1.710966350280363262e+08 9.999817337082668178e-01 0.000000000000000000e+00
1.737477801562620401e+08 9.999817241576818283e-01 0.000000000000000000e+00
1.764400048211470246e+08 9.999817323415475245e-01 0.000000000000000000e+00
1.791739455507765412e+08 9.999817596942218723e-01 0.000000000000000000e+00
1.819502487362487614e+08 9.999818077470353783e-01 0.000000000000000000e+00
1.847695707845024765e+08 9.999818781345883867e-01 0.000000000000000000e+00
1.876325782735125422e+08 9.999819726014572696e-01 0.000000000000000000e+00
1.905399481098903120e+08 9.999820930093287208e-01 0.000000000000000000e+00
1.934923676889261007e+08 9.999822413445939029e-01 0.000000000000000000e+00
1.964905350571113229e+08 9.999824197264283177e-01 0.000000000000000000e+00
1.995351590771790445e+08 9.999826304153924816e-01 0.000000000000000000e+00
2.026269595957019329e+08 9.999828758225748349e-01 0.000000000000000000e+00
2.057666676132869124e+08 9.999831585193400540e-01 0.000000000000000000e+00
2.089550254574079216e+08 9.999834812476834367e-01 0.000000000000000000e+00
2.121927869579117596e+08 9.999838469312584133e-01 0.000000000000000000e+00
2.154807176252569854e+08 9.999842586871088290e-01 0.000000000000000000e+00
2.188195948314920366e+08 9.999847198381531799e-01 0.000000000000000000e+00
2.222102079940649271e+08 9.999852339264692080e-01 0.000000000000000000e+00
2.256533587624525726e+08 9.999858047274293726e-01 0.000000000000000000e+00
2.291498612077109218e+08 9.999864362647410410e-01 0.000000000000000000e+00
2.327005420149325728e+08 9.999871328264524628e-01 0.000000000000000000e+00
2.363062406787165999e+08 9.999878989819825925e-01 0.000000000000000000e+00
2.399678097016378045e+08 9.999887396002429263e-01 0.000000000000000000e+00
2.436861147958159745e+08 9.999896598689204108e-01 0.000000000000000000e+00
2.474620350875932574e+08 9.999906653149983615e-01 0.000000000000000000e+00
2.512964633253887594e+08 9.999917618265928843e-01 8.069177677284767952e-29
2.551903060907726884e+08 9.999929556761910643e-01 2.093056261507473232e-28
2.591444840128114223e+08 9.999942535453817394e-01 5.353803889811664928e-28
2.631599319857335687e+08 9.999956625511796648e-01 1.350720648661678878e-27
2.672375993899689615e+08 9.999971902740436569e-01 3.361865369654574197e-27
2.713784503166126013e+08 9.999988447877040665e-01 8.256492194312668375e-27
2.755834637953664660e+08 1.000000634690914492e+00 2.001237890732743543e-26
2.798536340260137916e+08 1.000002569141267728e+00 4.788238774133509514e-26
2.841899706134794354e+08 1.000004657891206072e+00 1.131127454637979980e-25
2.885934988065328598e+08 1.000006911326390524e+00 2.638696023011233637e-25
2.930652597401899099e+08 1.000009340506585520e+00 6.079829176291943520e-25
2.976063106818702817e+08 1.000011957209198332e+00 1.383880017648352921e-24
3.022177252813694477e+08 1.000014773975768767e+00 3.112362308045710891e-24
3.069005938247038126e+08 1.000017804161517310e+00 6.917431610087631346e-24
3.116560234918893576e+08 1.000021061988257465e+00 1.519636723159291749e-23
3.164851386187142134e+08 1.000024562600865030e+00 3.300280364566338040e-23
3.213890809625677466e+08 1.000028322127579195e+00 7.086843463941543387e-23
3.263690099723885655e+08 1.000032357744584433e+00 1.504940891753938632e-22
3.314261030627954006e+08 1.000036687745087693e+00 3.160990297265351601e-22
3.365615558924655318e+08 1.000041331613441997e+00 6.568034263170930396e-22
3.417765826468266249e+08 1.000046310104045988e+00 1.350288286619190781e-21
3.470724163251295090e+08 1.000051645326822003e+00 2.747044419772032586e-21
3.524503090319680572e+08 1.000057360838623843e+00 5.531222801310258611e-21
3.579115322733171582e+08 1.000063481741725546e+00 1.102452991469539541e-20
3.634573772571575642e+08 1.000070034790444762e+00 2.175447611959339631e-20
3.690891551987583041e+08 1.000077048504157906e+00 4.250616942935385657e-20
3.748081976306903362e+08 1.000084553292183376e+00 8.224969656374697978e-20
3.806158567176433802e+08 1.000092581587773477e+00 1.576372672685460185e-19
3.865135055761207938e+08 1.000101167993973306e+00 2.992871642367492706e-19
3.925025385990885496e+08 1.000110349439989665e+00 5.629674990246690028e-19
3.985843717856540680e+08 1.000120165352918589e+00 1.049313227724875259e-18
4.047604430758538246e+08 1.000130657846094451e+00 1.938265499778745905e-18
4.110322126906284690e+08 1.000141871922455294e+00 3.548677560969639228e-18
4.174011634770658016e+08 1.000153855704278838e+00 6.440551320962940831e-18
4.238688012589931488e+08 1.000166660667094032e+00 1.158884189313027433e-17
4.304366551930025220e+08 1.000180341913852633e+00 2.067635632525665299e-17
4.371062781299918890e+08 1.000194958474807772e+00 3.658311761908281900e-17
4.438792469823092222e+08 1.000210573628727895e+00 6.419706672655553067e-17
4.507571630965847373e+08 1.000227255274418248e+00 1.117459479660638609e-16
4.577416526323405504e+08 1.000245076299079772e+00 1.929674875356937784e-16
4.648343669464669228e+08 1.000264115038927093e+00 3.306170538937267830e-16
4.720369829836559296e+08 1.000284455753893464e+00 5.620920691424009609e-16
4.793512036728846431e+08 1.000306189176439098e+00 9.483802654597996006e-16
4.867787583300423026e+08 1.000329413122455158e+00 1.588186860175418655e-15
4.943214030667957664e+08 1.000354233071223842e+00 2.640068698228422091e-15
5.019809212057906389e+08 1.000380762979355964e+00 4.356857891372173792e-15
5.097591237022857666e+08 1.000409126054875308e+00 7.138805242009820965e-15
5.176578495723209381e+08 1.000439455647059939e+00 1.161503496027509593e-14
5.256789663275194168e+08 1.000471896304082398e+00 1.876751521616614644e-14
5.338243704166270494e+08 1.000506604835675883e+00 3.011842066461122558e-14
5.420959876738939285e+08 1.000543751433156991e+00 4.801136202517481361e-14
5.504957737744028568e+08 1.000583521218290750e+00 7.603072665819455358e-14
5.590257146964536905e+08 1.000626115631731539e+00 1.196227741859074715e-13
5.676878271911146641e+08 1.000671754085092013e+00 1.870096439352838368e-13
5.764841592590348721e+08 1.000720675931947135e+00 2.905259424240090369e-13
5.854167906346831322e+08 1.000773142375803282e+00 4.485609223075394128e-13
5.944878332780287266e+08 1.000829438798103821e+00 6.883635818078562340e-13
6.036994318739138842e+08 1.000889877207758794e+00 1.050069543568347550e-12
6.130537643390874863e+08 1.000954798957442327e+00 1.592447771406060457e-12
6.225530423371738195e+08 1.001024577722527731e+00 2.401053989384684206e-12
6.321995118015404940e+08 1.001099623158166585e+00 3.599734568123944297e-12
6.419954534663496017e+08 1.001180384200779150e+00 5.366762966454120569e-12
6.519431834057576656e+08 1.001267353058080012e+00 7.957352634739395902e-12
6.620450535815382004e+08 1.001361070184733748e+00 1.173490302531949219e-11
6.723034523991479874e+08 1.001462128547083941e+00 1.721411911453157381e-11
6.827208052724248171e+08 1.001571178889587577e+00 2.512021848242842168e-11
6.932995751970334053e+08 1.001688936421185616e+00 3.646983571266207043e-11
7.040422633327958584e+08 1.001816186426084609e+00 5.268095601358255308e-11
7.149514095950464010e+08 1.001953791211897205e+00 7.572159884781161142e-11
7.260295932551482916e+08 1.002102698110330703e+00 1.083099443598855456e-10
7.372794335503163338e+08 1.002263947340589878e+00 1.541823261453364765e-10
7.487035903028886318e+08 1.002438680606802190e+00 2.184504033618797427e-10
7.603047645491930246e+08 1.002628153283260826e+00 3.080754025531007330e-10
7.720856991781592369e+08 1.002833743909140374e+00 4.324941233238061122e-10
7.840491795798252821e+08 1.003056961158698801e+00 6.044406594385626124e-10
7.961980343038927317e+08 1.003299464413683229e+00 8.410245631532146695e-10
8.085351357284868956e+08 1.003563075396024296e+00 1.165133923737372382e-09
8.210634007392781973e+08 1.003849783358624626e+00 1.607249939694765338e-09
8.337857914191280603e+08 1.004161779012379130e+00 2.207803896969952805e-09
8.467053157484196424e+08 1.004501454016028195e+00 3.020187532386628289e-09
8.598250283162407875e+08 1.004871431256106451e+00 4.114624193986143105e-09
8.731480310425866842e+08 1.005274579032563675e+00 5.583089111387750539e-09
8.866774739117529392e+08 1.005714042233825101e+00 7.545573248488465397e-09
9.004165557170931101e+08 1.006193245410824000e+00 1.015794662968332025e-08
9.143685248173152208e+08 1.006715943283121639e+00 1.362193513114329578e-08
9.285366799044981003e+08 1.007286236059673712e+00 1.819755566920803383e-08
9.429243707840079069e+08 1.007908588438917619e+00 2.421860227463556262e-08
9.575349991664987803e+08 1.008587883536008256e+00 3.211201135134285768e-08
9.723720194721868038e+08 1.009329439887490576e+00 4.242167124067705863e-08
9.874389396475850344e+08 1.010139047584831529e+00 5.583779334364714661e-08
1.002739321994894743e+09 1.011023025862156421e+00 7.323311195016344079e-08
1.018276784014247060e+09 1.011988243384094099e+00 9.570681271972794940e-08
1.034054999258996606e+09 1.013042164032208703e+00 1.246380911588463319e-07
1.050077698204266429e+09 1.014192920830437217e+00 1.617514460386603905e-07
1.066348669128951907e+09 1.015449337124463502e+00 2.091947563881328930e-07
1.082871759011391401e+09 1.016820983271322421e+00 2.696334198697732153e-07
1.099650874438914537e+09 1.018318271242637962e+00 3.463639579812076711e-07
1.116689982531485558e+09 1.019952478312419197e+00 4.434479139022789409e-07
1.133993111879655838e+09 1.021735811454105525e+00 5.658714003554112862e-07
1.151564353497053146e+09 1.023681528011938457e+00 7.197359671162963462e-07
1.169407861787627220e+09 1.025803960528484104e+00 9.124802325221941411e-07
1.187527855527884483e+09 1.028118602840951912e+00 1.153141793968674403e-06
1.205928618864341497e+09 1.030642250026057694e+00 1.452667058957424864e-06
1.224614502326434612e+09 1.033393031053574163e+00 1.824266684917291688e-06
1.243589923855123758e+09 1.036390500797784719e+00 2.283830756521936010e-06
1.262859369847435951e+09 1.039655840527598629e+00 2.850419358774024190e-06
1.282427396217192411e+09 1.043211862756773911e+00 3.546813235320440098e-06
1.302298629472172976e+09 1.047083138827057835e+00 4.400156125017255551e-06
1.322477767807970285e+09 1.051296247489484470e+00 5.442709057856691377e-06
1.342969582218793631e+09 1.055879766112042040e+00 6.712683867019364171e-06
1.363778917625484943e+09 1.060864428712374297e+00 8.255212851321439151e-06
1.384910694021013021e+09 1.066283436490974568e+00 1.012348476163040493e-05
1.406369907633722782e+09 1.072172443136078845e+00 1.237998869934420860e-05
1.428161632108575344e+09 1.078569707832602642e+00 1.509793197490801683e-05
1.450291019706783295e+09 1.085516557686054373e+00 1.836295169403928760e-05
1.472763302523882866e+09 1.093057260588803148e+00 2.227490555577500963e-05
1.495583793726863146e+09 1.101239298270812794e+00 2.694999079406286822e-05
1.518757888810273170e+09 1.110113885780132259e+00 3.252323604831209528e-05
1.542291066871986866e+09 1.119735786247439968e+00 3.915110332309427364e-05
1.566188891908537626e+09 1.130163726583647943e+00 4.701461825673451200e-05
1.590457014130726576e+09 1.141460933827976421e+00 5.632299317810129133e-05
1.615101171299410820e+09 1.153694962886829378e+00 6.731744128292402644e-05
1.640127190082197428e+09 1.166938189043032148e+00 8.027576915188991077e-05
1.665540987430948496e+09 1.181268403387060850e+00 9.551767707332942342e-05
1.691348571980845928e+09 1.196768757499604208e+00 1.134104435914208385e-04
1.717556045470915318e+09 1.213528120423994716e+00 1.343755796389832957e-04
1.744169604186783075e+09 1.231641995877819307e+00 1.588967786003019664e-04
1.771195540425565243e+09 1.251212459666242616e+00 1.875283605238141284e-04
1.798640243983680964e+09 1.272348248551658401e+00 2.209049216322290414e-04
1.826510203667497396e+09 1.295166596689962146e+00 2.597537119585866948e-04
1.854812008827570677e+09 1.319792151823778070e+00 3.049064760400061586e-04
1.883552350916542530e+09 1.346358201350673189e+00 3.573147926289806401e-04
1.912738025071222544e+09 1.375007763080970058e+00 4.180676136263034633e-04
1.942375931719174385e+09 1.405893412139661791e+00 4.884100775384693461e-04
1.972473078210198879e+09 1.439177547724344919e+00 5.697652944638381504e-04
2.003036580473095179e+09 1.475035152982599573e+00 6.637621242476468173e-04
2.034073664698094368e+09 1.513651804755704378e+00 7.722613693454093977e-04
2.065591669045362234e+09 1.555226088109455507e+00 8.973908510083347364e-04
2.097598045379975080e+09 1.599970840349192347e+00 1.041584220478339491e-03
2.130100361033778667e+09 1.648112570775118302e+00 1.207622470153273076e-03
2.163106300594548702e+09 1.699892967085141926e+00 1.398684072931553456e-03
2.196623667722872734e+09 1.755571264108368723e+00 1.618403764763122433e-03
2.230660386997185230e+09 1.815423281888140172e+00 1.870933548874074851e-03
2.265224505787391663e+09 1.879743149745743080e+00 2.161016346733593205e-03
2.300324196157525063e+09 1.948846686653884719e+00 2.494073443345462202e-03
2.335967756797881126e+09 2.023069301458092717e+00 2.876291692021871235e-03
2.372163614987098217e+09 2.102768721394226326e+00 3.314732041821155401e-03
2.408920328584632397e+09 2.188329402525363676e+00 3.817457728256062020e-03
2.446246588054110050e+09 2.280159745706856533e+00 4.393659582206872402e-03
2.484151218518033028e+09 2.378694801205559983e+00 5.053810660711645711e-03
2.522643181844318390e+09 2.484402187872163381e+00 5.809852427686904887e-03
2.561731578765172005e+09 2.597778765573848236e+00 6.675372973094359161e-03
2.601425651028792858e+09 2.719353827555573755e+00 7.665826941866838579e-03
2.641734783584417343e+09 2.849696418369566775e+00 8.798801911940603085e-03
2.682668506801221371e+09 2.989411126836053700e+00 1.009426731003960388e-02
2.724236498721607208e+09 3.139142059606831126e+00 1.157488444021919673e-02
2.766448587349399090e+09 3.299581880460281447e+00 1.326638419863460788e-02
2.809314752973500729e+09 3.471466512332652243e+00 1.519790980366174729e-02
2.852845130527552605e+09 3.655580076086043739e+00 1.740244941293127637e-02
2.897050011986157894e+09 3.852766049813261429e+00 1.991736738977832599e-02
2.941939848798230648e+09 4.063920625490166749e+00 2.278486976606771894e-02
2.987525254358056068e+09 4.289998858373224699e+00 2.605260258851021041e-02
3.033817006514635563e+09 4.532028386538919484e+00 2.977439341478139295e-02
3.080826050119915485e+09 4.791100428834671021e+00 3.401086772574424266e-02
3.128563499616498947e+09 5.068378641888151570e+00 3.883028045374563308e-02
3.177040641665457726e+09 5.365116391995442768e+00 4.430955110424066729e-02
3.226268937814860821e+09 5.682644945426961414e+00 5.053507391883776956e-02
3.276260027209647655e+09 6.022382103986244850e+00 5.760382097240163146e-02
3.327025729343498230e+09 6.385855950916587531e+00 6.562479850117873548e-02
3.378578046853338718e+09 6.774691600947452486e+00 7.472012735171679187e-02
3.430929168357147217e+09 7.190618959935776822e+00 8.502649180966187492e-02
3.484091471335736275e+09 7.635503017257274649e+00 9.669715884955620844e-02
3.538077525059182644e+09 8.111328102178180899e+00 1.099033877520390612e-01
3.592900093558606625e+09 8.620204264295665553e+00 1.248363018474097363e-01
3.648572138643998146e+09 9.164413637564379655e+00 1.417098539816283032e-01
3.705106822968801022e+09 9.746374675315195191e+00 1.607622712428281309e-01
3.762517513141988754e+09 1.036867304110004184e+01 1.822590714530926692e-01
3.820817782888371944e+09 1.103409139520254278e+01 2.064964757508402915e-01
3.880021416257783890e+09 1.174559118008600045e+01 2.338038172030224571e-01
3.940142410884243965e+09 1.250633091718573020e+01 2.645470794857195385e-01
4.001194981295209408e+09 1.331971786505742728e+01 2.991339358438095952e-01
4.063193562272600174e+09 1.418937080024511665e+01 3.380163292132316588e-01
4.126152812265383244e+09 1.511916200887229955e+01 3.816958299159543544e-01
4.190087616855565071e+09 1.611325214719630949e+01 4.307294114096695270e-01
4.255013092277347565e+09 1.717608347805155589e+01 4.857340881038282876e-01
4.320944588991366386e+09 1.831238901323708390e+01 5.473923893900282112e-01
4.387897695313753128e+09 1.952727330632862746e+01 6.164616273152027093e-01
4.455888241101989746e+09 2.082617563889716550e+01 6.937786026022680907e-01
4.524932301497314453e+09 2.221489643279427639e+01 7.802673717706839485e-01
4.595046200725684166e+09 2.369969611051440594e+01 8.769517513818201326e-01
4.666246515957053185e+09 2.528724260817544689e+01 9.849607246001772509e-01
4.738550081225043297e+09 2.698465432658704799e+01 1.105539174828883198e+00
4.811973991406744957e+09 2.879960695439405072e+01 1.240063800990230281e+00
4.886535606264802933e+09 3.074028478820170918e+01 1.390050586136569954e+00
4.962252554551527023e+09 3.281542810356312145e+01 1.557168560208369801e+00
5.039142738177108765e+09 3.503446494983622017e+01 1.743261090807124214e+00
5.117224336442107201e+09 3.740743449983688862e+01 1.950353699484819847e+00
5.196515810335638046e+09 3.994507952474489088e+01 2.180674540210117307e+00
5.277035906900142670e+09 4.265898711534058663e+01 2.436681215775308829e+00
5.358803663663785934e+09 4.556150012904510049e+01 2.721070447338099996e+00
5.441838413141543388e+09 4.866581555299038797e+01 3.036803567121201031e+00
5.526159787406021118e+09 5.198617723605629237e+01 3.387143633169685586e+00
5.611787722729105949e+09 5.553777098916408761e+01 3.775667285848381738e+00
5.698742464295544624e+09 5.933683508290984321e+01 4.206297113003146571e+00
5.787044570989544868e+09 6.340090019293315038e+01 4.683351006840796416e+00
5.876714920255559921e+09 6.774864976582020404e+01 5.211554816611760899e+00
5.967774713034382820e+09 7.240007491026901221e+01 5.796086443048968029e+00
6.060245478775726318e+09 7.737676157414294664e+01 6.442640131331978104e+00
6.154149080528474808e+09 8.270171554219925270e+01 7.157440352218307211e+00
6.249507720109809875e+09 8.839956970382205270e+01 7.947301252099231661e+00
6.346343943354429245e+09 9.449692281971738339e+01 8.819709466967266209e+00
6.444680645445102692e+09 1.010221356974427636e+02 9.782840883799503118e+00
6.544541076325830460e+09 1.080055705040307004e+02 1.084563586711928806e+01
6.645948846198868752e+09 1.154800228151820960e+02 1.201790977876397015e+01
6.748927931106939316e+09 1.234804703695095327e+02 1.331037131165222220e+01
6.853502678601936340e+09 1.320443692196921290e+02 1.473472034145582654e+01
6.959697813501462936e+09 1.412121835830437817e+02 1.630379223000380051e+01
7.067538443734570503e+09 1.510270804250479273e+02 1.803157786805293838e+01
7.177050066278079033e+09 1.615352974492701605e+02 1.993335095948216917e+01
7.288258573184876442e+09 1.727867931627728524e+02 2.202585598999409200e+01
7.401190257705627441e+09 1.848348754722972274e+02 2.432732958048052296e+01
7.515871820505343437e+09 1.977366590162808961e+02 2.685766580999137076e+01
7.632330375976270676e+09 2.115538636534713248e+02 2.963866061595732049e+01
7.750593458648603439e+09 2.263523622248512766e+02 3.269403369241257451e+01
7.870689029700525284e+09 2.422027483470758966e+02 3.604964277089890601e+01
7.992645483569128990e+09 2.591813193828274393e+02 3.973380104924391532e+01
8.116491654663769722e+09 2.773695245351128733e+02 4.377729828970839066e+01
8.242256824183441162e+09 2.968546716233984171e+02 4.821367851834833118e+01
8.369970727039791107e+09 3.177311349097236644e+02 5.307965089131069192e+01
8.499663558887403488e+09 3.400996832951906299e+02 5.841510856026619791e+01
8.631365983263017654e+09 3.640683592593079538e+02 6.426348785713142320e+01
8.765109138835369110e+09 3.897539659420162934e+02 7.067229958165809478e+01
8.900924646767377853e+09 4.172812472759242723e+02 7.769314281284023593e+01
9.038844618192382812e+09 4.467839813701074831e+02 8.538216889251003749e+01
9.178901661806262970e+09 4.784068126093223441e+02 9.380076724748676043e+01
9.321128891577163696e+09 5.123042509903260679e+02 1.030155705561914914e+02
9.465559934574703217e+09 5.486420181112737282e+02 1.130990495013349317e+02
9.612228938920488358e+09 5.875993466905651985e+02 1.241304073521545916e+02
9.761170581861820221e+09 6.293677208282666697e+02 1.361955616704808563e+02
9.912420077970510483e+09 6.741525823185830859e+02 1.493879190378982571e+02
1.006601318746877289e+10 7.221761127449335618e+02 1.638095113100351909e+02
1.022198622468387222e+10 7.736757409795400235e+02 1.795709664557249425e+02
1.038037606663446045e+10 8.289062584870009687e+02 1.967925034729234994e+02
1.054122016174884987e+10 8.881432486580381465e+02 2.156053910443916948e+02
1.070455653871969604e+10 9.516812625824532006e+02 2.361518883301479548e+02
1.087042381549451637e+10 1.019836455807458265e+03 2.585865249191418798e+02
1.103886120840690231e+10 1.092950801987546356e+03 2.830779655278662972e+02
1.120990854144781494e+10 1.171389896238865049e+03 3.098089187676836787e+02
1.138360625568195534e+10 1.255546244734371612e+03 3.389777831178449219e+02
1.155999541880861473e+10 1.345844455664268025e+03 3.708010313981548620e+02
1.173911773487212181e+10 1.442738522654605731e+03 4.055130534385204442e+02
1.192101555412126160e+10 1.546715937644893074e+03 4.433682720776029669e+02
1.210573188302300262e+10 1.658304126893423017e+03 4.846442005484502715e+02
1.229331039442981911e+10 1.778067116487802650e+03 5.296412017934376308e+02
1.248379543790613937e+10 1.906610624160067800e+03 5.786851882659473176e+02
1.267723205021320915e+10 2.044590096916319453e+03 6.321315568914452570e+02
1.287366596595802307e+10 2.192706600324577721e+03 6.903648296410352714e+02
1.307314362840569115e+10 2.351713156280772182e+03 7.538021070566470598e+02
1.327571220046068001e+10 2.522424655976513804e+03 8.228980792680750938e+02
1.348141957581736374e+10 2.705712806399314559e+03 8.981445094895120747e+02
1.369031439028369331e+10 2.902514111756618149e+03 9.800746815115873005e+02
1.390244603328024483e+10 3.113842058047300725e+03 1.069269755586621613e+03
1.411786465951747131e+10 3.340781007169484383e+03 1.166358085415991809e+03
1.433662120085387230e+10 3.584496179578596639e+03 1.272020915007494523e+03
1.455876737833791733e+10 3.846248670281509021e+03 1.387000445016583853e+03
1.478435571443656158e+10 4.127387897535301818e+03 1.512098867327973039e+03
1.501343954545323753e+10 4.429364096160022200e+03 1.648185655042126655e+03
1.524607303413825607e+10 4.753746990451045349e+03 1.796207854104046191e+03
1.548231118249462509e+10 5.102216415188177052e+03 1.957188726637250511e+03
1.572220984478227997e+10 5.476578130544560736e+03 2.132237149820278773e+03
1.596582574072381401e+10 5.878786791882806028e+03 2.322560623851736636e+03
1.621321646891484261e+10 6.310934491231458196e+03 2.529463479192908380e+03
1.646444052044215012e+10 6.775270256087945199e+03 2.754358752839700173e+03
1.671955729271285820e+10 7.274228838156235724e+03 2.998784842341836338e+03
1.697862710349787521e+10 7.810416433666991907e+03 3.264403029954224166e+03
1.724171120519293976e+10 8.386635380320114564e+03 3.553012775363781657e+03
1.750887179930065918e+10 9.005919508273265819e+03 3.866572683128511017e+03
1.778017205113692856e+10 9.671516734902670578e+03 4.207197305205311750e+03
1.805567610476523209e+10 1.038691965437426370e+04 4.577176491308609911e+03
1.833544909816236115e+10 1.115590964537004584e+04 4.979002080852765175e+03
1.861955717861910248e+10 1.198253543274543517e+04 5.415363693409389271e+03
1.890806751837959671e+10 1.287115155800482898e+04 5.889173474701013220e+03
1.920104833052298355e+10 1.382647273884883907e+04 6.403599717195311314e+03
1.949856888509117508e+10 1.485354749007223472e+04 6.962061366505352453e+03
1.980069952546649170e+10 1.595780619746530647e+04 7.568259484177516242e+03
2.010751168500311661e+10 1.714512873907179892e+04 8.226219858241882321e+03
2.041907790391620255e+10 1.842181223569759459e+04 8.940285989289746794e+03
2.073547184643270874e+10 1.979463077589885506e+04 9.715158886516745042e+03
2.105676831820799255e+10 2.127091971000188278e+04 1.055595111041871678e+04
2.138304328401224136e+10 2.285853516277918970e+04 1.146817730907742407e+04
2.171437388569099045e+10 2.456592937978697955e+04 1.245780509929594518e+04
2.205083846040391541e+10 2.640225557727557316e+04 1.353132342756773687e+04
2.239251655914625931e+10 2.837731765917306984e+04 1.469573019673085764e+04
2.273948896555720901e+10 3.050166454784947564e+04 1.595859689651688859e+04
2.309183771501976013e+10 3.278672042828096892e+04 1.732815489732352216e+04
2.344964611405649185e+10 3.524472236967729259e+04 1.881327939458337642e+04
2.381299876002589035e+10 3.788883886113765766e+04 2.042357167747846324e+04
2.418198156112389374e+10 4.073333185903677077e+04 2.216946810585421554e+04
2.455668175669531250e+10 4.379347904731118615e+04 2.406221918961877964e+04
2.493718793786003494e+10 4.708572276647416584e+04 2.611399422338866862e+04
2.532359006845876312e+10 5.062787065671327582e+04 2.833801824066181871e+04
2.571597950632338333e+10 5.443900004359446029e+04 3.074854559355652236e+04
2.611444902487685776e+10 5.853964492270065966e+04 3.336099287183234992e+04
2.651909283506784439e+10 6.295204496513919730e+04 3.619211119755246182e+04
2.693000660764516449e+10 6.770002691598446108e+04 3.925995242807523027e+04
2.734728749577756119e+10 7.280923867321551370e+04 4.258403748800648464e+04
2.777103415802324677e+10 7.830745947917619196e+04 4.618557360497752234e+04
2.820134678165718460e+10 8.422445285162107029e+04 5.008741128636194480e+04
2.863832710635686874e+10 9.059225976351277495e+04 5.431425743942253030e+04
2.908207844825865936e+10 9.744558489276532782e+04 5.889294896325834998e+04
2.953270572438319778e+10 1.048216130654813460e+05 6.385239750010074931e+04
2.999031547744300079e+10 1.127603774219733605e+05 6.922385963528809953e+04
3.045501590103067017e+10 1.213052407360590732e+05 7.504128141365128977e+04
3.092691686520127106e+10 1.305026660042070725e+05 8.134122749832378759e+04
3.140612994244713593e+10 1.404026797897832002e+05 8.816322412189590978e+04
3.189276843407919312e+10 1.510594691162851814e+05 9.555019085845224618e+04
3.238694739701298904e+10 1.625310975399384333e+05 1.035483518111993326e+05
3.288878367097387695e+10 1.748800861100658076e+05 1.122076693258860032e+05
3.339839590611959457e+10 1.881741567875253095e+05 1.215823866452952498e+05
3.391590459109505844e+10 2.024858777072411613e+05 1.317309149644302379e+05
3.444143208151760101e+10 2.178933929060117225e+05 1.427163823518157587e+05
3.497510262890793610e+10 2.344813484658489178e+05 1.546073154139457038e+05
3.551704241006510925e+10 2.523404487721819605e+05 1.674774958687024773e+05
3.606737955690029144e+10 2.715683731748192804e+05 1.814066548827711376e+05
3.662624418673052979e+10 2.922709292060866137e+05 1.964813284077596618e+05
3.719376843304282379e+10 3.145614995768893859e+05 2.127946769853413571e+05
3.777008647673467255e+10 3.385621926166926860e+05 2.304473628434414859e+05
3.835533457783876801e+10 3.644052766564621124e+05 2.495486214348721551e+05
3.894965110773921204e+10 3.922324898690578411e+05 2.702160352406390011e+05
3.955317658188692474e+10 4.221964859938005684e+05 2.925766422017189907e+05
4.016605369302202606e+10 4.544626227427776321e+05 3.167682798899473273e+05
4.078842734491096497e+10 4.892080947732175118e+05 3.429392990622331272e+05
4.142044468660636902e+10 5.266237505712556886e+05 3.712499636258794926e+05
4.206225514723783875e+10 5.669163187753701350e+05 4.018741335026492015e+05
4.271401047134175110e+10 6.103073255914710462e+05 4.349989073179233819e+05
4.337586475473851776e+10 6.570353807293131249e+05 4.708263911325343070e+05
4.404797448096579742e+10 7.073589414441895206e+05 5.095757993294292828e+05
4.473049855827618408e+10 7.615549602899358142e+05 5.514830102168028243e+05
4.542359835720822906e+10 8.199217567568761297e+05 5.968027964841554640e+05
4.612743774873957062e+10 8.827824643363066716e+05 6.458114559552152641e+05
4.684218314303132629e+10 9.504833378602585290e+05 6.988062587361129699e+05
4.756800352877272034e+10 1.023397342172766454e+06 7.561082464371606475e+05
4.830507051313546753e+10 1.101928467412539758e+06 8.180655345969771734e+05
4.905355836234719086e+10 1.186509588017036673e+06 8.850526135776040610e+05
4.981364404289352417e+10 1.277606997528992360e+06 9.574738908979253611e+05
5.058550726335865021e+10 1.375725764376230771e+06 1.035767804992919788e+06
5.136933051691418457e+10 1.481407035986687290e+06 1.120405952020210912e+06
5.216529912446638489e+10 1.595233752641603583e+06 1.211897555325759342e+06
5.297360127847194672e+10 1.717837311018328182e+06 1.310794596987647237e+06
5.379442808743273926e+10 1.849894200098204659e+06 1.417690750405625673e+06
5.462797362107994080e+10 1.992133148263769224e+06 1.533226983123236336e+06
5.547443495625836945e+10 2.145343433494715020e+06 1.658097966202471638e+06
5.633401222352174377e+10 2.310370648753046989e+06 1.793050752477373695e+06
5.720690865444994354e+10 2.488125704669450875e+06 1.938891834985440131e+06
5.809333062969945526e+10 2.679595185327735730e+06 2.096495142154586967e+06
5.899348772779840851e+10 2.885835970201608259e+06 2.266800378343736753e+06
5.990759277469759369e+10 3.107986588225598913e+06 2.450821918825379573e+06
6.083586189408935547e+10 3.347280089146261569e+06 2.649658755997635424e+06
6.177851455850615692e+10 3.605037315550078172e+06 2.864492487321827095e+06
6.273577364121088409e+10 3.882681168702569790e+06 3.096598483418987598e+06
6.370786546889126587e+10 4.181752559568217024e+06 3.347358224737497047e+06
6.469501987517070007e+10 4.503901995773351751e+06 3.618256877522722352e+06
6.569747025494829559e+10 4.850907464656149037e+06 3.910897281124409754e+06
6.671545361958090973e+10 5.224694417698358186e+06 4.227015372819250450e+06
6.774921065292021179e+10 5.627325039320058189e+06 4.568477155859395862e+06
6.879898576821803284e+10 6.061020701328482479e+06 4.937296228272961453e+06
6.986502716591351318e+10 6.528186910545355640e+06 5.335653000539390370e+06
7.094758689231559753e+10 7.031399728059948422e+06 5.765890985017472878e+06
7.204692089919517517e+10 7.573434104897123761e+06 6.230538831193986349e+06
7.316328910429875183e+10 8.157294777767335996e+06 6.732334102550314739e+06
7.429695545280467224e+10 8.786199144468916580e+06 7.274218797769296914e+06
7.544818797972360229e+10 9.463612876050766557e+06 7.859366942764677107e+06
7.661725887327552795e+10 1.019328847766827419e+07 8.491214167245810851e+06
7.780444453923883057e+10 1.097924367221879400e+07 9.173452318517172709e+06
7.901002566630638123e+10 1.182580585248775594e+07 9.910063804117875174e+06
8.023428729244435120e+10 1.273766033133177646e+07 1.070535842761105672e+07
8.147751887228942871e+10 1.371982276117779873e+07 1.156396678765414469e+07
8.274001434557991028e+10 1.477769541408790834e+07 1.249088345051419176e+07
8.402207220665780640e+10 1.591712697601637989e+07 1.349151245056465082e+07
8.532399557503701782e+10 1.714437737524121627e+07 1.457165926105423272e+07
8.664609226707601929e+10 1.846618878147838637e+07 1.573758486946633458e+07
8.798867486874992371e+10 1.988985986697883159e+07 1.699606203469433263e+07
8.935206080956144714e+10 2.142320164263330773e+07 1.835436597199703753e+07
9.073657243758566284e+10 2.307462607923217863e+07 1.982034148323806748e+07
9.214253709568925476e+10 2.485323871681432426e+07 2.140247267367879674e+07
9.357028719891931152e+10 2.676878246644178033e+07 2.310987187195664272e+07
9.502016031310092163e+10 2.883174931815003976e+07 2.495236349607115611e+07
9.649249923464677429e+10 3.105349575869162008e+07 2.694057032269608974e+07
9.798765207160548401e+10 3.344617028861854225e+07 2.908589991043676808e+07
9.950597232596549988e+10 3.602285461965340376e+07 3.140064947271696851e+07
1.010478189772343445e+11 3.879770668300158530e+07 3.389811208833268285e+07
1.026135565673127899e+11 4.178586952313977480e+07 3.659256145111415535e+07
1.042035552866842499e+11 4.500364795682471991e+07 3.949938188146584481e+07
1.058181910619396820e+11 4.846868577697131783e+07 4.263519898044228554e+07
1.074578456446586761e+11 5.219985040703764558e+07 4.601786243614513427e+07
1.091229067016676788e+11 5.621745474051828682e+07 4.966660744616325200e+07
1.108137679066969299e+11 6.054347852612829953e+07 5.360221618940770626e+07
1.125308290334574432e+11 6.520141946915603429e+07 5.784699740302187204e+07
1.142744960501604004e+11 7.021657243011412024e+07 6.242498687106452882e+07
1.160451812155009613e+11 7.561630469633203745e+07 6.736214610611119866e+07
