# T[K] Gamma_nTOp[1/tau_n] Gamma_pTOn[1/tau_n]
# fingerprint_hash: 07b03ff18de9e792
# fingerprint: {"QED_corrections":true,"T_end_MeV":0.001,"T_start_cosmo_MeV":100.0,"analytic_distortions":false,"delta_xi_nu":0.0,"finite_mass_corrections":false,"format_version":1,"incomplete_decoupling":false,"munuOverTnu":0.05,"nevo_file":null,"nevo_file_prefix":"NEVOPRIMAT","nevo_spectral_file":null,"radiative_corrections":true,"sampling_nTOp_per_decade":150,"spectral_distortions":false,"y_SZ":0.0,"y_gray":0.0}
1.160451812155007198e+07 1.000000001706494945e+00 0.000000000000000000e+00
1.178433031761291809e+07 1.000000001788646564e+00 0.000000000000000000e+00
1.196692870656324737e+07 1.000000001874801647e+00 0.000000000000000000e+00
1.215235646050493419e+07 1.000000001965158480e+00 0.000000000000000000e+00
1.234065742049430311e+07 1.000000002059925786e+00 0.000000000000000000e+00
1.253187610690555163e+07 1.000000002159322943e+00 0.000000000000000000e+00
1.272605772995679639e+07 1.000000002263579768e+00 0.000000000000000000e+00
1.292324820039921999e+07 1.000000002372938068e+00 0.000000000000000000e+00
1.312349414037183113e+07 1.000000002487651640e+00 0.000000000000000000e+00
1.332684289442444220e+07 1.000000002607986715e+00 0.000000000000000000e+00
1.353334254071142524e+07 1.000000002734223292e+00 0.000000000000000000e+00
1.374304190235893987e+07 1.000000002866655358e+00 0.000000000000000000e+00
1.395599055900826678e+07 1.000000003005590887e+00 0.000000000000000000e+00
1.417223885853803717e+07 1.000000003151354067e+00 0.000000000000000000e+00
1.439183792896807566e+07 1.000000003304285068e+00 0.000000000000000000e+00
1.461483969054769725e+07 1.000000003464741161e+00 0.000000000000000000e+00
1.484129686803135276e+07 1.000000003633096712e+00 0.000000000000000000e+00
1.507126300314432755e+07 1.000000003809746296e+00 0.000000000000000000e+00
1.530479246724189445e+07 1.000000003995103359e+00 0.000000000000000000e+00
1.554194047416432761e+07 1.000000004189601777e+00 0.000000000000000000e+00
1.578276309329124913e+07 1.000000004393698294e+00 0.000000000000000000e+00
1.602731726279822551e+07 1.000000004607871862e+00 0.000000000000000000e+00
1.627566080311877280e+07 1.000000004832626299e+00 0.000000000000000000e+00
1.652785243061496504e+07 1.000000005068489850e+00 0.000000000000000000e+00
1.678395177145985141e+07 1.000000005316018736e+00 0.000000000000000000e+00
1.704401937573499978e+07 1.000000005575796713e+00 0.000000000000000000e+00
1.730811673174647242e+07 1.000000005848436402e+00 0.000000000000000000e+00
1.757630628056262806e+07 1.000000006134583286e+00 0.000000000000000000e+00
1.784865143077719212e+07 1.000000006434914379e+00 0.000000000000000000e+00
1.812521657350106537e+07 1.000000006750141113e+00 0.000000000000000000e+00
1.840606709758647159e+07 1.000000007081012221e+00 0.000000000000000000e+00
1.869126940508694202e+07 1.000000007428313298e+00 0.000000000000000000e+00
1.898089092695691064e+07 1.000000007792871459e+00 0.000000000000000000e+00
1.927500013899453729e+07 1.000000008175555344e+00 0.000000000000000000e+00
1.957366657803158462e+07 1.000000008577277777e+00 0.000000000000000000e+00
1.987696085837414861e+07 1.000000008998999101e+00 0.000000000000000000e+00
2.018495468849814311e+07 1.000000009441728732e+00 0.000000000000000000e+00
2.049772088800346479e+07 1.000000009906527154e+00 0.000000000000000000e+00
2.081533340483090654e+07 1.000000010394510586e+00 0.000000000000000000e+00
2.113786733274578676e+07 1.000000010906851866e+00 0.000000000000000000e+00
2.146539892909253761e+07 1.000000011444784231e+00 0.000000000000000000e+00
2.179800563282437995e+07 1.000000012009604422e+00 0.000000000000000000e+00
2.213576608281236142e+07 1.000000012602676680e+00 0.000000000000000000e+00
2.247876013643810898e+07 1.000000013225434969e+00 0.000000000000000000e+00
2.282706888847468048e+07 1.000000013879387639e+00 0.000000000000000000e+00
2.318077469025994465e+07 1.000000014566120532e+00 0.000000000000000000e+00
2.353996116916708648e+07 1.000000015287302979e+00 0.000000000000000000e+00
2.390471324837678671e+07 1.000000016044688689e+00 0.000000000000000000e+00
2.427511716695579141e+07 1.000000016840123962e+00 0.000000000000000000e+00
2.465126050024658069e+07 1.000000017675550579e+00 0.000000000000000000e+00
2.503323218057302758e+07 1.000000018553010461e+00 0.000000000000000000e+00
2.542112251826666296e+07 1.000000019474652335e+00 0.000000000000000000e+00
2.581502322301920131e+07 1.000000020442736837e+00 0.000000000000000000e+00
2.621502742556547374e+07 1.000000021459642285e+00 0.000000000000000000e+00
2.662122969970256090e+07 1.000000022527870458e+00 0.000000000000000000e+00
2.703372608465004340e+07 1.000000023650054803e+00 0.000000000000000000e+00
2.745261410775677487e+07 1.000000024828965106e+00 0.000000000000000000e+00
2.787799280755945295e+07 1.000000026067517256e+00 0.000000000000000000e+00
2.830996275719850883e+07 1.000000027368779465e+00 0.000000000000000000e+00
2.874862608819680288e+07 1.000000028735980262e+00 0.000000000000000000e+00
2.919408651460680366e+07 1.000000030172517818e+00 0.000000000000000000e+00
2.964644935753189772e+07 1.000000031681969492e+00 0.000000000000000000e+00
3.010582157002766803e+07 1.000000033268099831e+00 0.000000000000000000e+00
3.057231176238903776e+07 1.000000034934872328e+00 0.000000000000000000e+00
3.104603022782918811e+07 1.000000036686458316e+00 0.000000000000000000e+00
3.152708896855644137e+07 1.000000038527250501e+00 0.000000000000000000e+00
3.201560172225513682e+07 1.000000040461872741e+00 0.000000000000000000e+00
3.251168398897688091e+07 1.000000042495192920e+00 0.000000000000000000e+00
3.301545305844844505e+07 1.000000044632337826e+00 0.000000000000000000e+00
3.352702803780281544e+07 1.000000046878704918e+00 0.000000000000000000e+00
3.404652987973993272e+07 1.000000049239977873e+00 0.000000000000000000e+00
3.457408141112377495e+07 1.000000051722143235e+00 0.000000000000000000e+00
3.510980736202257872e+07 1.000000054331503740e+00 0.000000000000000000e+00
3.565383439519898593e+07 1.000000057074700077e+00 0.000000000000000000e+00
3.620629113605720550e+07 1.000000059958724208e+00 0.000000000000000000e+00
3.676730820305417478e+07 1.000000062990942684e+00 0.000000000000000000e+00
3.733701823858191818e+07 1.000000066179114411e+00 0.000000000000000000e+00
3.791555594032848626e+07 1.000000069531413516e+00 0.000000000000000000e+00
3.850305809312484413e+07 1.000000073056450889e+00 0.000000000000000000e+00
3.909966360128491372e+07 1.000000076763299495e+00 0.000000000000000000e+00
3.970551352144742757e+07 1.000000080661518131e+00 0.000000000000000000e+00
4.032075109592594206e+07 1.000000084761178742e+00 0.000000000000000000e+00
4.094552178657598794e+07 1.000000089072895060e+00 0.000000000000000000e+00
4.157997330918689817e+07 1.000000093607851914e+00 0.000000000000000000e+00
4.222425566840653867e+07 1.000000098377835434e+00 0.000000000000000000e+00
4.287852119320724159e+07 1.000000103395268791e+00 0.000000000000000000e+00
4.354292457290121913e+07 1.000000108673245292e+00 0.000000000000000000e+00
4.421762289371407777e+07 1.000000114225565229e+00 0.000000000000000000e+00
4.490277567592503130e+07 1.000000120066776743e+00 0.000000000000000000e+00
4.559854491158261150e+07 1.000000126212215124e+00 0.000000000000000000e+00
4.630509510280475020e+07 1.000000132678047882e+00 0.000000000000000000e+00
4.702259330067235976e+07 1.000000139481319605e+00 0.000000000000000000e+00
4.775120914472556859e+07 1.000000146640001919e+00 0.000000000000000000e+00
4.849111490307190269e+07 1.000000154173044331e+00 0.000000000000000000e+00
4.924248551311602443e+07 1.000000162100428414e+00 0.000000000000000000e+00
5.000549862292049825e+07 1.000000170443225533e+00 0.000000000000000000e+00
5.078033463320748508e+07 1.000000179223657915e+00 0.000000000000000000e+00
5.156717674001127481e+07 1.000000188465161699e+00 0.000000000000000000e+00
5.236621097799165547e+07 1.000000198192456669e+00 0.000000000000000000e+00
5.317762626441849768e+07 1.000000208431616189e+00 0.000000000000000000e+00
5.400161444383779913e+07 1.000000219210143593e+00 0.000000000000000000e+00
5.483837033342991769e+07 1.000000230557053227e+00 0.000000000000000000e+00
5.568809176907058060e+07 1.000000242502954384e+00 0.000000000000000000e+00
5.655097965210559964e+07 1.000000255080139899e+00 0.000000000000000000e+00
5.742723799685039371e+07 1.000000268322683628e+00 0.000000000000000000e+00
5.831707397882549465e+07 1.000000282266537699e+00 0.000000000000000000e+00
5.922069798373948038e+07 1.000000296949640655e+00 0.000000000000000000e+00
6.013832365723089874e+07 1.000000312412027803e+00 0.000000000000000000e+00
6.107016795538090169e+07 1.000000328695951124e+00 0.000000000000000000e+00
6.201645119600865245e+07 1.000000345846003391e+00 0.000000000000000000e+00
6.297739711076147109e+07 1.000000363909251844e+00 0.000000000000000000e+00
6.395323289801218361e+07 1.000000382935376964e+00 0.000000000000000000e+00
6.494418927657606453e+07 1.000000402976822578e+00 0.000000000000000000e+00
6.595050054026017338e+07 1.000000424088951290e+00 0.000000000000000000e+00
6.697240461325791478e+07 1.000000446330210346e+00 0.000000000000000000e+00
6.801014310640202463e+07 1.000000469762309052e+00 0.000000000000000000e+00
6.906396137428861856e+07 1.000000494450402178e+00 0.000000000000000000e+00
7.013410857328766584e+07 1.000000520463288467e+00 0.000000000000000000e+00
7.122083772045093775e+07 1.000000547873617363e+00 0.000000000000000000e+00
7.232440575333356857e+07 1.000000576758109494e+00 0.000000000000000000e+00
7.344507359074223042e+07 1.000000607197790492e+00 0.000000000000000000e+00
7.458310619442476332e+07 1.000000639278236125e+00 0.000000000000000000e+00
7.573877263171552122e+07 1.000000673089833869e+00 0.000000000000000000e+00
7.691234613915163279e+07 1.000000708728059573e+00 0.000000000000000000e+00
7.810410418707470596e+07 1.000000746293768561e+00 0.000000000000000000e+00
7.931432854523386061e+07 1.000000785893506272e+00 0.000000000000000000e+00
8.054330534940499067e+07 1.000000827639835110e+00 0.000000000000000000e+00
8.179132516904246807e+07 1.000000871651680834e+00 0.000000000000000000e+00
8.305868307597909868e+07 1.000000918054701371e+00 0.000000000000000000e+00
8.434567871419046819e+07 1.000000966981673622e+00 0.000000000000000000e+00
8.565261637064042687e+07 1.000001018572905354e+00 0.000000000000000000e+00
8.697980504722426832e+07 1.000001072976671956e+00 0.000000000000000000e+00
8.832755853382664919e+07 1.000001130349677192e+00 0.000000000000000000e+00
8.969619548251155019e+07 1.000001190857541244e+00 0.000000000000000000e+00
9.108603948286184669e+07 1.000001254675319196e+00 0.000000000000000000e+00
9.249741913848623633e+07 1.000001321988048364e+00 0.000000000000000000e+00
9.393066814471167326e+07 1.000001392991329396e+00 0.000000000000000000e+00
9.538612536747957766e+07 1.000001467891939777e+00 0.000000000000000000e+00
9.686413492346459627e+07 1.000001546908486194e+00 0.000000000000000000e+00
9.836504626143486798e+07 1.000001630272093545e+00 0.000000000000000000e+00
9.988921424487280846e+07 1.000001718227136127e+00 0.000000000000000000e+00
1.014369992358764559e+08 1.000001811032010801e+00 0.000000000000000000e+00
1.030087671803597659e+08 1.000001908959957442e+00 0.000000000000000000e+00
1.046048896945751756e+08 1.000002012299927800e+00 0.000000000000000000e+00
1.062257441529747695e+08 1.000002121357505436e+00 0.000000000000000000e+00
1.078717137774338573e+08 1.000002236455880933e+00 0.000000000000000000e+00
1.095431877278568894e+08 1.000002357936885744e+00 0.000000000000000000e+00
1.112405611941873878e+08 1.000002486162085980e+00 0.000000000000000000e+00
1.129642354898433983e+08 1.000002621513944145e+00 0.000000000000000000e+00
1.147146181466008723e+08 1.000002764397047272e+00 0.000000000000000000e+00
1.164921230109472573e+08 1.000002915239411205e+00 0.000000000000000000e+00
1.182971703419280052e+08 1.000003074493859945e+00 0.000000000000000000e+00
1.201301869105092436e+08 1.000003242639491141e+00 0.000000000000000000e+00
1.219916061004801840e+08 1.000003420183225744e+00 0.000000000000000000e+00
1.238818680109188110e+08 1.000003607661454463e+00 0.000000000000000000e+00
1.258014195602454841e+08 1.000003805641777710e+00 0.000000000000000000e+00
1.277507145918886960e+08 1.000004014724855894e+00 0.000000000000000000e+00
1.297302139815881997e+08 1.000004235546367193e+00 0.000000000000000000e+00
1.317403857463608384e+08 1.000004468779082778e+00 0.000000000000000000e+00
1.337817051551546305e+08 1.000004715135070166e+00 0.000000000000000000e+00
1.358546548412176967e+08 1.000004975368024684e+00 0.000000000000000000e+00
1.379597249162081480e+08 1.000005250275746826e+00 0.000000000000000000e+00
1.400974130860720873e+08 1.000005540702762596e+00 0.000000000000000000e+00
1.422682247687174082e+08 1.000005847543107285e+00 0.000000000000000000e+00
1.444726732135106027e+08 1.000006171743275774e+00 0.000000000000000000e+00
1.467112796226254404e+08 1.000006514305348260e+00 0.000000000000000000e+00
1.489845732742717564e+08 1.000006876290309599e+00 0.000000000000000000e+00
1.512930916478338540e+08 1.000007258821566047e+00 0.000000000000000000e+00
1.536373805509477854e+08 1.000007663088675613e+00 0.000000000000000000e+00
1.560179942485477626e+08 1.000008090351304890e+00 0.000000000000000000e+00
1.584354955939120650e+08 1.000008541943425477e+00 0.000000000000000000e+00
1.608904561617396772e+08 1.000009019277764866e+00 0.000000000000000000e+00
1.633834563832888305e+08 1.000009523850526660e+00 0.000000000000000000e+00
1.659150856836094260e+08 1.000010057246398576e+00 0.000000000000000000e+00
1.684859426209020317e+08 1.000010621143864187e+00 0.000000000000000000e+00
1.710966350280363262e+08 1.000011217320836643e+00 0.000000000000000000e+00
1.737477801562620401e+08 1.000011847660636555e+00 0.000000000000000000e+00
1.764400048211470246e+08 1.000012514158333587e+00 0.000000000000000000e+00
1.791739455507765412e+08 1.000013218927471748e+00 0.000000000000000000e+00
1.819502487362487614e+08 1.000013964207208339e+00 0.000000000000000000e+00
1.847695707845024765e+08 1.000014752369884130e+00 0.000000000000000000e+00
1.876325782735125422e+08 1.000015585929059148e+00 0.000000000000000000e+00
1.905399481098903120e+08 1.000016467548036303e+00 0.000000000000000000e+00
1.934923676889261007e+08 1.000017400048904825e+00 0.000000000000000000e+00
1.964905350571113229e+08 1.000018386422139915e+00 0.000000000000000000e+00
1.995351590771790445e+08 1.000019429836789708e+00 0.000000000000000000e+00
2.026269595957019329e+08 1.000020533651267529e+00 0.000000000000000000e+00
2.057666676132869124e+08 1.000021701424841147e+00 0.000000000000000000e+00
2.089550254574079216e+08 1.000022936929790163e+00 0.000000000000000000e+00
2.121927869579117596e+08 1.000024244164326781e+00 0.000000000000000000e+00
2.154807176252569854e+08 1.000025627366301739e+00 0.000000000000000000e+00
2.188195948314920366e+08 1.000027091027756443e+00 0.000000000000000000e+00
2.222102079940649271e+08 1.000028639910361061e+00 0.000000000000000000e+00
2.256533587624525726e+08 1.000030279061808303e+00 0.000000000000000000e+00
2.291498612077109218e+08 1.000032013833207500e+00 0.000000000000000000e+00
2.327005420149325728e+08 1.000033849897555616e+00 0.000000000000000000e+00
2.363062406787165999e+08 1.000035793269336892e+00 0.000000000000000000e+00
2.399678097016378045e+08 1.000037850325336208e+00 0.000000000000000000e+00
2.436861147958159745e+08 1.000040027826732736e+00 0.000000000000000000e+00
2.474620350875932574e+08 1.000042332942555623e+00 0.000000000000000000e+00
2.512964633253887594e+08 1.000044773274592069e+00 7.488362231188609615e-29
2.551903060907726884e+08 1.000047356883832395e+00 1.942619847715659549e-28
2.591444840128114223e+08 1.000050092318554462e+00 4.969573877710683715e-28
2.631599319857335687e+08 1.000052988644151153e+00 1.253927513915742873e-27
2.672375993899689615e+08 1.000056055474813244e+00 3.121316774690824889e-27
2.713784503166126013e+08 1.000059303007185596e+00 7.666624331604561823e-27
2.755834637953664660e+08 1.000062742056122334e+00 1.858484131293250056e-26
2.798536340260137916e+08 1.000066384092686445e+00 4.447213009341199230e-26
2.841899706134794354e+08 1.000070241284539918e+00 1.050693721984016358e-25
2.885934988065328598e+08 1.000074326538888725e+00 2.451358871985924980e-25
2.930652597401899099e+08 1.000078653548160057e+00 5.648879832306653122e-25
2.976063106818702817e+08 1.000083236838535949e+00 1.285947739895602287e-24
3.022177252813694477e+08 1.000088091821698999e+00 2.892473944188237381e-24
3.069005938247038126e+08 1.000093234849858348e+00 6.429528475210672319e-24
3.116560234918893576e+08 1.000098683274416533e+00 1.412633481917845522e-23
3.164851386187142134e+08 1.000104455508445067e+00 3.068291027691079283e-23
3.213890809625677466e+08 1.000110571093269174e+00 6.589539973157901406e-23
3.263690099723885655e+08 1.000117050769674609e+00 1.399518986522074714e-22
3.314261030627954006e+08 1.000123916553911085e+00 2.939951543043644475e-22
3.365615558924655318e+08 1.000131191819134902e+00 6.109570063261938920e-22
3.417765826468266249e+08 1.000138901381780077e+00 1.256205102248387927e-21
3.470724163251295090e+08 1.000147071595170134e+00 2.555989939626493817e-21
3.524503090319680572e+08 1.000155730449304503e+00 5.147242369089234208e-21
3.579115322733171582e+08 1.000164907678209092e+00 1.026063329379354823e-20
3.634573772571575642e+08 1.000174634876039637e+00 2.024995015506930600e-20
3.690891551987583041e+08 1.000184945619413845e+00 3.957210690524684681e-20
3.748081976306903362e+08 1.000195875603008044e+00 7.658329130250565258e-20
3.806158567176433802e+08 1.000207462784446166e+00 1.467985582514724884e-19
3.865135055761207938e+08 1.000219747541828408e+00 2.787499616712733548e-19
3.925025385990885496e+08 1.000232772841790796e+00 5.244143318472094044e-19
3.985843717856540680e+08 1.000246584424085539e+00 9.776008307184138404e-19
4.047604430758538246e+08 1.000261231003853224e+00 1.806074062959996825e-18
4.110322126906284690e+08 1.000276764489045567e+00 3.307161520654616363e-18
4.174011634770658016e+08 1.000293240227101643e+00 6.003150003306653296e-18
4.238688012589931488e+08 1.000310717251806203e+00 1.080349287129074574e-17
4.304366551930025220e+08 1.000329258576118097e+00 1.927821801438813890e-17
4.371062781299918890e+08 1.000348931511338746e+00 3.411481763622306762e-17
4.438792469823092222e+08 1.000369808006410510e+00 5.987530358667398546e-17
4.507571630965847373e+08 1.000391965043194276e+00 1.042402103983894550e-16
4.577416526323405504e+08 1.000415485019372275e+00 1.800359956505755795e-16
4.648343669464669228e+08 1.000440456238243847e+00 3.085126125674955611e-16
4.720369829836559296e+08 1.000466973405622406e+00 5.246000973877432857e-16
4.793512036728846431e+08 1.000495138207961210e+00 8.852734265206941295e-16
4.867787583300423026e+08 1.000525059954940676e+00 1.482761519081265552e-15
4.943214030667957664e+08 1.000556856170509601e+00 2.465247381143857042e-15
5.019809212057906389e+08 1.000590653458452106e+00 4.069068754347621398e-15
5.097591237022857666e+08 1.000626588301456010e+00 6.668440957248225742e-15
5.176578495723209381e+08 1.000664807984861904e+00 1.085168628620296960e-14
5.256789663275194168e+08 1.000705471705577221e+00 1.753727887648595073e-14
5.338243704166270494e+08 1.000748751665047731e+00 2.814927015299397872e-14
5.420959876738939285e+08 1.000794834209933537e+00 4.488066394197504654e-14
5.504957737744028568e+08 1.000843921466796793e+00 7.108622917979684344e-14
5.590257146964536905e+08 1.000896232753327286e+00 1.118644470751700415e-13
5.676878271911146641e+08 1.000952006278542861e+00 1.749141197190146616e-13
5.764841592590348721e+08 1.001011501192343278e+00 2.717873347897892457e-13
5.854167906346831322e+08 1.001074999523229314e+00 4.197105953252833092e-13
5.944878332780287266e+08 1.001142808580173238e+00 6.442157608450056999e-13
6.036994318739138842e+08 1.001215263456799009e+00 9.829178908900155721e-13
6.130537643390874863e+08 1.001292729808012538e+00 1.490907977639853219e-12
6.225530423371738195e+08 1.001375606889790104e+00 2.248406157941863962e-12
6.321995118015404940e+08 1.001464331345880865e+00 3.371562718787947293e-12
6.419954534663496017e+08 1.001559380518274756e+00 5.027612708596707327e-12
6.519431834057576656e+08 1.001661276510868559e+00 7.456024784571950982e-12
6.620450535815382004e+08 1.001770591340044758e+00 1.099786205080061968e-11
6.723034523991479874e+08 1.001887951183144665e+00 1.613631132453595601e-11
6.827208052724248171e+08 1.002014041727718574e+00 2.355234910764803217e-11
6.932995751970334053e+08 1.002149615087819079e+00 3.420082847331108108e-11
7.040422633327958584e+08 1.002295495384460500e+00 4.941389620813129602e-11
7.149514095950464010e+08 1.002452585792190209e+00 7.104090306340246868e-11
7.260295932551482916e+08 1.002621876702880721e+00 1.016367756212234743e-10
7.372794335503163338e+08 1.002804453628859394e+00 1.447143422551645098e-10
7.487035903028886318e+08 1.003001505848863273e+00 2.050807244224641792e-10
7.603047645491930246e+08 1.003214339041996972e+00 2.892841164121781340e-10
7.720856991781592369e+08 1.003444384709339277e+00 4.062037198123762881e-10
7.840491795798252821e+08 1.003693206627453316e+00 5.678243595213476928e-10
7.961980343038927317e+08 1.003962522646850486e+00 7.902531313935345524e-10
8.085351357284868956e+08 1.004254216132954625e+00 1.095042847600315184e-09
8.210634007392781973e+08 1.004570340031492703e+00 1.510904197404770995e-09
8.337857914191280603e+08 1.004913153256083991e+00 2.075930293336608503e-09
8.467053157484196424e+08 1.005285117992351207e+00 2.840438968748698584e-09
8.598250283162407875e+08 1.005688931590392965e+00 3.870628853034817666e-09
8.731480310425866842e+08 1.006127540122280228e+00 5.253227923316494126e-09
8.866774739117529392e+08 1.006604170800119880e+00 7.101413258087874646e-09
9.004165557170931101e+08 1.007122332776690721e+00 9.562245398385140290e-09
9.143685248173152208e+08 1.007685870743332046e+00 1.282610340911890529e-08
9.285366799044981003e+08 1.008298978948173996e+00 1.713844963860978871e-08
9.429243707840079069e+08 1.008966219225839067e+00 2.281448644111097360e-08
9.575349991664987803e+08 1.009692577531601687e+00 3.025748992240531835e-08
9.723720194721868038e+08 1.010483479219791425e+00 3.998136126823020637e-08
9.874389396475850344e+08 1.011344825347364251e+00 5.263845611682507143e-08
1.002739321994894743e+09 1.012283052301236497e+00 6.905389618212625566e-08
1.018276784014247060e+09 1.013305150004050414e+00 9.026722652271044685e-08
1.034054999258996606e+09 1.014418708023175242e+00 1.175832249920511620e-07
1.050077698204266429e+09 1.015631992142269402e+00 1.526338668149599445e-07
1.066348669128951907e+09 1.016953962754246987e+00 1.974524618465106372e-07
1.082871759011391401e+09 1.018394331977503064e+00 2.545630800664668608e-07
1.099650874438914537e+09 1.019963661672803390e+00 3.270885096641540247e-07
1.116689982531485558e+09 1.021673383699979398e+00 4.188775792215773160e-07
1.133993111879655838e+09 1.023535864391695194e+00 5.346569392877638910e-07
1.151564353497053146e+09 1.025564529623544052e+00 6.802127063762547846e-07
1.169407861787627220e+09 1.027773885377385676e+00 8.626015383669761530e-07
1.187527855527884483e+09 1.030179604580491626e+00 1.090400183703586752e-06
1.205928618864341497e+09 1.032798671539631341e+00 1.374000809297342623e-06
1.224614502326434612e+09 1.035649409954295219e+00 1.725950076152186229e-06
1.243589923855123758e+09 1.038751574873736150e+00 2.161345402310633780e-06
1.262859369847435951e+09 1.042126560708915850e+00 2.698303325774017178e-06
1.282427396217192411e+09 1.045797398200359440e+00 3.358485785057919804e-06
1.302298629472172976e+09 1.049788883257786853e+00 4.167714264023112986e-06
1.322477767807970285e+09 1.054127834592787361e+00 5.156691165470866606e-06
1.342969582218793631e+09 1.058843074991320909e+00 6.361797919832082378e-06
1.363778917625484943e+09 1.063965591174654612e+00 7.826023736806256604e-06
1.384910694021013021e+09 1.069528855426241654e+00 9.600053820778050987e-06
1.406369907633722782e+09 1.075568799328003422e+00 1.174346266277125628e-05
1.428161632108575344e+09 1.082123966796433967e+00 1.432607426944644278e-05
1.450291019706783295e+09 1.089235994687830500e+00 1.742960411337768177e-05
1.472763302523882866e+09 1.096949465873443774e+00 2.114938007408257537e-05
1.495583793726863146e+09 1.105312187800088886e+00 2.559637802896055545e-05
1.518757888810273170e+09 1.114375730657311880e+00 3.089961495837221253e-05
1.542291066871986866e+09 1.124195217933899871e+00 3.720865269727282324e-05
1.566188891908537626e+09 1.134829753609594372e+00 4.469660717401608254e-05
1.590457014130726576e+09 1.146342974800783843e+00 5.356363066662041012e-05
1.615101171299410820e+09 1.158802855078815641e+00 6.404058371375284653e-05
1.640127190082197428e+09 1.172282209771299044e+00 7.639345113306806180e-05
1.665540987430948496e+09 1.186859307560379273e+00 9.092843685283725087e-05
1.691348571980845928e+09 1.202617795545959156e+00 1.079974337038239288e-04
1.717556045470915318e+09 1.219647058634079961e+00 1.280044211893778658e-04
1.744169604186783075e+09 1.238043165981546290e+00 1.514131001802379475e-04
1.771195540425565243e+09 1.257908786118653977e+00 1.787550101662773578e-04
1.798640243983680964e+09 1.279353262095417110e+00 2.106388010308605640e-04
1.826510203667497396e+09 1.302494517340555547e+00 2.477620957890880912e-04
1.854812008827570677e+09 1.327457897820954358e+00 2.909228692563220237e-04
1.883552350916542530e+09 1.354377435888543646e+00 3.410341478009201450e-04
1.912738025071222544e+09 1.383396968331590760e+00 3.991408064289092496e-04
1.942375931719174385e+09 1.414669930774949291e+00 4.664375951108746350e-04
1.972473078210198879e+09 1.448359612929455587e+00 5.442899959347977318e-04
2.003036580473095179e+09 1.484642014914835828e+00 6.342607544530892922e-04
2.034073664698094368e+09 1.523703741022003566e+00 7.381349601988736360e-04
2.065591669045362234e+09 1.565744492311125002e+00 8.579535273128424287e-04
2.097598045379975080e+09 1.610978332416012293e+00 9.960502327806995074e-04
2.130100361033778667e+09 1.659633050826155642e+00 1.155091350853584701e-03
2.163106300594548702e+09 1.711951700407926102e+00 1.338123456846730458e-03
2.196623667722872734e+09 1.768195028109104561e+00 1.548629411198560813e-03
2.230660386997185230e+09 1.828640436407826364e+00 1.790586517702448446e-03
2.265224505787391663e+09 1.893583739860860371e+00 2.068536639369524498e-03
2.300324196157525063e+09 1.963342638417058694e+00 2.387669337115287324e-03
2.335967756797881126e+09 2.038254491263465251e+00 2.753904931216685521e-03
2.372163614987098217e+09 2.118679108967760794e+00 3.173997667646037430e-03
2.408920328584632397e+09 2.205003285002592239e+00 3.655657416970776574e-03
2.446246588054110050e+09 2.297637853730592372e+00 4.207668919090510641e-03
2.484151218518033028e+09 2.397020447165238544e+00 4.840038648573358714e-03
2.522643181844318390e+09 2.503621578993209695e+00 5.564171341039395209e-03
2.561731578765172005e+09 2.617941132578164076e+00 6.393039473551494559e-03
2.601425651028792858e+09 2.740511611322848484e+00 7.341391975712725955e-03
2.641734783584417343e+09 2.871905656654227812e+00 8.426006530863634075e-03
2.682668506801221371e+09 3.012731616808894231e+00 9.665926216771191307e-03
2.724236498721607208e+09 3.163637592496668649e+00 1.108275351911696197e-02
2.766448587349399090e+09 3.325320719208628706e+00 1.270100775934636210e-02
2.809314752973500729e+09 3.498521596634341257e+00 1.454845091960567036e-02
2.852845130527552605e+09 3.684029316891816563e+00 1.665649769203235778e-02
2.897050011986157894e+09 3.882692919404039600e+00 1.906071780614192537e-02
2.941939848798230648e+09 4.095414416090132015e+00 2.180127864516791594e-02
2.987525254358056068e+09 4.323155052272345422e+00 2.492351213833359988e-02
3.033817006514635563e+09 4.566949384417146263e+00 2.847861536980548711e-02
3.080826050119915485e+09 4.827895851473267719e+00 3.252423724260130461e-02
3.128563499616498947e+09 5.107165811951830392e+00 3.712526578717405962e-02
3.177040641665457726e+09 5.406021263696204393e+00 4.235480543328552089e-02
3.226268937814860821e+09 5.725802494779802743e+00 4.829494883223397345e-02
3.276260027209647655e+09 6.067936863722261265e+00 5.503782171855997607e-02
3.327025729343498230e+09 6.433963174196925650e+00 6.268695647134317483e-02
3.378578046853338718e+09 6.825517815271406441e+00 7.135832184735341199e-02
3.430929168357147217e+09 7.244342603527451629e+00 8.118169612371166355e-02
3.484091471335736275e+09 7.692315876856674173e+00 9.230257018145297809e-02
3.538077525059182644e+09 8.171436031809239608e+00 1.048834922633916367e-01
3.592900093558606625e+09 8.683827904126845354e+00 1.191058436520573971e-01
3.648572138643998146e+09 9.231790402806208107e+00 1.351726281719081157e-01
3.705106822968801022e+09 9.817759347023807592e+00 1.533098643759434887e-01
3.762517513141988754e+09 1.044433909970271301e+01 1.737694335744733032e-01
3.820817782888371944e+09 1.111433302935962075e+01 1.968322997985913203e-01
3.880021416257783890e+09 1.183072442313276618e+01 2.228108108808085630e-01
3.940142410884243965e+09 1.259669506316324572e+01 2.520520497811354343e-01
4.001194981295209408e+09 1.341567818668057477e+01 2.849425786547855610e-01
4.063193562272600174e+09 1.429131974346212175e+01 3.219109239944729639e-01
4.126152812265383244e+09 1.522752134372365695e+01 3.634326344365978456e-01
4.190087616855565071e+09 1.622847581190163524e+01 4.100357358235466876e-01
4.255013092277347565e+09 1.729865979148570077e+01 4.623051486003459942e-01
4.320944588991366386e+09 1.844284273510664462e+01 5.208878899112577843e-01
4.387897695313753128e+09 1.966616972411559772e+01 5.865017918563418808e-01
4.455888241101989746e+09 2.097412301177934069e+01 6.599400256459743153e-01
4.524932301497314453e+09 2.237254872682188278e+01 7.420784678580295557e-01
4.595046200725684166e+09 2.386775819237463736e+01 8.338874598725672938e-01
4.666246515957053185e+09 2.546647322795320889e+01 9.364370350137795063e-01
4.738550081225043297e+09 2.717586978349362070e+01 1.050907085709047672e+00
4.811973991406744957e+09 2.900368731891610352e+01 1.178602342155269156e+00
4.886535606264802933e+09 3.095817792518046474e+01 1.320959576170035898e+00
4.962252554551527023e+09 3.304815437312579718e+01 1.479560646341468999e+00
5.039142738177108765e+09 3.528312504599914234e+01 1.656152532548799350e+00
5.117224336442107201e+09 3.767321412851040918e+01 1.852654953444683894e+00
5.196515810335638046e+09 4.022925594427355378e+01 2.071179720757863052e+00
5.277035906900142670e+09 4.296293887430509528e+01 2.314055997314568458e+00
5.358803663663785934e+09 4.588671314717137051e+01 2.583839745732450677e+00
5.441838413141543388e+09 4.901389104019391141e+01 2.883337851348652947e+00
5.526159787406021118e+09 5.235884410572900549e+01 3.215643052760832177e+00
5.611787722729105949e+09 5.593689396214136877e+01 3.584145564336566725e+00
5.698742464295544624e+09 5.976442474939326388e+01 3.992563726820475889e+00
5.787044570989544868e+09 6.385912865632446511e+01 4.444990458294874713e+00
5.876714920255559921e+09 6.823986077542052442e+01 4.945905804577700238e+00
5.967774713034382820e+09 7.292679696395335043e+01 5.500218663926405682e+00
6.060245478775726318e+09 7.794172761788978221e+01 6.113327315295874698e+00
6.154149080528474808e+09 8.330787592536781005e+01 6.791133347892561289e+00
6.249507720109809875e+09 8.905010927426765477e+01 7.540097887621151074e+00
6.346343943354429245e+09 9.519528567680889353e+01 8.367319603622211943e+00
6.444680645445102692e+09 1.017720421372822983e+02 9.280551612632169878e+00
6.544541076325830460e+09 1.088110386267787391e+02 1.028827268398458372e+01
6.645948846198868752e+09 1.163453999384255155e+02 1.139979134109076675e+01
6.748927931106939316e+09 1.244104550308662311e+02 1.262526461017752055e+01
6.853502678601936340e+09 1.330440389852515182e+02 1.397579066416911431e+01
6.959697813501462936e+09 1.422870348105857659e+02 1.546354479463391840e+01
7.067538443734570503e+09 1.521830568259035772e+02 1.710180023187645659e+01
7.177050066278079033e+09 1.627788259256646768e+02 1.890504868695515128e+01
7.288258573184876442e+09 1.741248342289380275e+02 2.088917754299363239e+01
7.401190257705627441e+09 1.862749603711988868e+02 2.307149250147670827e+01
7.515871820505343437e+09 1.992869359586746896e+02 2.547087419757901117e+01
7.632330375976270676e+09 2.132231618758929415e+02 2.810800869893447640e+01
7.750593458648603439e+09 2.281502402732384098e+02 3.100541142040471598e+01
7.870689029700525284e+09 2.441395537878644859e+02 3.418763019572547535e+01
7.992645483569128990e+09 2.612682703474553705e+02 3.768154481147075785e+01
8.116491654663769722e+09 2.796187725883031021e+02 4.151639112811280086e+01
8.242256824183441162e+09 2.992793790015219315e+02 4.572402436088176358e+01
8.369970727039791107e+09 3.203455784583282480e+02 5.033930702562975767e+01
8.499663558887403488e+09 3.429193364201810823e+02 5.540013216281689523e+01
8.631365983263017654e+09 3.671099919341448299e+02 6.094776403613815319e+01
8.765109138835369110e+09 3.930357774497524019e+02 6.702734012314189727e+01
8.900924646767377853e+09 4.208229731255167962e+02 7.368789109350703370e+01
9.038844618192382812e+09 4.506070229209177000e+02 8.098278114968395869e+01
9.178901661806262970e+09 4.825344068736303598e+02 8.897035651618205065e+01
9.321128891577163696e+09 5.167616102484595331e+02 9.771395916085114663e+01
9.465559934574703217e+09 5.534564977599803797e+02 1.072824916358520682e+02
9.612228938920488358e+09 5.928006634528696850e+02 1.177512635326393990e+02
9.761170581861820221e+09 6.349881349460476940e+02 1.292019855108212312e+02
9.912420077970510483e+09 6.802271160744869576e+02 1.417235054244974037e+02
1.006601318746877289e+10 7.287428296140247994e+02 1.554128845795115978e+02
1.022198622468387222e+10 7.807759842614921126e+02 1.703753843164946318e+02
1.038037606663446045e+10 8.365849355198113244e+02 1.867254120841589327e+02
1.054122016174884987e+10 8.964491895901035150e+02 2.045879044281671781e+02
1.070455653871969604e+10 9.606675327247571659e+02 2.240982887604168639e+02
1.087042381549451637e+10 1.029560725575067181e+03 2.454037014386464932e+02
1.103886120840690231e+10 1.103475808290812438e+03 2.686647576533334814e+02
1.120990854144781494e+10 1.182783851986599984e+03 2.940554872053385793e+02
1.138360625568195534e+10 1.267883321190455717e+03 3.217649022656472653e+02
1.155999541880861473e+10 1.359205377350338040e+03 3.519992632171046694e+02
1.173911773487212181e+10 1.457211103550936741e+03 3.849819572224524791e+02
1.192101555412126160e+10 1.562395709848039814e+03 4.209555155194835834e+02
1.210573188302300262e+10 1.675295108801230072e+03 4.601845221448180041e+02
1.229331039442981911e+10 1.796482516095939900e+03 5.029554199290220708e+02
1.248379543790613937e+10 1.926573658700177930e+03 5.495790871405894222e+02
1.267723205021320915e+10 2.066234986763522556e+03 6.003945856963484857e+02
1.287366596595802307e+10 2.216179492316970936e+03 6.557688622294668903e+02
1.307314362840569115e+10 2.377173194298555245e+03 7.161000477736524772e+02
1.327571220046068001e+10 2.550045266758841535e+03 7.818222376954004176e+02
1.348141957581736374e+10 2.735682911098458135e+03 8.534050526131761671e+02
1.369031439028369331e+10 2.935039525904973743e+03 9.313578924978195346e+02
1.390244603328024483e+10 3.149147156881674618e+03 1.016236008727542185e+03
1.411786465951747131e+10 3.379110318116589497e+03 1.108639917049237965e+03
1.433662120085387230e+10 3.626116214457641036e+03 1.209220853645527313e+03
1.455876737833791733e+10 3.891450085834792844e+03 1.318688493704304392e+03
1.478435571443656158e+10 4.176487587213860024e+03 1.437810107661109214e+03
1.501343954545323753e+10 4.482707587413818146e+03 1.567417552457374768e+03
1.524607303413825607e+10 4.811711251845546940e+03 1.708417135719171711e+03
1.548231118249462509e+10 5.165212605853655987e+03 1.861788412688270910e+03
1.572220984478227997e+10 5.545054742115083172e+03 2.028593212424450712e+03
1.596582574072381401e+10 5.953233298195105817e+03 2.209988128407128443e+03
1.621321646891484261e+10 6.391884965876667593e+03 2.407222913902177424e+03
1.646444052044215012e+10 6.863307485946498673e+03 2.621651906114137091e+03
1.671955729271285820e+10 7.369989075788756054e+03 2.854750046920849854e+03
1.697862710349787521e+10 7.914594156669609220e+03 3.108110640814199087e+03
1.724171120519293976e+10 8.499988688412533520e+03 3.383460089078428609e+03
1.750887179930065918e+10 9.129276313531136111e+03 3.682678101702258118e+03
1.778017205113692856e+10 9.805781028066472572e+03 4.007794779491276131e+03
1.805567610476523209e+10 1.053307858153024972e+04 4.361009291854736148e+03
1.833544909816236115e+10 1.131504158153502249e+04 4.744715660652378574e+03
1.861955717861910248e+10 1.215581823422000889e+04 5.161498885197973323e+03
1.890806751837959671e+10 1.305987185353942550e+04 5.614158873273421705e+03
1.920104833052298355e+10 1.403203646618269704e+04 6.105742992300347396e+03
1.949856888509117508e+10 1.507749076519414484e+04 6.639540969693651277e+03
1.980069952546649170e+10 1.620180751294438232e+04 7.219115381093658470e+03
2.010751168500311661e+10 1.741102272919651659e+04 7.848343003173230500e+03
2.041907790391620255e+10 1.871160400118128382e+04 8.531408252525969147e+03
2.073547184643270874e+10 2.011051190668091658e+04 9.272841833333832255e+03
2.105676831820799255e+10 2.161528628359007052e+04 1.007757331618145508e+04
2.138304328401224136e+10 2.323400661806907374e+04 1.095092220014347004e+04
2.171437388569099045e+10 2.497536957558634458e+04 1.189864743708755850e+04
2.205083846040391541e+10 2.684879634248104776e+04 1.292701411814040512e+04
2.239251655914625931e+10 2.886438367320357793e+04 1.404278168717863628e+04
2.273948896555720901e+10 3.103300102590989263e+04 1.525326700090961458e+04
2.309183771501976013e+10 3.336642395326176484e+04 1.656642874575228416e+04
2.344964611405649185e+10 3.587727369659255055e+04 1.799085201147913176e+04
2.381299876002589035e+10 3.857913932905269758e+04 1.953582876760570434e+04
2.418198156112389374e+10 4.148674378496753343e+04 2.121146478734884658e+04
2.455668175669531250e+10 4.461586898798928451e+04 2.302865936957250233e+04
2.493718793786003494e+10 4.798350942243111786e+04 2.499920797434709675e+04
2.532359006845876312e+10 5.160807781990811054e+04 2.713593701925830464e+04
2.571597950632338333e+10 5.550931366375739890e+04 2.945267804405734205e+04
2.611444902487685776e+10 5.970847615021679667e+04 3.196439847063956040e+04
2.651909283506784439e+10 6.422859959782756050e+04 3.468737174560214044e+04
2.693000660764516449e+10 6.909438068525688141e+04 3.763914398427693959e+04
2.734728749577756119e+10 7.433242022942591575e+04 4.083870007804859779e+04
2.777103415802324677e+10 7.997154152856706060e+04 4.430667896497454785e+04
2.820134678165718460e+10 8.604265149561162980e+04 4.806533075810115406e+04
2.863832710635686874e+10 9.257904376542956743e+04 5.213872773602399684e+04
2.908207844825865936e+10 9.961679533726474619e+04 5.655303645951198996e+04
2.953270572438319778e+10 1.071945944526651292e+05 6.133646216621791973e+04
2.999031547744300079e+10 1.153541215749856055e+05 6.651951719599343778e+04
3.045501590103067017e+10 1.241405439810235985e+05 7.213536498353716161e+04
3.092691686520127106e+10 1.336023021938207676e+05 7.821974802087039279e+04
3.140612994244713593e+10 1.437915898732200440e+05 8.481132981140109769e+04
3.189276843407919312e+10 1.547649676962605154e+05 9.195212775097454141e+04
3.238694739701298904e+10 1.665831012615827494e+05 9.968742180040893436e+04
3.288878367097387695e+10 1.793113634354772512e+05 1.080661886179520225e+05
3.339839590611959457e+10 1.930205995456526871e+05 1.171416479622156476e+05
3.391590459109505844e+10 2.077868025981227111e+05 1.269711452149452089e+05
3.444143208151760101e+10 2.236918706629855733e+05 1.376167030951037013e+05
3.497510262890793610e+10 2.408245609780658851e+05 1.491457111664704280e+05
3.551704241006510925e+10 2.592800871500986395e+05 1.616307748596979945e+05
3.606737955690029144e+10 2.791610716094411910e+05 1.751504163848259777e+05
3.662624418673052979e+10 3.005787347979084007e+05 1.897899440712980577e+05
3.719376843304282379e+10 3.236523979186657234e+05 2.056412602213003847e+05
3.777008647673467255e+10 3.485106797357106116e+05 2.228037505979118869e+05
3.835533457783876801e+10 3.752929773285327246e+05 2.413853790234761836e+05
3.894965110773921204e+10 4.041488516363309463e+05 2.615024428545929550e+05
3.955317658188692474e+10 4.352395332518877112e+05 2.832807025736709475e+05
4.016605369302202606e+10 4.687397706601577811e+05 3.068567622555909329e+05
4.078842734491096497e+10 5.048370657899026410e+05 3.323777555671203299e+05
4.142044468660636902e+10 5.437335687804281479e+05 3.600027798409648822e+05
4.206225514723783875e+10 5.856483816855649929e+05 3.899046341235185391e+05
4.271401047134175110e+10 6.308166144654745003e+05 4.222694213666085852e+05
4.337586475473851776e+10 6.794917719065870624e+05 4.572983702423347859e+05
4.404797448096579742e+10 7.319486180232493207e+05 4.952100177757464699e+05
4.473049855827618408e+10 7.884820106213989202e+05 5.362397062616957119e+05
4.542359835720822906e+10 8.494099040333868470e+05 5.806418939845860004e+05
4.612743774873957062e+10 9.150769262913068524e+05 6.286929055404667743e+05
4.684218314303132629e+10 9.858529378364245640e+05 6.806902948920053896e+05
4.756800352877272034e+10 1.062136790876006009e+06 7.369557628286697436e+05
4.830507051313546753e+10 1.144360813248181250e+06 7.978386325550043257e+05
4.905355836234719086e+10 1.232989005578482756e+06 8.637150302114568185e+05
4.981364404289352417e+10 1.328521797345779371e+06 9.349916012691513170e+05
5.058550726335865021e+10 1.431501622380187968e+06 1.012109870151260053e+06
5.136933051691418457e+10 1.542510676915974356e+06 1.095545196713469690e+06
5.216529912446638489e+10 1.662176920752626844e+06 1.185811497887850739e+06
5.297360127847194672e+10 1.791181027235812740e+06 1.283466725979486946e+06
5.379442808743273926e+10 1.930253626742354129e+06 1.389111563953554723e+06
5.462797362107994080e+10 2.080182828411473194e+06 1.503395387025711359e+06
5.547443495625836945e+10 2.241822903750063851e+06 1.627023158525827806e+06
5.633401222352174377e+10 2.416090865247746464e+06 1.760753777130924398e+06
5.720690865444994354e+10 2.603975956018878613e+06 1.905407645845305407e+06
5.809333062969945526e+10 2.806550493070746306e+06 2.061875345162062207e+06
5.899348772779840851e+10 3.024965577931801789e+06 2.231115511080391239e+06
5.990759277469759369e+10 3.260463083476484753e+06 2.414164452538673766e+06
6.083586189408935547e+10 3.514389163697317243e+06 2.612147034404427279e+06
6.177851455850615692e+10 3.788188977908388712e+06 2.826274030615812633e+06
6.273577364121088409e+10 4.083421780751330312e+06 3.057854304756877478e+06
6.370786546889126587e+10 4.401777712125383317e+06 3.308308430943429004e+06
6.469501987517070007e+10 4.745071318968272768e+06 3.579165402608322911e+06
6.569747025494829559e+10 5.115260514150149189e+06 3.872078027314282488e+06
6.671545361958090973e+10 5.514467655461009592e+06 4.188840125748253427e+06
6.774921065292021179e+10 5.944971398083702661e+06 4.531382300897651352e+06
6.879898576821803284e+10 6.409230552737686783e+06 4.901791418419469148e+06
6.986502716591351318e+10 6.909910466621467844e+06 5.302332256458635442e+06
7.094758689231559753e+10 7.449872885281060822e+06 5.735442154271576554e+06
7.204692089919517517e+10 8.032206113466895185e+06 6.203755759786712006e+06
7.316328910429875183e+10 8.660257800829764456e+06 6.710132103171277791e+06
7.429695545280467224e+10 9.337622397670721635e+06 7.257647886691947468e+06
7.544818797972360229e+10 1.006817914839561842e+07 7.849628814976678230e+06
7.661725887327552795e+10 1.085613313141352870e+07 8.489683663755826652e+06
7.780444453923883057e+10 1.170599973193921708e+07 9.181695869191061705e+06
7.901002566630638123e+10 1.262265221836102381e+07 9.929862968670563772e+06
8.023428729244435120e+10 1.361137324012152664e+07 1.073873955681226961e+07
8.147751887228942871e+10 1.467783535326538421e+07 1.161322655561211705e+07
8.274001434557991028e+10 1.582816135566361807e+07 1.255862143284072168e+07
8.402207220665780640e+10 1.706898837068421394e+07 1.358067194413415529e+07
8.532399557503701782e+10 1.840744345842078701e+07 1.468556248454941064e+07
8.664609226707601929e+10 1.985121989436024427e+07 1.587997783607873134e+07
8.798867486874992371e+10 2.140865709047471732e+07 1.717117052236601338e+07
8.935206080956144714e+10 2.308871071962886676e+07 1.856694397851425037e+07
9.073657243758566284e+10 2.490104827172398567e+07 2.007573278134580702e+07
9.214253709568925476e+10 2.685614911080462486e+07 2.170668734348023310e+07
9.357028719891931152e+10 2.896526724883460253e+07 2.346965268142630160e+07
9.502016031310092163e+10 3.124055209167242795e+07 2.537527017758288234e+07
9.649249923464677429e+10 3.369517366278652847e+07 2.743508402753637731e+07
9.798765207160548401e+10 3.634327536576915532e+07 2.966151380871535838e+07
9.950597232596549988e+10 3.920012693506947905e+07 3.206798382248083502e+07
1.010478189772343445e+11 4.228228042617550492e+07 3.466905628280270845e+07
1.026135565673127899e+11 4.560751250186669081e+07 3.748039766062904894e+07
1.042035552866842499e+11 4.919501651153033972e+07 4.051894175328297168e+07
1.058181910619396820e+11 5.306559688694459200e+07 4.380305636291757971e+07
1.074578456446586761e+11 5.724159800832945853e+07 4.735250153233471513e+07
1.091229067016676788e+11 6.174714621758002043e+07 5.118863572621542960e+07
1.108137679066969299e+11 6.660839381537052244e+07 5.533462576553849131e+07
1.125308290334574432e+11 7.185342890610924363e+07 5.981539306400991231e+07
1.142744960501604004e+11 7.751258094330319762e+07 6.465787476544157416e+07
1.160451812155009613e+11 8.361872587112064660e+07 6.989128723020786047e+07
