# T[K] Gamma_nTOp[1/tau_n] Gamma_pTOn[1/tau_n]
# fingerprint_hash: 2cc072aa1e7a2fa5
# fingerprint: {"QED_corrections":true,"T_end_MeV":0.001,"T_start_cosmo_MeV":40.0,"analytic_distortions":false,"finite_mass_corrections":true,"format_version":1,"incomplete_decoupling":false,"munuOverTnu":-0.03,"nevo_file":null,"nevo_file_prefix":"NEVOPRIMAT","nevo_spectral_file":null,"radiative_corrections":true,"sampling_nTOp_per_decade":80,"spectral_distortions":false,"y_SZ":0.0,"y_gray":0.0}
1.160451812155007198e+07 9.999983380862911275e-01 0.000000000000000000e+00
1.194445382843508385e+07 9.999982893597926248e-01 0.000000000000000000e+00
1.229434740548801981e+07 9.999982392021870004e-01 0.000000000000000000e+00
1.265449055251050368e+07 9.999981875713246371e-01 0.000000000000000000e+00
1.302518351418111660e+07 9.999981344237807157e-01 0.000000000000000000e+00
1.340673533036361635e+07 9.999980797148136924e-01 0.000000000000000000e+00
1.379946409374797717e+07 9.999980233983281064e-01 0.000000000000000000e+00
1.420369721503815055e+07 9.999979654268361662e-01 0.000000000000000000e+00
1.461977169590851478e+07 9.999979057514181147e-01 0.000000000000000000e+00
1.504803440995584987e+07 9.999978443216823720e-01 0.000000000000000000e+00
1.548884239188134670e+07 9.999977810857269001e-01 0.000000000000000000e+00
1.594256313514404185e+07 9.999977159900959034e-01 0.000000000000000000e+00
1.640957489833307080e+07 9.999976489797379742e-01 0.000000000000000000e+00
1.689026702051510662e+07 9.999975799979602398e-01 0.000000000000000000e+00
1.738504024581887946e+07 9.999975089863828437e-01 0.000000000000000000e+00
1.789430705752837285e+07 9.999974358848903178e-01 0.000000000000000000e+00
1.841849202196240798e+07 9.999973606315795127e-01 0.000000000000000000e+00
1.895803214242760837e+07 9.999972831627091940e-01 0.000000000000000000e+00
1.951337722354025394e+07 9.999972034126439757e-01 0.000000000000000000e+00
2.008499024621973559e+07 9.999971213137988091e-01 0.000000000000000000e+00
2.067334775366751477e+07 9.999970367965821394e-01 0.000000000000000000e+00
2.127894024865204096e+07 9.999969497893361758e-01 0.000000000000000000e+00
2.190227260243212804e+07 9.999968602182774946e-01 0.000000000000000000e+00
2.254386447565865889e+07 9.999967680074371978e-01 0.000000000000000000e+00
2.320425075160592049e+07 9.999966730785996294e-01 0.000000000000000000e+00
2.388398198209420219e+07 9.999965753512408684e-01 0.000000000000000000e+00
2.458362484647430480e+07 9.999964747424685552e-01 0.000000000000000000e+00
2.530376262405800447e+07 9.999963711669584976e-01 0.000000000000000000e+00
2.604499568038682267e+07 9.999962645368958292e-01 0.000000000000000000e+00
2.680794196774604172e+07 9.999961547619147240e-01 0.000000000000000000e+00
2.759323754033992812e+07 9.999960417490368902e-01 0.000000000000000000e+00
2.840153708455819264e+07 9.999959254026152822e-01 0.000000000000000000e+00
2.923351446477630734e+07 9.999958056242765903e-01 0.000000000000000000e+00
3.008986328514331579e+07 9.999956823128660632e-01 0.000000000000000000e+00
3.097129746782724559e+07 9.999955553643976591e-01 0.000000000000000000e+00
3.187855184819832072e+07 9.999954246720030859e-01 0.000000000000000000e+00
3.281238278744807094e+07 9.999952901258908344e-01 0.000000000000000000e+00
3.377356880315344781e+07 9.999951516133055440e-01 0.000000000000000000e+00
3.476291121831235290e+07 9.999950090184976936e-01 0.000000000000000000e+00
3.578123482939223200e+07 9.999948622226995099e-01 0.000000000000000000e+00
3.682938859394711256e+07 9.999947111041097569e-01 0.000000000000000000e+00
3.790824633837836981e+07 9.999945555378931816e-01 0.000000000000000000e+00
3.901870748642701656e+07 9.999943953961885068e-01 0.000000000000000000e+00
4.016169780900728703e+07 9.999942305481355209e-01 0.000000000000000000e+00
4.133817019600404054e+07 9.999940608599193759e-01 0.000000000000000000e+00
4.254910545068005472e+07 9.999938861948360902e-01 0.000000000000000000e+00
4.379551310735325515e+07 9.999937064133819220e-01 0.000000000000000000e+00
4.507843227302657813e+07 9.999935213733724959e-01 0.000000000000000000e+00
4.639893249367284775e+07 9.999933309300929052e-01 0.000000000000000000e+00
4.775811464589476585e+07 9.999931349364881150e-01 0.000000000000000000e+00
4.915711185470598191e+07 9.999929332433942220e-01 0.000000000000000000e+00
5.059709043819620460e+07 9.999927256998208946e-01 0.000000000000000000e+00
5.207925087986870110e+07 9.999925121532911021e-01 0.000000000000000000e+00
5.360482882946188748e+07 9.999922924502450128e-01 0.000000000000000000e+00
5.517509613308683038e+07 9.999920664365209433e-01 0.000000000000000000e+00
5.679136189354267716e+07 9.999918339579200177e-01 0.000000000000000000e+00
5.845497356169053912e+07 9.999915948608678606e-01 0.000000000000000000e+00
6.016731805979927629e+07 9.999913489931896438e-01 0.000000000000000000e+00
6.192982293779598922e+07 9.999910962050096996e-01 0.000000000000000000e+00
6.374395756338880956e+07 9.999908363497956865e-01 0.000000000000000000e+00
6.561123434705124050e+07 9.999905692855677319e-01 0.000000000000000000e+00
6.753321000289034843e+07 9.999902948762924293e-01 0.000000000000000000e+00
6.951148684645150602e+07 9.999900129934873316e-01 0.000000000000000000e+00
7.154771413053803146e+07 9.999897235180693622e-01 0.000000000000000000e+00
7.364358942016379535e+07 9.999894263424704555e-01 0.000000000000000000e+00
7.580086000778134167e+07 9.999891213730650597e-01 0.000000000000000000e+00
7.802132436996677518e+07 9.999888085329473597e-01 0.000000000000000000e+00
8.030683366677752137e+07 9.999884877651028514e-01 0.000000000000000000e+00
8.265929328502891958e+07 9.999881590360309991e-01 0.000000000000000000e+00
8.508066442678131163e+07 9.999878223398737109e-01 0.000000000000000000e+00
8.757296574435649812e+07 9.999874777031205753e-01 0.000000000000000000e+00
9.013827502325230837e+07 9.999871251899623559e-01 0.000000000000000000e+00
9.277873091435243189e+07 9.999867649083804544e-01 0.000000000000000000e+00
9.549653471688136458e+07 9.999863970170675964e-01 0.000000000000000000e+00
9.829395221358637512e+07 9.999860217332861012e-01 0.000000000000000000e+00
1.011733155596781969e+08 9.999856393417894118e-01 0.000000000000000000e+00
1.041370252271060497e+08 9.999852502049388914e-01 0.000000000000000000e+00
1.071875520057871491e+08 9.999848547741759797e-01 0.000000000000000000e+00
1.103274390634579509e+08 9.999844536030210174e-01 0.000000000000000000e+00
1.135593040658666492e+08 9.999840473617945813e-01 0.000000000000000000e+00
1.168858413590708673e+08 9.999836368542877052e-01 0.000000000000000000e+00
1.203098242156668752e+08 9.999832230366240138e-01 0.000000000000000000e+00
1.238341071468138248e+08 9.999828070385980983e-01 0.000000000000000000e+00
1.274616282819872946e+08 9.999823901878077681e-01 0.000000000000000000e+00
1.311954118184435666e+08 9.999819740369351173e-01 0.000000000000000000e+00
1.350385705424373746e+08 9.999815603945751974e-01 0.000000000000000000e+00
1.389943084242920876e+08 9.999811513600680435e-01 0.000000000000000000e+00
1.430659232894937396e+08 9.999807493628428690e-01 0.000000000000000000e+00
1.472568095680249631e+08 9.999803572068408641e-01 0.000000000000000000e+00
1.515704611242395937e+08 9.999799781206705207e-01 0.000000000000000000e+00
1.560104741696303487e+08 9.999796158142097990e-01 0.000000000000000000e+00
1.605805502609273791e+08 9.999792745424821439e-01 0.000000000000000000e+00
1.652844993860153258e+08 9.999789591777155096e-01 0.000000000000000000e+00
1.701262431402502060e+08 9.999786752906247855e-01 0.000000000000000000e+00
1.751098179958217144e+08 9.999784292420745846e-01 0.000000000000000000e+00
1.802393786668825150e+08 9.999782282864361216e-01 0.000000000000000000e+00
1.855192015732608140e+08 9.999780806881034545e-01 0.000000000000000000e+00
1.909536884056296647e+08 9.999779958528295376e-01 0.000000000000000000e+00
1.965473697951165140e+08 9.999779844757412661e-01 0.000000000000000000e+00
2.023049090904033780e+08 9.999780587081319450e-01 0.000000000000000000e+00
2.082311062454790771e+08 9.999782323453699773e-01 0.000000000000000000e+00
2.143309018212690055e+08 9.999785210386068490e-01 0.000000000000000000e+00
2.206093811044900417e+08 9.999789425332280546e-01 0.000000000000000000e+00
2.270717783471610248e+08 9.999795169374230408e-01 0.000000000000000000e+00
2.337234811302981079e+08 9.999802670246420444e-01 0.000000000000000000e+00
2.405700348554467559e+08 9.999812185741896453e-01 0.000000000000000000e+00
2.476171473677769899e+08 9.999824007547452043e-01 0.000000000000000000e+00
2.548706937146100700e+08 9.999838465562157497e-01 1.941912084433370445e-28
2.623367210433326662e+08 9.999855932760383093e-01 1.122452579075067583e-27
2.700214536427979469e+08 9.999876830668456007e-01 6.184140012062519248e-27
2.779312981323959827e+08 9.999901635533795519e-01 3.251989706068475524e-26
2.860728488031346798e+08 9.999930885276702153e-01 1.634354674921373317e-25
2.944528931151782870e+08 9.999965187328495597e-01 7.860010066956472573e-25
3.030784173564286828e+08 1.000000522747385157e+00 3.621728951744573370e-24
3.119566124668592215e+08 1.000005177984055305e+00 1.600832057620758651e-23
3.210948800334758162e+08 1.000010571820143523e+00 6.795454701408717691e-23
3.305008384608782530e+08 1.000016802877658817e+00 2.773483491434183501e-22
3.401823293225855827e+08 1.000023982478233320e+00 1.089542761282633716e-21
3.501474238984055519e+08 1.000032236301589883e+00 4.124186730217262970e-21
3.604044299033194184e+08 1.000041706282728926e+00 1.505768825025993339e-20
3.709618984134646654e+08 1.000052552786018678e+00 5.308137182525113812e-20
3.818286309950104952e+08 1.000064957122195786e+00 1.808487839507224394e-19
3.930136870418622494e+08 1.000079124474167580e+00 5.960638962425893254e-19
4.045263913283039927e+08 1.000095287287450896e+00 1.902290101463577508e-18
4.163763417829000354e+08 1.000113709279117025e+00 5.883824217653117138e-18
4.285734174901039600e+08 1.000134690184335762e+00 1.765321882024518615e-17
4.411277869262718558e+08 1.000158571379590189e+00 5.142118680742165235e-17
4.540499164369260669e+08 1.000185742560151914e+00 1.455384536859309376e-16
4.673505789623640776e+08 1.000216649877577968e+00 4.005769014394885890e-16
4.810408630188527703e+08 1.000251805818228368e+00 1.073034829235010935e-15
4.951321819429209232e+08 1.000291800673296594e+00 2.799629722374677363e-15
5.096362834064487815e+08 1.000337317145619354e+00 7.119972948366684665e-15
5.245652592104764581e+08 1.000389148090862435e+00 1.766334470306925064e-14
5.399315553659272194e+08 1.000448216805002621e+00 4.277624922523386353e-14
5.557479824696080685e+08 1.000515603410842447e+00 1.011998446435875406e-13
5.720277263841720819e+08 1.000592577179102882e+00 2.340516033243585185e-13
5.887843592309185266e+08 1.000680631496482231e+00 5.295375708757548090e-13
6.060318507046331167e+08 1.000781533115352451e+00 1.172814841987275385e-12
6.237845797198551893e+08 1.000897375980385196e+00 2.544467762313658465e-12
6.420573463983147144e+08 1.001030646380765443e+00 5.411014194083528856e-12
6.608653844075227976e+08 1.001184307718535393e+00 1.128623154815034635e-11
6.802243736607878208e+08 1.001361887682101770e+00 2.310316623063117847e-11
7.001504533892848492e+08 1.001567602628037568e+00 4.644134897490553746e-11
7.206602355970234871e+08 1.001806482043924307e+00 9.172680705552599918e-11
7.417708189099742174e+08 1.002084531730323524e+00 1.781081726400472816e-10
7.634998028308640718e+08 1.002408932373975325e+00 3.401719082294168525e-10
7.858653024115747213e+08 1.002788238182078961e+00 6.393763056329319276e-10
8.088859633553140163e+08 1.003232652248010170e+00 1.183219325817936421e-09
8.325809775611968040e+08 1.003754322474100569e+00 2.156851643188306788e-09
8.569700991241761446e+08 1.004367693062647060e+00 3.874412271990689598e-09
8.820736608036700487e+08 1.005089908702417878e+00 6.861109528683986120e-09
9.079125909745934010e+08 1.005941282159205752e+00 1.198247433597402695e-08
9.345084310749771595e+08 1.006945832139514385e+00 2.064483784511846905e-08
9.618833535646533966e+08 1.008131909909755874e+00 3.510170247254365040e-08
9.900601804100320339e+08 1.009532931863819982e+00 5.891518352494278342e-08
1.019062402110335708e+09 1.011188132431645181e+00 9.763990827359053348e-08
1.048914197281219006e+09 1.013143550464458142e+00 1.598237067943250329e-07
1.079640452812016487e+09 1.015453077267011395e+00 2.584492557046722643e-07
1.111266784613485813e+09 1.018179648814205418e+00 4.129817982668214601e-07
1.143819558973324299e+09 1.021396596979459614e+00 6.522369524166381198e-07
1.177325914537234783e+09 1.025189221896900760e+00 1.018344527880193555e-06
1.211813784933942080e+09 1.029656529670364140e+00 1.572152390742035213e-06
1.247311922062922478e+09 1.034913199221811020e+00 2.400501741025914971e-06
1.283849920064341068e+09 1.041091808278135300e+00 3.625906156813352138e-06
1.321458239991118431e+09 1.048345309151382576e+00 5.419282118069392829e-06
1.360168235203776360e+09 1.056849923731257412e+00 8.016546857766670129e-06
1.400012177509135485e+09 1.066808258655764119e+00 1.174004019196251153e-05
1.441023284064728022e+09 1.078452861715013977e+00 1.702598955383193948e-05
1.483235745071326971e+09 1.092050161107101847e+00 2.445949042640831983e-05
1.526684752276691675e+09 1.107905154486661381e+00 3.481903631622837182e-05
1.571406528314249754e+09 1.126366298681496403e+00 4.913283024942268878e-05
1.617438356901275635e+09 1.147831183401468058e+00 6.875015739004440162e-05
1.664818613921616554e+09 1.172752782642631164e+00 9.543181858989334063e-05
1.713586799418937206e+09 1.201646990853029395e+00 1.314653494906487040e-04
1.763783570527214289e+09 1.235100348933301007e+00 1.798114775618273671e-04
1.815450775365811586e+09 1.273779132470247655e+00 2.442915616285105127e-04
1.868631487927488089e+09 1.318439213747203631e+00 3.298276104780989925e-04
1.923370043988390207e+09 1.369938267813266553e+00 4.427517789435331187e-04
1.979712078069975138e+09 1.429248450468734166e+00 5.912038621736917044e-04
2.037704561483635664e+09 1.497470660185934221e+00 7.856428797538142017e-04
2.097395841489860296e+09 1.575850914159312666e+00 1.039505485767520205e-03
2.158835681604428291e+09 1.665800096437816569e+00 1.370053766455413009e-03
2.222075303085304260e+09 1.768912760510178428e+00 1.799455626019187161e-03
2.287167427634904385e+09 1.886993795734343449e+00 2.356173693658038162e-03
2.354166321353172302e+09 2.022083551401228529e+00 3.076723095329613085e-03
2.423127839978229046e+09 2.176486777692249852e+00 4.007895959129032307e-03
2.494109475452268600e+09 2.352813696595364323e+00 5.209591223231747718e-03
2.567170403851538181e+09 2.554009928827744247e+00 6.758316262055038583e-03
2.642371534720295429e+09 2.783408227520864031e+00 8.751616135268768665e-03
2.719775561850031853e+09 3.044774709456152806e+00 1.131353931372592811e-02
2.799447015546083927e+09 3.342373737908157949e+00 1.460146709810298919e-02
2.881452316425378323e+09 3.681017304400807433e+00 1.881439203817239503e-02
2.965859830790022850e+09 4.066154829962449035e+00 2.420328210512685471e-02
3.052739927623100281e+09 4.503954294102289424e+00 3.108365922125608249e-02
3.142165037253938198e+09 5.001390814040399313e+00 3.985087346228502470e-02
3.234209711741948128e+09 5.566353298925792892e+00 5.099867897058914246e-02
3.328950687029297352e+09 6.207778756085137850e+00 6.514191803020133453e-02
3.426466946914258480e+09 6.935792495776524014e+00 8.304383048627798913e-02
3.526839788898484230e+09 7.761858092135756948e+00 1.056487659316382027e-01
3.630152891963314533e+09 8.698961659467375540e+00 1.341216764697955866e-01
3.736492386331355095e+09 9.761817161441900481e+00 1.698953986176476583e-01
3.845946925271603107e+09 1.096711734835773910e+01 2.147277301016271012e-01
3.958607759008128166e+09 1.233378698182483468e+01 2.707688246739334836e-01
4.074568810793635368e+09 1.388328903129813874e+01 3.406419012172739458e-01
4.193926755211558819e+09 1.563996705669289078e+01 4.275390603706832882e-01
4.316781098771873474e+09 1.763147761764221499e+01 5.353370122371363671e-01
4.443234262867848396e+09 1.988919150787263135e+01 6.687306690893952688e-01
4.573391669162797928e+09 2.244875485660151782e+01 8.333959255311360614e-01
4.707361827478274345e+09 2.535064542321073944e+01 1.036178550788455555e+00
4.845256426256653786e+09 2.864088966909741885e+01 1.285322175637071185e+00
4.987190425673658371e+09 3.237177213963540368e+01 1.590731063309123838e+00
5.133282153478646278e+09 3.660273975874557095e+01 1.964285812775873996e+00
5.283653403642189980e+09 4.140141701290000498e+01 2.420215239187095690e+00
5.438429537893475533e+09 4.684475205451258972e+01 2.975533859092617028e+00
5.597739590232056618e+09 5.302027407663209146e+01 3.650551687324884220e+00
5.761716374501134872e+09 6.002767276203255165e+01 4.469487590180232672e+00
5.930496595111913681e+09 6.798031929026761588e+01 5.461160551064212498e+00
6.104220961011671066e+09 7.700752210205578763e+01 6.659858524509995270e+00
6.283034302990117073e+09 8.725653734445469922e+01 8.106296460766600376e+00
6.467085694422193527e+09 9.889503103783745530e+01 9.848752243130951101e+00
6.656528575547679901e+09 1.121142716242970465e+02 1.194445166310670281e+01
6.851520881391641617e+09 1.271322394726323495e+02 1.446111805573117159e+01
7.052225173431834221e+09 1.441977380976228744e+02 1.747886904318870904e+01
7.258808775123225212e+09 1.635942153887165773e+02 2.109229291357931757e+01
7.471443911392463684e+09 1.856453553721065077e+02 2.541307811799199712e+01
7.690307852218645096e+09 2.107205051747970117e+02 3.057292722925699024e+01
7.915583060419889450e+09 2.392415314489805667e+02 3.672707877756072037e+01
8.147457343769403458e+09 2.716896104369830596e+02 4.405820484841505902e+01
8.386124011567255020e+09 3.086147049341480511e+02 5.278130956288722331e+01
8.631782035798656464e+09 3.506450380488032579e+02 6.314916761295847891e+01
8.884636217013431549e+09 3.984986660762256747e+02 7.545882354242418444e+01
9.144897355064310074e+09 4.529957058660318694e+02 9.005891739075575231e+01
9.412782424846891403e+09 5.150737375998564858e+02 1.073585561915086402e+02
9.688514757187610626e+09 5.858056114574229696e+02 1.278377307357352208e+02
9.972324225030553818e+09 6.664175376844052607e+02 1.520588177259273550e+02
1.026444743507811546e+10 7.583123075873158996e+02 1.806806319163312935e+02
1.056512792504586601e+10 8.630942544565315302e+02 2.144743175077327635e+02
1.087461636669533730e+10 9.826008251356098526e+02 2.543427487331686905e+02
1.119317077481427765e+10 1.118934386081717548e+03 3.013417599487050325e+02
1.152105672231908607e+10 1.274500594074626861e+03 3.567053549398082168e+02
1.185854756165785217e+10 1.452054577198654670e+03 4.218757625813428263e+02
1.220592465269928932e+10 1.654752877598439227e+03 4.985380973496664865e+02
1.256347759729724312e+10 1.886209992901743135e+03 5.886595332841286563e+02
1.293150448072645378e+10 2.150565884405052657e+03 6.945356888012360059e+02
1.331031212019052696e+10 2.452563621697482631e+03 8.188445821335908477e+02
1.370021632061007500e+10 2.797642232057248293e+03 9.647108134648403848e+02
1.410154213790321732e+10 3.192034058706962242e+03 1.135776481744173452e+03
1.451462414997881317e+10 3.642880534730466479e+03 1.336284905493879251e+03
1.493980673566762352e+10 4.158371078007792676e+03 1.571180295582679037e+03
1.537744436182493210e+10 4.747901306850945730e+03 1.846223081570875365e+03
1.582790187884276772e+10 5.422242407124907913e+03 2.168118289305508824e+03
1.629155482481897926e+10 6.193747082731712908e+03 2.544669222078018265e+03
1.676878973863648033e+10 7.076586805343668857e+03 2.984956105167649639e+03
1.726000448221327972e+10 8.087027941868353082e+03 3.499545055612545639e+03
1.776560857219301224e+10 9.243732633333480408e+03 4.100722649635697053e+03
1.828602352135112762e+10 1.056810995298108537e+04 4.802769988362296317e+03
1.882168319000241089e+10 1.208473511529622920e+04 5.622287969007699758e+03
1.937303414770203400e+10 1.382183239685404806e+04 6.578575241348499731e+03
1.994053604554274368e+10 1.581179473743641756e+04 7.694048160972464757e+03
2.052466199935720444e+10 1.809180014492477130e+04 8.994736262466407425e+03
2.112589898414597702e+10 2.070454823696428866e+04 1.051087084340620822e+04
2.174474824005956650e+10 2.369909552970866935e+04 1.227756127705388280e+04
2.238172569027315521e+10 2.713176686080236686e+04 1.433555164662005518e+04
2.303736237110184479e+10 3.106723646612497032e+04 1.673211358408792512e+04
2.371220487471634674e+10 3.557981065492989728e+04 1.952210183138743741e+04
2.440681580482650757e+10 4.075488695214835752e+04 2.276916815238410345e+04
2.512177424571330261e+10 4.669055332818395982e+04 2.654712143409634518e+04
2.585767624500127792e+10 5.349947127543389070e+04 3.094152477542918859e+04
2.661513531057204056e+10 6.131112965119703586e+04 3.605159427143368521e+04
2.739478292203451920e+10 7.027438376877519477e+04 4.199236622478155186e+04
2.819726905717783356e+10 8.056026374132095953e+04 4.889713734976986598e+04
2.902326273384587479e+10 9.236525639426744601e+04 5.692031509912238107e+04
2.987345256768461609e+10 1.059152712161938252e+05 6.624082803316433274e+04
3.074854734622896576e+10 1.214700540608396695e+05 7.706598208726696612e+04
3.164927661980533600e+10 1.393281177416975552e+05 8.963582827763883688e+04
3.257639130974450684e+10 1.598324763832653407e+05 1.042282464720667194e+05
3.353066433441031647e+10 1.833776001977302949e+05 1.211650417655972851e+05
3.451289125356819153e+10 2.104171183795102115e+05 1.408188088086577482e+05
3.552389093162808228e+10 2.414724485623535293e+05 1.636207168434410996e+05
3.656450622031669617e+10 2.771428417685119784e+05 1.900695737284750212e+05
3.763560466134754944e+10 3.181175442736393306e+05 2.207426781630337937e+05
3.873807920967382812e+10 3.651892599525150727e+05 2.563080248582754866e+05
3.987284897792932892e+10 4.192692484586959472e+05 2.975381509840089711e+05
4.104086000267502594e+10 4.814049230799975921e+05 3.453262668792315526e+05
4.224308603309262085e+10 5.528010704299387289e+05 4.007055034019434825e+05
4.348052934278048706e+10 6.348434264255957678e+05 4.648706025404199609e+05
4.475422156533167267e+10 7.291250737002544338e+05 5.392024892502765870e+05
4.606522455438705444e+10 8.374770482295566471e+05 6.252967831856897101e+05
4.741463126888324738e+10 9.620058054954613326e+05 7.249981532556201564e+05
4.880356668423223877e+10 1.105134015709753148e+06 8.404384805926092668e+05
5.023318873019279480e+10 1.269646826837934321e+06 9.740804610094617819e+05
5.170468925621424103e+10 1.458745218670084374e+06 1.128767998476908775e+06
5.321929502506053925e+10 1.676111827061397256e+06 1.307787192217878299e+06
5.477826873553909302e+10 1.925981520733417477e+06 1.514933369528420269e+06
5.638291007518873596e+10 2.213222576905000955e+06 1.754588393454056466e+06
5.803455680380647278e+10 2.543429459557995666e+06 2.031809445158545393e+06
5.973458586871220398e+10 2.923038099738429300e+06 2.352436842553514056e+06
6.148441455268445587e+10 3.359448179089349229e+06 2.723211736403875984e+06
6.328550165552282715e+10 3.861165153042807709e+06 3.151912683224484790e+06
6.513934871022261047e+10 4.437961420982841402e+06 3.647511724777800497e+06
6.704750123477406311e+10 5.101077530027293600e+06 4.220364190643501468e+06
6.901155002063371277e+10 5.863434476299650036e+06 4.882415330566502176e+06
7.103313245893699646e+10 6.739880631806761958e+06 5.647440201245859265e+06
7.311393390556010437e+10 7.747472877093789168e+06 6.531318355927329510e+06
7.525568908617167664e+10 8.905824379229670390e+06 7.552365220689898357e+06
7.746018354244035339e+10 1.023747500020930730e+07 8.731695434283073992e+06
7.972925512060813904e+10 1.176831841610146686e+07 1.009364216049828753e+07
8.206479550366879272e+10 1.352809097710688971e+07 1.166623872877753712e+07
8.446875178842932129e+10 1.555097239802370220e+07 1.348179590543127991e+07
8.694312810876712036e+10 1.787622990136857703e+07 1.557753826951847412e+07
8.948998730644142151e+10 2.054895399010510743e+07 1.799633417001509294e+07
9.211145265084492493e+10 2.362090472528110445e+07 2.078753639980549365e+07
9.480970960913493347e+10 2.715155324119970202e+07 2.400798807828494534e+07
9.758700766821530151e+10 3.120918910512909666e+07 2.772312750304374471e+07
1.004456622100944519e+11 3.587218939173047245e+07 3.200825758597902954e+07
1.033880564421748657e+11 4.123046948651105165e+07 3.695000226688968390e+07
1.064166433840895081e+11 4.738730189530836791e+07 4.264806149772150815e+07
1.095339479127387848e+11 5.446118558325947821e+07 4.921710712642063200e+07
1.127425688672342987e+11 6.258805138893571496e+07 5.678899404063735902e+07
1.160451812155009613e+11 7.192371307099212706e+07 6.551525926141144335e+07
