# T[K] Gamma_nTOp[1/tau_n] Gamma_pTOn[1/tau_n]
# fingerprint_hash: 73e94709eaa4f256
# fingerprint: {"QED_corrections":false,"T_end_MeV":0.001,"T_start_cosmo_MeV":40.0,"analytic_distortions":false,"finite_mass_corrections":true,"format_version":1,"incomplete_decoupling":true,"munuOverTnu":0.0,"nevo_file":null,"nevo_file_prefix":"NEVOPRIMAT","nevo_spectral_file":null,"radiative_corrections":true,"sampling_nTOp_per_decade":80,"spectral_distortions":false,"y_SZ":0.0,"y_gray":0.0}
1.160451812155007198e+07 9.999983390277757955e-01 0.000000000000000000e+00
1.194445382843508385e+07 9.999982903866279083e-01 0.000000000000000000e+00
1.229434740548801981e+07 9.999982403221133742e-01 0.000000000000000000e+00
1.265449055251050368e+07 9.999981887927833490e-01 0.000000000000000000e+00
1.302518351418111660e+07 9.999981357559761808e-01 0.000000000000000000e+00
1.340673533036361635e+07 9.999980811677841031e-01 0.000000000000000000e+00
1.379946409374797717e+07 9.999980249830203727e-01 0.000000000000000000e+00
1.420369721503815055e+07 9.999979671551889604e-01 0.000000000000000000e+00
1.461977169590851478e+07 9.999979076364516883e-01 0.000000000000000000e+00
1.504803440995584987e+07 9.999978463775982540e-01 0.000000000000000000e+00
1.548884239188134670e+07 9.999977833280135897e-01 0.000000000000000000e+00
1.594256313514404185e+07 9.999977184356468873e-01 0.000000000000000000e+00
1.640957489833307080e+07 9.999976516469792909e-01 0.000000000000000000e+00
1.689026702051510662e+07 9.999975829069897015e-01 0.000000000000000000e+00
1.738504024581887946e+07 9.999975121591212490e-01 0.000000000000000000e+00
1.789430705752837285e+07 9.999974393452472077e-01 0.000000000000000000e+00
1.841849202196240798e+07 9.999973644056336930e-01 0.000000000000000000e+00
1.895803214242760837e+07 9.999972872789054668e-01 0.000000000000000000e+00
1.951337722354025394e+07 9.999972079020076343e-01 0.000000000000000000e+00
2.008499024621973559e+07 9.999971262101697844e-01 0.000000000000000000e+00
2.067334775366751477e+07 9.999970421368700180e-01 0.000000000000000000e+00
2.127894024865204096e+07 9.999969556137986437e-01 0.000000000000000000e+00
2.190227260243212804e+07 9.999968665708246496e-01 0.000000000000000000e+00
2.254386447565865889e+07 9.999967749359630620e-01 0.000000000000000000e+00
2.320425075160592049e+07 9.999966806353423054e-01 0.000000000000000000e+00
2.388398198209420219e+07 9.999965835931788893e-01 0.000000000000000000e+00
2.458362484647430480e+07 9.999964837317494304e-01 0.000000000000000000e+00
2.530376262405800447e+07 9.999963809713692253e-01 0.000000000000000000e+00
2.604499568038682267e+07 9.999962752303748204e-01 0.000000000000000000e+00
2.680794196774604172e+07 9.999961664251092452e-01 0.000000000000000000e+00
2.759323754033992812e+07 9.999960544699136866e-01 0.000000000000000000e+00
2.840153708455819264e+07 9.999959392771246014e-01 0.000000000000000000e+00
2.923351446477630734e+07 9.999958207570767144e-01 0.000000000000000000e+00
3.008986328514331579e+07 9.999956988181158968e-01 0.000000000000000000e+00
3.097129746782724559e+07 9.999955733666173741e-01 0.000000000000000000e+00
3.187855184819832072e+07 9.999954443070180332e-01 0.000000000000000000e+00
3.281238278744807094e+07 9.999953115418561689e-01 0.000000000000000000e+00
3.377356880315344781e+07 9.999951749718273275e-01 0.000000000000000000e+00
3.476291121831235290e+07 9.999950344958556947e-01 0.000000000000000000e+00
3.578123482939223200e+07 9.999948900111794714e-01 0.000000000000000000e+00
3.682938859394711256e+07 9.999947414134588985e-01 0.000000000000000000e+00
3.790824633837836981e+07 9.999945885969063752e-01 0.000000000000000000e+00
3.901870748642701656e+07 9.999944314544401136e-01 0.000000000000000000e+00
4.016169780900728703e+07 9.999942698778686578e-01 0.000000000000000000e+00
4.133817019600404054e+07 9.999941037581059344e-01 0.000000000000000000e+00
4.254910545068005472e+07 9.999939329854261594e-01 0.000000000000000000e+00
4.379551310735325515e+07 9.999937574497563819e-01 0.000000000000000000e+00
4.507843227302657813e+07 9.999935770410195435e-01 0.000000000000000000e+00
4.639893249367284775e+07 9.999933916495294950e-01 0.000000000000000000e+00
4.775811464589476585e+07 9.999932011664450782e-01 0.000000000000000000e+00
4.915711185470598191e+07 9.999930054842931515e-01 0.000000000000000000e+00
5.059709043819620460e+07 9.999928044975677777e-01 0.000000000000000000e+00
5.207925087986870110e+07 9.999925981034158973e-01 0.000000000000000000e+00
5.360482882946188748e+07 9.999923862024185928e-01 0.000000000000000000e+00
5.517509613308683038e+07 9.999921686994821535e-01 0.000000000000000000e+00
5.679136189354267716e+07 9.999919455048535966e-01 0.000000000000000000e+00
5.845497356169053912e+07 9.999917165352736337e-01 0.000000000000000000e+00
6.016731805979927629e+07 9.999914817152851798e-01 0.000000000000000000e+00
6.192982293779598922e+07 9.999912409787184986e-01 0.000000000000000000e+00
6.374395756338880956e+07 9.999909942703731902e-01 0.000000000000000000e+00
6.561123434705124050e+07 9.999907415479222239e-01 0.000000000000000000e+00
6.753321000289034843e+07 9.999904827840669919e-01 0.000000000000000000e+00
6.951148684645150602e+07 9.999902179689716952e-01 0.000000000000000000e+00
7.154771413053803146e+07 9.999899471130154760e-01 0.000000000000000000e+00
7.364358942016379535e+07 9.999896702498983769e-01 0.000000000000000000e+00
7.580086000778134167e+07 9.999893874401462046e-01 0.000000000000000000e+00
7.802132436996677518e+07 9.999890987750668092e-01 0.000000000000000000e+00
8.030683366677752137e+07 9.999888043812080740e-01 0.000000000000000000e+00
8.265929328502891958e+07 9.999885044253833399e-01 0.000000000000000000e+00
8.508066442678131163e+07 9.999881991203342091e-01 0.000000000000000000e+00
8.757296574435649812e+07 9.999878887311088871e-01 0.000000000000000000e+00
9.013827502325230837e+07 9.999875735822444378e-01 0.000000000000000000e+00
9.277873091435243189e+07 9.999872540658507614e-01 0.000000000000000000e+00
9.549653471688136458e+07 9.999869306507116473e-01 0.000000000000000000e+00
9.829395221358637512e+07 9.999866038925225853e-01 0.000000000000000000e+00
1.011733155596781969e+08 9.999862744454116603e-01 0.000000000000000000e+00
1.041370252271060497e+08 9.999859430748945233e-01 0.000000000000000000e+00
1.071875520057871491e+08 9.999856106724476223e-01 0.000000000000000000e+00
1.103274390634579509e+08 9.999852782718917643e-01 0.000000000000000000e+00
1.135593040658666492e+08 9.999849470678146002e-01 0.000000000000000000e+00
1.168858413590708673e+08 9.999846184362781720e-01 0.000000000000000000e+00
1.203098242156668752e+08 9.999842939580964041e-01 0.000000000000000000e+00
1.238341071468138248e+08 9.999839754449953988e-01 0.000000000000000000e+00
1.274616282819872946e+08 9.999836649690124757e-01 0.000000000000000000e+00
1.311954118184435666e+08 9.999833648955320786e-01 0.000000000000000000e+00
1.350385705424373746e+08 9.999830779204046394e-01 0.000000000000000000e+00
1.389943084242920876e+08 9.999828071116504402e-01 0.000000000000000000e+00
1.430659232894937396e+08 9.999825559563108035e-01 0.000000000000000000e+00
1.472568095680249631e+08 9.999823284130802126e-01 0.000000000000000000e+00
1.515704611242395937e+08 9.999821289714290184e-01 0.000000000000000000e+00
1.560104741696303487e+08 9.999819627180109860e-01 0.000000000000000000e+00
1.605805502609273791e+08 9.999818354112534058e-01 0.000000000000000000e+00
1.652844993860153258e+08 9.999817535651334133e-01 0.000000000000000000e+00
1.701262431402502060e+08 9.999817245432651713e-01 0.000000000000000000e+00
1.751098179958217144e+08 9.999817566645682332e-01 0.000000000000000000e+00
1.802393786668825150e+08 9.999818593219335083e-01 0.000000000000000000e+00
1.855192015732608140e+08 9.999820431154851086e-01 0.000000000000000000e+00
1.909536884056296647e+08 9.999823200022279757e-01 0.000000000000000000e+00
1.965473697951165140e+08 9.999827034640895729e-01 0.000000000000000000e+00
2.023049090904033780e+08 9.999832086966227163e-01 0.000000000000000000e+00
2.082311062454790771e+08 9.999838528208799815e-01 0.000000000000000000e+00
2.143309018212690055e+08 9.999846551213350532e-01 0.000000000000000000e+00
2.206093811044900417e+08 9.999856373130679987e-01 0.000000000000000000e+00
2.270717783471610248e+08 9.999868238416879107e-01 0.000000000000000000e+00
2.337234811302981079e+08 9.999882422201553656e-01 0.000000000000000000e+00
2.405700348554467559e+08 9.999899234070160903e-01 0.000000000000000000e+00
2.476171473677769899e+08 9.999919022310911343e-01 0.000000000000000000e+00
2.548706937146100700e+08 9.999942178684801952e-01 1.928925113297649709e-28
2.623367210433326662e+08 9.999969143781046732e-01 1.114866338357530886e-27
2.700214536427979469e+08 1.000000041303978238e+00 6.141890302041859995e-27
2.779312981323959827e+08 1.000003654350726467e+00 3.229525703293916399e-26
2.860728488031346798e+08 1.000007816144283357e+00 1.622936748913170106e-25
2.944528931151782870e+08 1.000012597086990640e+00 7.804460883921343607e-25
3.030784173564286828e+08 1.000018076320261518e+00 3.595829190854912212e-24
3.119566124668592215e+08 1.000024342809950006e+00 1.589245288610317191e-23
3.210948800334758162e+08 1.000031496570034095e+00 6.745659801373428876e-23
3.305008384608782530e+08 1.000039650048560880e+00 2.752903057543962910e-22
3.401823293225855827e+08 1.000048929698308164e+00 1.081353462925971743e-21
3.501474238984055519e+08 1.000059477760189441e+00 4.092779847369002436e-21
3.604044299033194184e+08 1.000071454303668395e+00 1.494147969912988134e-20
3.709618984134646654e+08 1.000085039558361810e+00 5.266611115484806607e-20
3.818286309950104952e+08 1.000100436605992460e+00 1.794143038621014065e-19
3.930136870418622494e+08 1.000117874530281004e+00 5.912692941880031362e-19
4.045263913283039927e+08 1.000137611966881668e+00 1.886769762226254322e-18
4.163763417829000354e+08 1.000159941415330378e+00 5.835124923051261715e-18
4.285734174901039600e+08 1.000185194237417363e+00 1.750496835725469287e-17
4.411277869262718558e+08 1.000213746603233478e+00 5.098296628698801817e-17
4.540499164369260669e+08 1.000246026584204806e+00 1.442796527093071210e-16
4.673505789623640776e+08 1.000282522655477679e+00 3.970602061547635340e-16
4.810408630188527703e+08 1.000323793931040983e+00 1.063471671727528466e-15
4.951321819429209232e+08 1.000370482525373195e+00 2.774298279862074032e-15
5.096362834064487815e+08 1.000423328597272343e+00 7.054566374588825611e-15
5.245652592104764581e+08 1.000483189849257881e+00 1.749865861289868329e-14
5.399315553659272194e+08 1.000551060269610160e+00 4.237150886351916206e-14
5.557479824696080685e+08 1.000628099697799422e+00 1.002283010278339180e-13
5.720277263841720819e+08 1.000715665612671668e+00 2.317717332516500273e-13
5.887843592309185266e+08 1.000815351633032924e+00 5.243047360482551169e-13
6.060318507046331167e+08 1.000929035579023019e+00 1.161057451148729349e-12
6.237845797198551893e+08 1.001058936266522981e+00 2.518587459158254771e-12
6.420573463983147144e+08 1.001207684595293079e+00 5.355191902614582824e-12
6.608653844075227976e+08 1.001378406993069570e+00 1.116819245347915285e-11
6.802243736607878208e+08 1.001574814628214405e+00 2.285833543806417748e-11
7.001504533892848492e+08 1.001801332134401257e+00 4.594292655510565887e-11
7.206602355970234871e+08 1.002063214451792472e+00 9.072961353244250786e-11
7.417708189099742174e+08 1.002366731045472914e+00 1.761464175787183041e-10
7.634998028308640718e+08 1.002719357578461423e+00 3.363741189252341983e-10
7.858653024115747213e+08 1.003130047908285860e+00 6.321564982854623549e-10
8.088859633553140163e+08 1.003609363324993842e+00 1.169708178227293058e-09
8.325809775611968040e+08 1.004169862817601677e+00 2.131922795576859585e-09
8.569700991241761446e+08 1.004826521440330023e+00 3.829092255555959953e-09
8.820736608036700487e+08 1.005597127786445943e+00 6.780018170885411479e-09
9.079125909745934010e+08 1.006502569542103265e+00 1.183931050023108354e-08
9.345084310749771595e+08 1.007567592826719594e+00 2.039536267230596973e-08
9.618833535646533966e+08 1.008821567111655382e+00 3.467358048371851494e-08
9.900601804100320339e+08 1.010298663304440403e+00 5.818916330021520583e-08
1.019062402110335708e+09 1.012039339645484093e+00 9.642511707352855359e-08
1.048914197281219006e+09 1.014090910102161791e+00 1.578179086606682300e-07
1.079640452812016487e+09 1.016508519675057176e+00 2.551762259168125839e-07
1.111266784613485813e+09 1.019356956836358075e+00 4.077119694633089548e-07
1.143819558973324299e+09 1.022711071002654570e+00 6.438484712678227625e-07
1.177325914537234783e+09 1.026658569747837646e+00 1.005164994457404772e-06
1.211813784933942080e+09 1.031300474116013222e+00 1.551682001887200879e-06
1.247311922062922478e+09 1.036754298039448852e+00 2.369091356274718503e-06
1.283849920064341068e+09 1.043155491820570546e+00 3.578268832196848893e-06
1.321458239991118431e+09 1.050660447330301617e+00 5.347878884204001244e-06
1.360168235203776360e+09 1.059449176823503702e+00 7.910751746159620614e-06
1.400012177509135485e+09 1.069728605585618997e+00 1.158507295143903335e-05
1.441023284064728022e+09 1.081735954038670178e+00 1.680150044368906300e-05
1.483235745071326971e+09 1.095743697300926245e+00 2.413803012496916109e-05
1.526684752276691675e+09 1.112062116869455553e+00 3.436352946124619074e-05
1.571406528314249754e+09 1.131047923342681560e+00 4.849467526660856682e-05
1.617438356901275635e+09 1.153105096774561744e+00 6.786512156499158166e-05
1.664818613921616554e+09 1.178696711562195132e+00 9.421744068575414678e-05
1.713586799418937206e+09 1.208348824941411381e+00 1.298163080071699452e-04
1.763783570527214289e+09 1.242657650755051746e+00 1.775934243220950984e-04
1.815450775365811586e+09 1.282306059045456026e+00 2.413392457094652808e-04
1.868631487927488089e+09 1.328058568431503605e+00 3.259312298246298204e-04
1.923370043988390207e+09 1.380797506115136963e+00 4.376615986854852434e-04
1.979712078069975138e+09 1.441503597373773315e+00 5.846049089953332840e-04
2.037704561483635664e+09 1.511308338527676431e+00 7.771655187075028571e-04
2.097395841489860296e+09 1.591474122107948030e+00 1.028695236623183113e-03
2.158835681604428291e+09 1.683445428588568937e+00 1.356376266701339248e-03
2.222075303085304260e+09 1.788839459647307395e+00 1.782258506128422048e-03
2.287167427634904385e+09 1.909505630582634561e+00 2.334696993162711613e-03
2.354166321353172302e+09 2.047509242037829580e+00 3.050024066180340859e-03
2.423127839978229046e+09 2.205218723782270462e+00 3.974891697893922701e-03
2.494109475452268600e+09 2.385268990753240725e+00 5.168892969024108802e-03
2.567170403851538181e+09 2.590698561961924717e+00 6.708358409289681343e-03
2.642371534720295429e+09 2.824852690389955789e+00 8.690255484081737397e-03
2.719775561850031853e+09 3.091623311392704743e+00 1.123835843807739938e-02
2.799447015546083927e+09 3.395322122006124044e+00 1.450923938866022743e-02
2.881452316425378323e+09 3.740857482914256238e+00 1.870103423004323973e-02
2.965859830790022850e+09 4.133823355075162631e+00 2.406389511987920213e-02
3.052739927623100281e+09 4.580435834222469360e+00 3.091129261381964088e-02
3.142165037253938198e+09 5.087861237611151388e+00 3.963711209324124324e-02
3.234209711741948128e+09 5.664148064512750658e+00 5.073274806935563347e-02
3.328950687029297352e+09 6.318346909536590950e+00 6.480898155492854917e-02
3.426466946914258480e+09 7.060840615567416378e+00 8.262561821865091471e-02
3.526839788898484230e+09 7.903316748149250337e+00 1.051217000974760951e-01
3.630152891963314533e+09 8.858942302624035037e+00 1.334537162866158699e-01
3.736492386331355095e+09 9.942780610947117736e+00 1.690467241072410587e-01
3.845946925271603107e+09 1.117189606779360567e+01 2.136485713008628162e-01
3.958607759008128166e+09 1.256546972425140751e+01 2.693919720707423915e-01
4.074568810793635368e+09 1.414539753347775530e+01 3.388819616074508212e-01
4.193926755211558819e+09 1.593659231477895055e+01 4.252912523584585491e-01
4.316781098771873474e+09 1.796723276670752867e+01 5.324680886385884104e-01
4.443234262867848396e+09 2.026924223613343301e+01 6.650697417305956316e-01
4.573391669162797928e+09 2.287888709132017695e+01 8.287240497510361958e-01
4.707361827478274345e+09 2.583760160728637345e+01 1.030231381310305450e+00
4.845256426256653786e+09 2.919229765696602641e+01 1.277769354379391764e+00
4.987190425673658371e+09 3.299626673385449749e+01 1.581161092339883334e+00
5.133282153478646278e+09 3.730979977751968590e+01 1.952164326424564722e+00
5.283653403642189980e+09 4.220215457141151205e+01 2.404908061542057052e+00
5.438429537893475533e+09 4.775176330987942208e+01 2.956258844088047955e+00
5.597739590232056618e+09 5.404787686706809779e+01 3.626350211611782726e+00
5.761716374501134872e+09 6.119191008814583199e+01 4.439162910574692589e+00
5.930496595111913681e+09 6.929951033589797760e+01 5.423259086608410939e+00
6.104220961011671066e+09 7.850235440351615068e+01 6.612591442371411610e+00
6.283034302990117073e+09 8.895063960864135311e+01 8.047499906719938423e+00
6.467085694422193527e+09 1.008153663371257380e+02 9.775813865294013638e+00
6.656528575547679901e+09 1.142913621476481154e+02 1.185418834868012006e+01
6.851520881391641617e+09 1.296007459073298378e+02 1.434967320105233313e+01
7.052225173431834221e+09 1.469967011247990172e+02 1.734152317566051238e+01
7.258808775123225212e+09 1.667681917040551696e+02 2.092337834787621276e+01
7.471443911392463684e+09 1.892452218753554405e+02 2.520580394785422129e+01
7.690307852218645096e+09 2.148041084277898847e+02 3.031912595144985190e+01
7.915583060419889450e+09 2.438744216979185353e+02 3.641689251541911432e+01
8.147457343769403458e+09 2.769466383884271750e+02 4.367987086672681585e+01
8.386124011567255020e+09 3.145806719034786170e+02 5.232066274250128401e+01
8.631782035798656464e+09 3.574158257935948200e+02 6.258911909815140717e+01
8.884636217013431549e+09 4.061837979213603376e+02 7.477903146393863665e+01
9.144897355064310074e+09 4.617200066758742878e+02 8.923513971574422499e+01
9.412782424846891403e+09 5.249795961925643724e+02 1.063619631905305454e+02
9.688514757187610626e+09 5.970544945190332555e+02 1.266338032198632675e+02
9.972324225030553818e+09 6.791933926252787614e+02 1.506064944186262835e+02
1.026444743507811546e+10 7.728244481288554653e+02 1.789310369607951543e+02
1.056512792504586601e+10 8.795809072092340557e+02 2.123693389366121949e+02
1.087461636669533730e+10 1.001333093688247232e+03 2.518133011577541254e+02
1.119317077481427765e+10 1.140220378562459018e+03 2.983056504941781668e+02
1.152105672231908607e+10 1.298692241430445165e+03 3.530654464527456184e+02
1.185854756165785217e+10 1.479553477858445831e+03 4.175171982124752503e+02
1.220592465269928932e+10 1.686015514045536520e+03 4.933245089699365167e+02
1.256347759729724312e+10 1.921756497631828779e+03 5.824295582226988017e+02
1.293150448072645378e+10 2.190989822958709283e+03 6.870988365810798086e+02
1.331031212019052696e+10 2.498542460339963782e+03 8.099761458543622439e+02
1.370021632061007500e+10 2.849946579540915081e+03 9.541447758725535095e+02
1.410154213790321732e+10 3.251541663703628728e+03 1.123198559605345508e+03
1.451462414997881317e+10 3.710593665867261279e+03 1.321325019351364062e+03
1.493980673566762352e+10 4.235436318226131334e+03 1.553403689921441128e+03
1.537744436182493210e+10 4.835623259310827052e+03 1.825116191437988391e+03
1.582790187884276772e+10 5.522110630554107956e+03 2.143076983048976672e+03
1.629155482481897926e+10 6.307464758405224529e+03 2.514984224345932034e+03
1.676878973863648033e+10 7.206100792801711577e+03 2.949794740635404196e+03
1.726000448221327972e+10 8.234556938035244457e+03 3.457926905036945755e+03
1.776560857219301224e+10 9.411809608150268105e+03 4.051495848308014956e+03
1.828602352135112762e+10 1.075963480518804317e+04 4.744585709323114315e+03
1.882168319000241089e+10 1.230302201553596387e+04 5.553564422279569044e+03
1.937303414770203400e+10 1.407066392492394698e+04 6.497455090014978850e+03
1.994053604554274368e+10 1.609549459751732502e+04 7.598354615359605305e+03
2.052466199935720444e+10 1.841532558117058943e+04 8.881926707935435843e+03
2.112589898414597702e+10 2.107357383548258804e+04 1.037797133858357302e+04
2.174474824005956650e+10 2.412009643212601804e+04 1.212108305492395266e+04
2.238172569027315521e+10 2.761215199129750545e+04 1.415141400519428316e+04
2.303736237110184479e+10 3.161550568729482620e+04 1.651555698378517991e+04
2.371220487471634674e+10 3.620569988932541310e+04 1.926756750445274520e+04
2.440681580482650757e+10 4.146951177536427713e+04 2.247014472208691222e+04
2.512177424571330261e+10 4.750664022001848934e+04 2.619600351998317274e+04
2.585767624500127792e+10 5.443163803931028087e+04 3.052945794903235583e+04
2.661513531057204056e+10 6.237612770314524096e+04 3.556824931840408681e+04
2.739478292203451920e+10 7.149136002568416006e+04 4.142566617438873072e+04
2.819726905717783356e+10 8.195116084891247738e+04 4.823299823462708446e+04
2.902326273384587479e+10 9.395530277519699303e+04 5.614236424134208210e+04
2.987345256768461609e+10 1.077333971703146963e+05 6.532998903657761548e+04
3.074854734622896576e+10 1.235493668188546726e+05 7.599998970096338599e+04
3.164927661980533600e+10 1.417065897495035606e+05 8.838875134190544486e+04
3.257639130974450684e+10 1.625538123778835579e+05 1.027699821605838952e+05
3.353066433441031647e+10 1.864919598264632223e+05 1.194605598576794291e+05
3.451289125356819153e+10 2.139819607130976219e+05 1.388272814969179744e+05
3.552389093162808228e+10 2.455537410734115983e+05 1.612946573452274897e+05
3.656450622031669617e+10 2.818165752258826396e+05 1.873539167023877671e+05
3.763560466134754944e+10 3.234710156581460033e+05 2.175734233025049616e+05
3.873807920967382812e+10 3.713225534928799607e+05 2.526106664866505307e+05
3.987284897792932892e+10 4.262973746295169694e+05 2.932261323960871086e+05
4.104086000267502594e+10 4.894604662300444325e+05 3.402993085510706296e+05
4.224308603309262085e+10 5.620364384257812053e+05 3.948471561719568563e+05
4.348052934278048706e+10 6.454334668168206699e+05 4.580454273009675671e+05
4.475422156533167267e+10 7.412708240769009572e+05 5.312532623431117972e+05
4.606522455438705444e+10 8.514105301585450070e+05 6.160415644815007690e+05
4.741463126888324738e+10 9.779937484859391116e+05 7.142257340077175759e+05
4.880356668423223877e+10 1.123482602309736889e+06 8.279034057284058072e+05
5.023318873019279480e+10 1.290708356426642975e+06 9.594980324765979312e+05
5.170468925621424103e+10 1.482926625935600838e+06 1.111809029536885209e+06
5.321929502506053925e+10 1.703880958492565900e+06 1.288069655784828356e+06
5.477826873553909302e+10 1.957875880531942239e+06 1.492013709524266422e+06
5.638291007518873596e+10 2.249860846517716534e+06 1.727952391535950359e+06
5.803455680380647278e+10 2.585526709700357635e+06 2.000862870342285372e+06
5.973458586871220398e+10 2.971416571640785318e+06 2.316490314112364314e+06
6.148441455268445587e+10 3.415053139512610622e+06 2.681465415757825132e+06
6.328550165552282715e+10 3.925085035571093205e+06 3.103439740866992623e+06
6.513934871022261047e+10 4.511454839020128362e+06 3.591241560804869980e+06
6.704750123477406311e+10 5.185592159048618749e+06 4.155055293260101695e+06
6.901155002063371277e+10 5.960635280441949144e+06 4.806627993378256448e+06
7.103313245893699646e+10 6.851685689876799472e+06 5.559506994460180402e+06
7.311393390556010437e+10 7.876100317848641425e+06 6.429313340729971416e+06
7.525568908617167664e+10 9.053827007592491806e+06 7.434056321663219482e+06
7.746018354244035339e+10 1.040778951332414895e+07 8.594495191644156352e+06
7.972925512060813904e+10 1.196432933799411170e+07 9.934555102777989581e+06
8.206479550366879272e+10 1.375371266925433464e+07 1.148180524211721309e+07
8.446875178842932129e+10 1.581071191967628896e+07 1.326800835981866531e+07
8.694312810876712036e+10 1.817527271400147304e+07 1.532975219051845744e+07
8.948998730644142151e+10 2.089327874137291685e+07 1.770917480050748214e+07
9.211145265084492493e+10 2.401742862219460309e+07 2.045479760433850065e+07
9.480970960913493347e+10 2.760824094440854341e+07 2.362248176461332291e+07
9.758700766821530151e+10 3.173520597033073008e+07 2.727652596688402072e+07
1.004456622100944519e+11 3.647810569334142655e+07 3.149092640837509930e+07
1.033880564421748657e+11 4.192852417490290850e+07 3.635082137114521861e+07
1.064166433840895081e+11 4.819157911576516181e+07 4.195414895426431298e+07
1.095339479127387848e+11 5.538790271100868285e+07 4.841354685581516474e+07
1.127425688672342987e+11 6.365590901235080510e+07 5.585852985192301124e+07
1.160451812155009613e+11 7.315438748239621520e+07 6.443798422879267484e+07
