# T[K] Gamma_nTOp[1/tau_n] Gamma_pTOn[1/tau_n]
# fingerprint_hash: 7c3fc5528749976b
# fingerprint: {"QED_corrections":true,"T_end_MeV":0.001,"T_start_cosmo_MeV":100.0,"analytic_distortions":false,"delta_xi_nu":0.0,"finite_mass_corrections":false,"format_version":1,"incomplete_decoupling":false,"munuOverTnu":0.05,"nevo_file":null,"nevo_file_prefix":"NEVOPRIMAT","nevo_spectral_file":null,"radiative_corrections":false,"sampling_nTOp_per_decade":150,"spectral_distortions":false,"y_SZ":0.0,"y_gray":0.0}
1.160451812155007198e+07 1.000000001751870204e+00 0.000000000000000000e+00
1.178433031761291809e+07 1.000000001836794272e+00 0.000000000000000000e+00
1.196692870656324737e+07 1.000000001925853921e+00 0.000000000000000000e+00
1.215235646050493419e+07 1.000000002019254097e+00 0.000000000000000000e+00
1.234065742049430311e+07 1.000000002117210407e+00 0.000000000000000000e+00
1.253187610690555163e+07 1.000000002219948669e+00 0.000000000000000000e+00
1.272605772995679639e+07 1.000000002327706916e+00 0.000000000000000000e+00
1.292324820039921999e+07 1.000000002440734503e+00 0.000000000000000000e+00
1.312349414037183113e+07 1.000000002559293222e+00 0.000000000000000000e+00
1.332684289442444220e+07 1.000000002683658185e+00 0.000000000000000000e+00
1.353334254071142524e+07 1.000000002814118716e+00 0.000000000000000000e+00
1.374304190235893987e+07 1.000000002950977462e+00 0.000000000000000000e+00
1.395599055900826678e+07 1.000000003094553280e+00 0.000000000000000000e+00
1.417223885853803717e+07 1.000000003245180125e+00 0.000000000000000000e+00
1.439183792896807566e+07 1.000000003403209492e+00 0.000000000000000000e+00
1.461483969054769725e+07 1.000000003569009754e+00 0.000000000000000000e+00
1.484129686803135276e+07 1.000000003742967936e+00 0.000000000000000000e+00
1.507126300314432755e+07 1.000000003925491043e+00 0.000000000000000000e+00
1.530479246724189445e+07 1.000000004117005181e+00 0.000000000000000000e+00
1.554194047416432761e+07 1.000000004317959545e+00 0.000000000000000000e+00
1.578276309329124913e+07 1.000000004528824427e+00 0.000000000000000000e+00
1.602731726279822551e+07 1.000000004750094762e+00 0.000000000000000000e+00
1.627566080311877280e+07 1.000000004982289914e+00 0.000000000000000000e+00
1.652785243061496504e+07 1.000000005225955890e+00 0.000000000000000000e+00
1.678395177145985141e+07 1.000000005481666010e+00 0.000000000000000000e+00
1.704401937573499978e+07 1.000000005750022902e+00 0.000000000000000000e+00
1.730811673174647242e+07 1.000000006031659394e+00 0.000000000000000000e+00
1.757630628056262806e+07 1.000000006327240731e+00 0.000000000000000000e+00
1.784865143077719212e+07 1.000000006637466132e+00 0.000000000000000000e+00
1.812521657350106537e+07 1.000000006963069898e+00 0.000000000000000000e+00
1.840606709758647159e+07 1.000000007304824079e+00 0.000000000000000000e+00
1.869126940508694202e+07 1.000000007663540247e+00 0.000000000000000000e+00
1.898089092695691064e+07 1.000000008040071275e+00 0.000000000000000000e+00
1.927500013899453729e+07 1.000000008435313559e+00 0.000000000000000000e+00
1.957366657803158462e+07 1.000000008850209232e+00 0.000000000000000000e+00
1.987696085837414861e+07 1.000000009285749503e+00 0.000000000000000000e+00
2.018495468849814311e+07 1.000000009742975315e+00 0.000000000000000000e+00
2.049772088800346479e+07 1.000000010222981572e+00 0.000000000000000000e+00
2.081533340483090654e+07 1.000000010726919353e+00 0.000000000000000000e+00
2.113786733274578676e+07 1.000000011255999688e+00 0.000000000000000000e+00
2.146539892909253761e+07 1.000000011811494227e+00 0.000000000000000000e+00
2.179800563282437995e+07 1.000000012394741677e+00 0.000000000000000000e+00
2.213576608281236142e+07 1.000000013007149136e+00 0.000000000000000000e+00
2.247876013643810898e+07 1.000000013650196085e+00 0.000000000000000000e+00
2.282706888847468048e+07 1.000000014325439279e+00 0.000000000000000000e+00
2.318077469025994465e+07 1.000000015034514966e+00 0.000000000000000000e+00
2.353996116916708648e+07 1.000000015779144436e+00 0.000000000000000000e+00
2.390471324837678671e+07 1.000000016561138461e+00 0.000000000000000000e+00
2.427511716695579141e+07 1.000000017382400630e+00 0.000000000000000000e+00
2.465126050024658069e+07 1.000000018244934896e+00 0.000000000000000000e+00
2.503323218057302758e+07 1.000000019150848241e+00 0.000000000000000000e+00
2.542112251826666296e+07 1.000000020102356668e+00 0.000000000000000000e+00
2.581502322301920131e+07 1.000000021101792980e+00 0.000000000000000000e+00
2.621502742556547374e+07 1.000000022151610768e+00 0.000000000000000000e+00
2.662122969970256090e+07 1.000000023254390635e+00 0.000000000000000000e+00
2.703372608465004340e+07 1.000000024412849298e+00 0.000000000000000000e+00
2.745261410775677487e+07 1.000000025629845135e+00 0.000000000000000000e+00
2.787799280755945295e+07 1.000000026908384854e+00 0.000000000000000000e+00
2.830996275719850883e+07 1.000000028251634365e+00 0.000000000000000000e+00
2.874862608819680288e+07 1.000000029662923895e+00 0.000000000000000000e+00
2.919408651460680366e+07 1.000000031145759527e+00 0.000000000000000000e+00
2.964644935753189772e+07 1.000000032703830755e+00 0.000000000000000000e+00
3.010582157002766803e+07 1.000000034341021582e+00 0.000000000000000000e+00
3.057231176238903776e+07 1.000000036061419850e+00 0.000000000000000000e+00
3.104603022782918811e+07 1.000000037869329228e+00 0.000000000000000000e+00
3.152708896855644137e+07 1.000000039769280535e+00 0.000000000000000000e+00
3.201560172225513682e+07 1.000000041766042846e+00 0.000000000000000000e+00
3.251168398897688091e+07 1.000000043864638810e+00 0.000000000000000000e+00
3.301545305844844505e+07 1.000000046070355308e+00 0.000000000000000000e+00
3.352702803780281544e+07 1.000000048388760332e+00 0.000000000000000000e+00
3.404652987973993272e+07 1.000000050825716746e+00 0.000000000000000000e+00
3.457408141112377495e+07 1.000000053387398724e+00 0.000000000000000000e+00
3.510980736202257872e+07 1.000000056080308175e+00 0.000000000000000000e+00
3.565383439519898593e+07 1.000000058911293621e+00 0.000000000000000000e+00
3.620629113605720550e+07 1.000000061887567515e+00 0.000000000000000000e+00
3.676730820305417478e+07 1.000000065016727557e+00 0.000000000000000000e+00
3.733701823858191818e+07 1.000000068306776901e+00 0.000000000000000000e+00
3.791555594032848626e+07 1.000000071766145693e+00 0.000000000000000000e+00
3.850305809312484413e+07 1.000000075403715938e+00 0.000000000000000000e+00
3.909966360128491372e+07 1.000000079228844818e+00 0.000000000000000000e+00
3.970551352144742757e+07 1.000000083251391114e+00 0.000000000000000000e+00
4.032075109592594206e+07 1.000000087481742739e+00 0.000000000000000000e+00
4.094552178657598794e+07 1.000000091930846047e+00 0.000000000000000000e+00
4.157997330918689817e+07 1.000000096610236699e+00 0.000000000000000000e+00
4.222425566840653867e+07 1.000000101532070085e+00 0.000000000000000000e+00
4.287852119320724159e+07 1.000000106709158398e+00 0.000000000000000000e+00
4.354292457290121913e+07 1.000000112155005061e+00 0.000000000000000000e+00
4.421762289371407777e+07 1.000000117883842243e+00 0.000000000000000000e+00
4.490277567592503130e+07 1.000000123910673056e+00 0.000000000000000000e+00
4.559854491158261150e+07 1.000000130251312846e+00 0.000000000000000000e+00
4.630509510280475020e+07 1.000000136922434502e+00 0.000000000000000000e+00
4.702259330067235976e+07 1.000000143941615516e+00 0.000000000000000000e+00
4.775120914472556859e+07 1.000000151327389064e+00 0.000000000000000000e+00
4.849111490307190269e+07 1.000000159099296182e+00 0.000000000000000000e+00
4.924248551311602443e+07 1.000000167277942831e+00 0.000000000000000000e+00
5.000549862292049825e+07 1.000000175885057407e+00 0.000000000000000000e+00
5.078033463320748508e+07 1.000000184943556025e+00 0.000000000000000000e+00
5.156717674001127481e+07 1.000000194477605797e+00 0.000000000000000000e+00
5.236621097799165547e+07 1.000000204512696556e+00 0.000000000000000000e+00
5.317762626441849768e+07 1.000000215075714571e+00 0.000000000000000000e+00
5.400161444383779913e+07 1.000000226195020270e+00 0.000000000000000000e+00
5.483837033342991769e+07 1.000000237900530831e+00 0.000000000000000000e+00
5.568809176907058060e+07 1.000000250223808118e+00 0.000000000000000000e+00
5.655097965210559964e+07 1.000000263198150829e+00 0.000000000000000000e+00
5.742723799685039371e+07 1.000000276858691528e+00 0.000000000000000000e+00
5.831707397882549465e+07 1.000000291242499895e+00 0.000000000000000000e+00
5.922069798373948038e+07 1.000000306388693527e+00 0.000000000000000000e+00
6.013832365723089874e+07 1.000000322338551184e+00 0.000000000000000000e+00
6.107016795538090169e+07 1.000000339135636462e+00 0.000000000000000000e+00
6.201645119600865245e+07 1.000000356825925474e+00 0.000000000000000000e+00
6.297739711076147109e+07 1.000000375457945845e+00 0.000000000000000000e+00
6.395323289801218361e+07 1.000000395082917715e+00 0.000000000000000000e+00
6.494418927657606453e+07 1.000000415754909833e+00 0.000000000000000000e+00
6.595050054026017338e+07 1.000000437530998987e+00 0.000000000000000000e+00
6.697240461325791478e+07 1.000000460471442754e+00 0.000000000000000000e+00
6.801014310640202463e+07 1.000000484639858245e+00 0.000000000000000000e+00
6.906396137428861856e+07 1.000000510103415730e+00 0.000000000000000000e+00
7.013410857328766584e+07 1.000000536933039363e+00 0.000000000000000000e+00
7.122083772045093775e+07 1.000000565203623015e+00 0.000000000000000000e+00
7.232440575333356857e+07 1.000000594994256087e+00 0.000000000000000000e+00
7.344507359074223042e+07 1.000000626388463543e+00 0.000000000000000000e+00
7.458310619442476332e+07 1.000000659474459930e+00 0.000000000000000000e+00
7.573877263171552122e+07 1.000000694345418717e+00 0.000000000000000000e+00
7.691234613915163279e+07 1.000000731099755402e+00 0.000000000000000000e+00
7.810410418707470596e+07 1.000000769841430381e+00 0.000000000000000000e+00
7.931432854523386061e+07 1.000000810680266250e+00 0.000000000000000000e+00
8.054330534940499067e+07 1.000000853732285977e+00 0.000000000000000000e+00
8.179132516904246807e+07 1.000000899120069286e+00 0.000000000000000000e+00
8.305868307597909868e+07 1.000000946973131022e+00 0.000000000000000000e+00
8.434567871419046819e+07 1.000000997428322602e+00 0.000000000000000000e+00
8.565261637064042687e+07 1.000001050630253685e+00 0.000000000000000000e+00
8.697980504722426832e+07 1.000001106731743139e+00 0.000000000000000000e+00
8.832755853382664919e+07 1.000001165894291555e+00 0.000000000000000000e+00
8.969619548251155019e+07 1.000001228288587729e+00 0.000000000000000000e+00
9.108603948286184669e+07 1.000001294095037796e+00 0.000000000000000000e+00
9.249741913848623633e+07 1.000001363504333218e+00 0.000000000000000000e+00
9.393066814471167326e+07 1.000001436718045200e+00 0.000000000000000000e+00
9.538612536747957766e+07 1.000001513949259291e+00 0.000000000000000000e+00
9.686413492346459627e+07 1.000001595423245959e+00 0.000000000000000000e+00
9.836504626143486798e+07 1.000001681378169360e+00 0.000000000000000000e+00
9.988921424487280846e+07 1.000001772065840067e+00 0.000000000000000000e+00
1.014369992358764559e+08 1.000001867752512652e+00 0.000000000000000000e+00
1.030087671803597659e+08 1.000001968719728573e+00 0.000000000000000000e+00
1.046048896945751756e+08 1.000002075265211010e+00 0.000000000000000000e+00
1.062257441529747695e+08 1.000002187703812107e+00 0.000000000000000000e+00
1.078717137774338573e+08 1.000002306368516169e+00 0.000000000000000000e+00
1.095431877278568894e+08 1.000002431611503928e+00 0.000000000000000000e+00
1.112405611941873878e+08 1.000002563805279410e+00 0.000000000000000000e+00
1.129642354898433983e+08 1.000002703343862986e+00 0.000000000000000000e+00
1.147146181466008723e+08 1.000002850644057251e+00 0.000000000000000000e+00
1.164921230109472573e+08 1.000003006146789275e+00 0.000000000000000000e+00
1.182971703419280052e+08 1.000003170318529033e+00 0.000000000000000000e+00
1.201301869105092436e+08 1.000003343652797527e+00 0.000000000000000000e+00
1.219916061004801840e+08 1.000003526671762177e+00 0.000000000000000000e+00
1.238818680109188110e+08 1.000003719927929025e+00 0.000000000000000000e+00
1.258014195602454841e+08 1.000003924005935296e+00 0.000000000000000000e+00
1.277507145918886960e+08 1.000004139524451441e+00 0.000000000000000000e+00
1.297302139815881997e+08 1.000004367138194183e+00 0.000000000000000000e+00
1.317403857463608384e+08 1.000004607540064816e+00 0.000000000000000000e+00
1.337817051551546305e+08 1.000004861463411165e+00 0.000000000000000000e+00
1.358546548412176967e+08 1.000005129684430338e+00 0.000000000000000000e+00
1.379597249162081480e+08 1.000005413024712686e+00 0.000000000000000000e+00
1.400974130860720873e+08 1.000005712353940313e+00 0.000000000000000000e+00
1.422682247687174082e+08 1.000006028592747453e+00 0.000000000000000000e+00
1.444726732135106027e+08 1.000006362715756270e+00 0.000000000000000000e+00
1.467112796226254404e+08 1.000006715754791387e+00 0.000000000000000000e+00
1.489845732742717564e+08 1.000007088802292055e+00 0.000000000000000000e+00
1.512930916478338540e+08 1.000007483014928589e+00 0.000000000000000000e+00
1.536373805509477854e+08 1.000007899617438856e+00 0.000000000000000000e+00
1.560179942485477626e+08 1.000008339906696797e+00 0.000000000000000000e+00
1.584354955939120650e+08 1.000008805256024536e+00 0.000000000000000000e+00
1.608904561617396772e+08 1.000009297119771379e+00 0.000000000000000000e+00
1.633834563832888305e+08 1.000009817038163940e+00 0.000000000000000000e+00
1.659150856836094260e+08 1.000010366642455795e+00 0.000000000000000000e+00
1.684859426209020317e+08 1.000010947660385341e+00 0.000000000000000000e+00
1.710966350280363262e+08 1.000011561921969383e+00 0.000000000000000000e+00
1.737477801562620401e+08 1.000012211365645332e+00 0.000000000000000000e+00
1.764400048211470246e+08 1.000012898044789322e+00 0.000000000000000000e+00
1.791739455507765412e+08 1.000013624134627577e+00 0.000000000000000000e+00
1.819502487362487614e+08 1.000014391939572977e+00 0.000000000000000000e+00
1.847695707845024765e+08 1.000015203901005290e+00 0.000000000000000000e+00
1.876325782735125422e+08 1.000016062605525446e+00 0.000000000000000000e+00
1.905399481098903120e+08 1.000016970793715432e+00 0.000000000000000000e+00
1.934923676889261007e+08 1.000017931369430624e+00 0.000000000000000000e+00
1.964905350571113229e+08 1.000018947409659908e+00 0.000000000000000000e+00
1.995351590771790445e+08 1.000020022174993084e+00 0.000000000000000000e+00
2.026269595957019329e+08 1.000021159120704661e+00 0.000000000000000000e+00
2.057666676132869124e+08 1.000022361908559088e+00 0.000000000000000000e+00
2.089550254574079216e+08 1.000023634419296092e+00 0.000000000000000000e+00
2.121927869579117596e+08 1.000024980765900517e+00 0.000000000000000000e+00
2.154807176252569854e+08 1.000026405307682387e+00 0.000000000000000000e+00
2.188195948314920366e+08 1.000027912665216734e+00 0.000000000000000000e+00
2.222102079940649271e+08 1.000029507736201584e+00 0.000000000000000000e+00
2.256533587624525726e+08 1.000031195712289822e+00 0.000000000000000000e+00
2.291498612077109218e+08 1.000032982096949796e+00 0.000000000000000000e+00
2.327005420149325728e+08 1.000034872724429924e+00 0.000000000000000000e+00
2.363062406787165999e+08 1.000036873779882374e+00 0.000000000000000000e+00
2.399678097016378045e+08 1.000038991820730194e+00 0.000000000000000000e+00
2.436861147958159745e+08 1.000041233799347173e+00 0.000000000000000000e+00
2.474620350875932574e+08 1.000043607087135911e+00 0.000000000000000000e+00
2.512964633253887594e+08 1.000046119500094477e+00 7.610021875888067410e-29
2.551903060907726884e+08 1.000048779325960036e+00 1.974028222292116336e-28
2.591444840128114223e+08 1.000051595353032230e+00 5.049531371886556712e-28
2.631599319857335687e+08 1.000054576900784697e+00 1.274003604284028294e-27
2.672375993899689615e+08 1.000057733852377506e+00 3.171044135179343642e-27
2.713784503166126013e+08 1.000061076689197970e+00 7.788158005861837978e-27
2.755834637953664660e+08 1.000064616527543526e+00 1.887797794241850178e-26
2.798536340260137916e+08 1.000068365157616990e+00 4.517004381174552288e-26
2.841899706134794354e+08 1.000072335084964514e+00 1.067098719886049064e-25
2.885934988065328598e+08 1.000076539574535683e+00 2.489437100480820969e-25
2.930652597401899099e+08 1.000080992697546467e+00 5.736174041590176405e-25
2.976063106818702817e+08 1.000085709381266508e+00 1.305716664673437305e-24
3.022177252813694477e+08 1.000090705462102658e+00 2.936707220318074357e-24
3.069005938247038126e+08 1.000095997742045384e+00 6.527333669529037863e-24
3.116560234918893576e+08 1.000101604048846404e+00 1.434008111868259647e-23
3.164851386187142134e+08 1.000107543300105206e+00 3.114469025383709367e-23
3.213890809625677466e+08 1.000113835571564191e+00 6.688178409910096992e-23
3.263690099723885655e+08 1.000120502170149139e+00 1.420354562038404694e-22
3.314261030627954006e+08 1.000127565711926181e+00 2.983481234741937629e-22
3.365615558924655318e+08 1.000135050205639864e+00 6.199531812889295057e-22
3.417765826468266249e+08 1.000142981141306064e+00 1.274599805007363979e-21
3.470724163251295090e+08 1.000151385586233399e+00 2.593208498441128971e-21
3.524503090319680572e+08 1.000160292287384900e+00 5.221771578537901320e-21
3.579115322733171582e+08 1.000169731781499927e+00 1.040836065522136292e-20
3.634573772571575642e+08 1.000179736514202666e+00 2.053983741333067213e-20
3.690891551987583041e+08 1.000190340965502855e+00 4.013535067443757697e-20
3.748081976306903362e+08 1.000201581788922933e+00 7.766703636079836128e-20
3.806158567176433802e+08 1.000213497960167341e+00 1.488638660662906943e-19
3.865135055761207938e+08 1.000226130938774327e+00 2.826487704164101702e-19
3.925025385990885496e+08 1.000239524840591532e+00 5.317060560998892931e-19
3.985843717856540680e+08 1.000253726627223338e+00 9.911134804603637567e-19
4.047604430758538246e+08 1.000268786313667224e+00 1.830889547509342673e-18
4.110322126906284690e+08 1.000284757191521878e+00 3.352330067362922195e-18
4.174011634770658016e+08 1.000301696082271485e+00 6.084646506201207446e-18
4.238688012589931488e+08 1.000319663590757413e+00 1.094926983875571391e-17
4.304366551930025220e+08 1.000338724405922530e+00 1.953676695407198023e-17
4.371062781299918890e+08 1.000358947628641637e+00 3.456955079363629427e-17
4.438792469823092222e+08 1.000380407120265769e+00 6.066850937661884605e-17
4.507571630965847373e+08 1.000403181908727346e+00 1.056126246628616184e-16
4.577416526323405504e+08 1.000427356581962579e+00 1.823916341813502950e-16
4.648343669464669228e+08 1.000453021791243291e+00 3.125241374083542742e-16
4.720369829836559296e+08 1.000480274761849753e+00 5.313787036591005491e-16
4.793512036728846431e+08 1.000509219887283141e+00 8.966406258197485542e-16
4.867787583300423026e+08 1.000539969389786288e+00 1.501680604914628159e-15
4.943214030667957664e+08 1.000572643927981842e+00 2.496503223336512098e-15
5.019809212057906389e+08 1.000607373486699148e+00 4.120330910759631512e-15
5.097591237022857666e+08 1.000644298198560822e+00 6.751914101003061637e-15
5.176578495723209381e+08 1.000683569293803199e+00 1.098665401203009136e-14
5.256789663275194168e+08 1.000725350240451617e+00 1.775399680987477775e-14
5.338243704166270494e+08 1.000769817868261136e+00 2.849488266172448937e-14
5.420959876738939285e+08 1.000817163541841914e+00 4.542813479075755100e-14
5.504957737744028568e+08 1.000867594841422736e+00 7.194773113364831949e-14
5.590257146964536905e+08 1.000921337014238688e+00 1.132113039188727587e-13
5.676878271911146641e+08 1.000978634722964999e+00 1.770063144140194868e-13
5.764841592590348721e+08 1.001039754153158601e+00 2.750168944387469566e-13
5.854167906346831322e+08 1.001104985006066928e+00 4.246649777952785841e-13
5.944878332780287266e+08 1.001174642968362560e+00 6.517698939752748424e-13
6.036994318739138842e+08 1.001249072287184516e+00 9.943670052740119190e-13
6.130537643390874863e+08 1.001328648625220863e+00 1.508158170630059213e-12
6.225530423371738195e+08 1.001413782186296064e+00 2.274246176981059743e-12
6.321995118015404940e+08 1.001504921608062704e+00 3.410049357102499515e-12
6.419954534663496017e+08 1.001602557366047197e+00 5.084614195248192795e-12
6.519431834057576656e+08 1.001707225951316005e+00 7.539982675624304346e-12
6.620450535815382004e+08 1.001819515164115826e+00 1.112085367284542908e-11
6.723034523991479874e+08 1.001940068481784296e+00 1.631552328896251451e-11
6.827208052724248171e+08 1.002069590556966538e+00 2.381211013232818901e-11
6.932995751970334053e+08 1.002208854324326159e+00 3.457539934285670118e-11
7.040422633327958584e+08 1.002358706736481198e+00 4.995127903474302139e-11
7.149514095950464010e+08 1.002520076004966842e+00 7.180801607705418811e-11
7.260295932551482916e+08 1.002693979987822281e+00 1.027264482438794388e-10
7.372794335503163338e+08 1.002881534309899791e+00 1.462547242921208485e-10
7.487035903028886318e+08 1.003083961245700317e+00 2.072478814428528219e-10
7.603047645491930246e+08 1.003302602693676437e+00 2.923188123333061634e-10
7.720856991781592369e+08 1.003538929854620010e+00 4.104336724696305503e-10
7.840491795798252821e+08 1.003794549866425134e+00 5.736936132483549786e-10
7.961980343038927317e+08 1.004071228179326480e+00 7.983606622213739568e-10
8.085351357284868956e+08 1.004370900305416425e+00 1.106193067266795191e-09
8.210634007392781973e+08 1.004695676005521898e+00 1.526172713015733412e-09
8.337857914191280603e+08 1.005047876624597825e+00 2.096749226073964554e-09
8.467053157484196424e+08 1.005430032344245328e+00 2.868707086339520830e-09
8.598250283162407875e+08 1.005844914906518284e+00 3.908853225481494798e-09
8.731480310425866842e+08 1.006295551534815313e+00 5.304705315484708289e-09
8.866774739117529392e+08 1.006785258192377519e+00 7.170461547904370745e-09
9.004165557170931101e+08 1.007317640425576588e+00 9.654497457068422654e-09
9.143685248173152208e+08 1.007896648334489109e+00 1.294887917582871897e-08
9.285366799044981003e+08 1.008526590964300418e+00 1.730122513275016610e-08
9.429243707840079069e+08 1.009212154813144524e+00 2.302948272327124485e-08
9.575349991664987803e+08 1.009958461803937890e+00 3.054041040209991310e-08
9.723720194721868038e+08 1.010771084968974609e+00 4.035231094774713255e-08
9.874389396475850344e+08 1.011656085685711304e+00 5.312308390887167476e-08
1.002739321994894743e+09 1.012620074809474691e+00 6.968481008646360516e-08
1.018276784014247060e+09 1.013670231359705243e+00 9.108574030833444100e-08
1.034054999258996606e+09 1.014814349801429261e+00 1.186415077196650492e-07
1.050077698204266429e+09 1.016060918530935719e+00 1.539975808793058145e-07
1.066348669128951907e+09 1.017419138756563202e+00 1.992039894661574900e-07
1.082871759011391401e+09 1.018898983055361640e+00 2.568054594527835528e-07
1.099650874438914537e+09 1.020511295817570385e+00 3.299502255678012128e-07
1.116689982531485558e+09 1.022267814041943224e+00 4.225183755649785287e-07
1.133993111879655838e+09 1.024181233429361182e+00 5.392748566018072974e-07
1.151564353497053146e+09 1.026265336525294058e+00 6.860525852698332897e-07
1.169407861787627220e+09 1.028535013841052281e+00 8.699652677571031788e-07
1.187527855527884483e+09 1.031006352854520358e+00 1.099659030407295227e-06
1.205928618864341497e+09 1.033696785972098464e+00 1.385610226463736301e-06
1.224614502326434612e+09 1.036625119298149489e+00 1.740467452766605252e-06
1.243589923855123758e+09 1.039811626889196816e+00 2.179451308324657595e-06
1.262859369847435951e+09 1.043278263797404293e+00 2.720826907915360708e-06
1.282427396217192411e+09 1.047048663094515497e+00 3.386435076076681535e-06
1.302298629472172976e+09 1.051148267905866129e+00 4.202312320557435128e-06
1.322477767807970285e+09 1.055604595239542531e+00 5.199419107621051013e-06
1.342969582218793631e+09 1.060447217008378518e+00 6.414446138647641625e-06
1.363778917625484943e+09 1.065707923852287520e+00 7.890752774371736407e-06
1.384910694021013021e+09 1.071421054463323141e+00 9.679466687278382670e-06
1.406369907633722782e+09 1.077623468984721500e+00 1.184069079736226874e-05
1.428161632108575344e+09 1.084354705932591756e+00 1.444487924189151568e-05
1.450291019706783295e+09 1.091657474180605325e+00 1.757449844654314263e-05
1.472763302523882866e+09 1.099577503071187401e+00 2.132577040017668367e-05
1.495583793726863146e+09 1.108163827840180637e+00 2.581073468276400538e-05
1.518757888810273170e+09 1.117469340523974397e+00 3.115967271697467290e-05
1.542291066871986866e+09 1.127550576350917932e+00 3.752364849484507642e-05
1.566188891908537626e+09 1.138468151301161413e+00 4.507756132386805183e-05
1.590457014130726576e+09 1.150287327916280411e+00 5.402367933808085288e-05
1.615101171299410820e+09 1.163077815037235174e+00 6.459537215351220422e-05
1.640127190082197428e+09 1.176914285409781602e+00 7.706159822255248125e-05
1.665540987430948496e+09 1.191877001949538828e+00 9.173208360934286009e-05
1.691348571980845928e+09 1.208051742299804721e+00 1.089628909066368660e-04
1.717556045470915318e+09 1.225530167562650874e+00 1.291629333284021342e-04
1.744169604186783075e+09 1.244410791099758606e+00 1.528017457779875046e-04
1.771195540425565243e+09 1.264798893364393439e+00 1.804177626203659905e-04
1.798640243983680964e+09 1.286806600599510908e+00 2.126277772606080985e-04
1.826510203667497396e+09 1.310554834390569967e+00 2.501390244068940117e-04
1.854812008827570677e+09 1.336172130692845794e+00 2.937608158994856208e-04
1.883552350916542530e+09 1.363795933765753698e+00 3.444195398438684437e-04
1.912738025071222544e+09 1.393573741122637211e+00 4.031758074843442836e-04
1.942375931719174385e+09 1.425662896393302681e+00 4.712428856757843658e-04
1.972473078210198879e+09 1.460230853475943613e+00 5.500080243933892690e-04
2.003036580473095179e+09 1.497458097893043627e+00 6.410595400398576976e-04
2.034073664698094368e+09 1.537535999166245171e+00 7.462125234157262381e-04
2.065591669045362234e+09 1.580669361307413645e+00 8.675430554573652876e-04
2.097598045379975080e+09 1.627077720269982652e+00 1.007426094667510444e-03
2.130100361033778667e+09 1.676994698785884585e+00 1.168576076601440198e-03
2.163106300594548702e+09 1.730669582370218729e+00 1.354095835972926772e-03
2.196623667722872734e+09 1.788369807706698067e+00 1.567533889812404392e-03
2.230660386997185230e+09 1.850379908735873435e+00 1.812944046290800330e-03
2.265224505787391663e+09 1.917003317809250706e+00 2.094957201418274143e-03
2.300324196157525063e+09 1.988565920165930034e+00 2.418866440809019913e-03
2.335967756797881126e+09 2.065413789470636363e+00 2.790712228488958536e-03
2.372163614987098217e+09 2.147916048307972670e+00 3.217388073195578783e-03
2.408920328584632397e+09 2.236469504939296193e+00 3.706765154379064106e-03
2.446246588054110050e+09 2.331495660610590992e+00 4.267814653394202441e-03
2.484151218518033028e+09 2.433443536323594003e+00 4.910758251512535935e-03
2.522643181844318390e+09 2.542795897014536788e+00 5.647248968403396213e-03
2.561731578765172005e+09 2.660065680304334546e+00 6.490545053649504452e-03
2.601425651028792858e+09 2.785799330248555084e+00 7.455723931582165613e-03
2.641734783584417343e+09 2.920584488459581962e+00 8.559940774631199720e-03
2.682668506801221371e+09 3.065045488624475123e+00 9.822671338315500447e-03
2.724236498721607208e+09 3.219847506032789131e+00 1.126601343531619982e-02
2.766448587349399090e+09 3.385706053704975460e+00 1.291505339849073966e-02
2.809314752973500729e+09 3.563381318989286228e+00 1.479820047557934420e-02
2.852845130527552605e+09 3.753683321030155451e+00 1.694760740415449107e-02
2.897050011986157894e+09 3.957483629717135187e+00 1.939968564422392752e-02
2.941939848798230648e+09 4.175708275272238978e+00 2.219555968555451952e-02
2.987525254358056068e+09 4.409344170244821726e+00 2.538164865969631812e-02
3.033817006514635563e+09 4.659453512343997517e+00 2.901038523649226292e-02
3.080826050119915485e+09 4.927164197214929153e+00 3.314081784410393555e-02
3.128563499616498947e+09 5.213679082037071311e+00 3.783941864902021918e-02
3.177040641665457726e+09 5.520294114349472814e+00 4.318108674969154542e-02
3.226268937814860821e+09 5.848385773661376241e+00 4.924994053924753451e-02
3.276260027209647655e+09 6.199420082995181325e+00 5.614039030696760940e-02
3.327025729343498230e+09 6.574977541358954625e+00 6.395854879215169542e-02
3.378578046853338718e+09 6.976739035442970582e+00 7.282328843174334931e-02
3.430929168357147217e+09 7.406493906444350017e+00 8.286765133764197044e-02
3.484091471335736275e+09 7.866171754818706674e+00 9.424080444382099131e-02
3.538077525059182644e+09 8.357825710109210604e+00 1.071094203222001384e-01
3.592900093558606625e+09 8.883639021962864035e+00 1.216595008645568604e-01
3.648572138643998146e+09 9.445973765891686469e+00 1.380992445798644719e-01
3.705106822968801022e+09 1.004733300225075787e+01 1.566604753163368946e-01
3.762517513141988754e+09 1.069039316389651084e+01 1.776015692478241093e-01
3.820817782888371944e+09 1.137803525708737240e+01 2.012107651029919897e-01
3.880021416257783890e+09 1.211332549392696123e+01 2.278085274883290823e-01
3.940142410884243965e+09 1.289953437805300496e+01 2.577509913629403848e-01
4.001194981295209408e+09 1.374019090003218935e+01 2.914348416706021294e-01
4.063193562272600174e+09 1.463904313427042325e+01 3.292998643839606943e-01
4.126152812265383244e+09 1.560010223578604638e+01 3.718341481592865594e-01
4.190087616855565071e+09 1.662767890375002722e+01 4.195796954669743228e-01
4.255013092277347565e+09 1.772637601446652766e+01 4.731369630428370332e-01
4.320944588991366386e+09 1.890109799375776589e+01 5.331702100382512688e-01
4.387897695313753128e+09 2.015713557841636927e+01 6.004164721878850752e-01
4.455888241101989746e+09 2.150012678478349670e+01 6.756902090234299108e-01
4.524932301497314453e+09 2.293608441484182947e+01 7.598908807171254054e-01
4.595046200725684166e+09 2.447149976436612562e+01 8.540150573365219433e-01
4.666246515957053185e+09 2.611328706577396375e+01 9.591617863867742955e-01
4.738550081225043297e+09 2.786882834395427366e+01 1.076543055313869734e+00
4.811973991406744957e+09 2.974608542949989243e+01 1.207499219723477957e+00
4.886535606264802933e+09 3.175354837044703871e+01 1.353506404444746902e+00
4.962252554551527023e+09 3.390028487741061269e+01 1.516189930959992216e+00
5.039142738177108765e+09 3.619607852259554903e+01 1.697344960686867132e+00
5.117224336442107201e+09 3.865134769608265941e+01 1.898944313982144250e+00
5.196515810335638046e+09 4.127724241981523079e+01 2.123158404723758164e+00
5.277035906900142670e+09 4.408579184216063851e+01 2.372381272288371257e+00
5.358803663663785934e+09 4.708981064147216955e+01 2.649240279764907502e+00
5.441838413141543388e+09 5.030300195815674158e+01 2.956620964212091973e+00
5.526159787406021118e+09 5.374015947669972348e+01 3.297703052883332653e+00
5.611787722729105949e+09 5.741705660658431754e+01 3.675972391686621155e+00
5.698742464295544624e+09 6.135056209329317056e+01 4.095252527232329243e+00
5.787044570989544868e+09 6.555889161922323183e+01 4.559752618398460022e+00
5.876714920255559921e+09 7.006146045250336840e+01 5.074080302337867110e+00
5.967774713034382820e+09 7.487904563893945920e+01 5.643284705375434029e+00
6.060245478775726318e+09 8.003408712008801729e+01 6.272918894256765299e+00
6.154149080528474808e+09 8.555050321043506756e+01 6.969054139253292313e+00
6.249507720109809875e+09 9.145390774549545654e+01 7.738337897052170788e+00
6.346343943354429245e+09 9.777196528095630867e+01 8.588074319427891012e+00
6.444680645445102692e+09 1.045341763103105421e+02 9.526241554915799270e+00
6.544541076325830460e+09 1.117721280097323842e+02 1.056156519480863309e+01
6.645948846198868752e+09 1.195199473025810590e+02 1.170362575290349483e+01
6.748927931106939316e+09 1.278140363323083761e+02 1.296287782519875265e+01
6.853502678601936340e+09 1.366933828570684284e+02 1.435074567891451736e+01
6.959697813501462936e+09 1.462001159051370678e+02 1.587976368274979144e+01
7.067538443734570503e+09 1.563791844971684952e+02 1.756359754352049052e+01
7.177050066278079033e+09 1.672787434626439449e+02 1.941716871885101980e+01
7.288258573184876442e+09 1.789508352112778198e+02 2.145683747768899963e+01
7.401190257705627441e+09 1.914509994150461409e+02 2.370042593913641227e+01
7.515871820505343437e+09 2.048387526600491242e+02 2.616737976689445588e+01
7.632330375976270676e+09 2.191784259461742010e+02 2.887900638006541953e+01
7.750593458648603439e+09 2.345386899127683478e+02 3.185849918863408448e+01
7.870689029700525284e+09 2.509931505566843271e+02 3.513114731525175216e+01
7.992645483569128990e+09 2.686213803188201155e+02 3.872464525143504233e+01
8.116491654663769722e+09 2.875083393291693596e+02 4.266911715208388500e+01
8.242256824183441162e+09 3.077451172195555387e+02 4.699738882262307271e+01
8.369970727039791107e+09 3.294302001989193514e+02 5.174538890329031915e+01
8.499663558887403488e+09 3.526687674306617737e+02 5.695217202961354275e+01
8.631365983263017654e+09 3.775736139018515587e+02 6.266027090589594906e+01
8.765109138835369110e+09 4.042667106258621175e+02 6.891621559262068786e+01
8.900924646767377853e+09 4.328783470808774609e+02 7.577055303273918696e+01
9.038844618192382812e+09 4.635482797071489358e+02 8.327830223395359610e+01
9.178901661806262970e+09 4.964276543267114903e+02 9.149962531725923043e+01
9.321128891577163696e+09 5.316779609767905868e+02 1.004998401996255950e+02
9.465559934574703217e+09 5.694724483956533732e+02 1.103500046400400976e+02
9.612228938920488358e+09 6.099985371458690224e+02 1.211277924421873564e+02
9.761170581861820221e+09 6.534565057195027293e+02 1.329174852428944860e+02
9.912420077970510483e+09 7.000612843598755717e+02 1.458107339264123254e+02
1.006601318746877289e+10 7.500453751444254067e+02 1.599076730291888850e+02
1.022198622468387222e+10 8.036572981472281754e+02 1.753169041838827411e+02
1.038037606663446045e+10 8.611638162778309606e+02 1.921564749875997791e+02
1.054122016174884987e+10 9.228535353016133058e+02 2.105553114616183734e+02
1.070455653871969604e+10 9.890350080898364240e+02 2.306531749324971088e+02
1.087042381549451637e+10 1.060039509229033229e+03 2.526019227242168199e+02
1.103886120840690231e+10 1.136225459271649470e+03 2.765673419185327475e+02
1.120990854144781494e+10 1.217976146736217288e+03 3.027290781923815075e+02
1.138360625568195534e+10 1.305703191365306566e+03 3.312822589293862166e+02
1.155999541880861473e+10 1.399851995667485198e+03 3.624398415637966195e+02
1.173911773487212181e+10 1.500898933446681895e+03 3.964324816146960302e+02
1.192101555412126160e+10 1.609355681967464989e+03 4.335106218526985913e+02
1.210573188302300262e+10 1.725775982402573391e+03 4.739475078907627790e+02
1.229331039442981911e+10 1.850752196632439336e+03 5.180389790099933407e+02
1.248379543790613937e+10 1.984920673792612433e+03 5.661061373756364219e+02
1.267723205021320915e+10 2.128970194557476134e+03 6.184992352300645280e+02
1.287366596595802307e+10 2.283637736405258238e+03 6.755973543123795935e+02
1.307314362840569115e+10 2.449715157291831929e+03 7.378118251238138328e+02
1.327571220046068001e+10 2.628059612935539008e+03 8.055911856086817124e+02
1.348141957581736374e+10 2.819588364272023227e+03 8.794207117856930154e+02
1.369031439028369331e+10 3.025287198677543074e+03 9.598268274524664321e+02
1.390244603328024483e+10 3.246223238559570291e+03 1.047383405175842654e+03
1.411786465951747131e+10 3.483538686736389536e+03 1.142711139053051511e+03
1.433662120085387230e+10 3.738461365322781603e+03 1.246483202116595521e+03
1.455876737833791733e+10 4.012320506069102976e+03 1.359433258316402998e+03
1.478435571443656158e+10 4.306539037482989443e+03 1.482354563009763751e+03
1.501343954545323753e+10 4.622646782349297609e+03 1.616107214441327187e+03
1.524607303413825607e+10 4.962300099250113817e+03 1.761628396091080504e+03
1.548231118249462509e+10 5.327272331468061566e+03 1.919931096486711567e+03
1.572220984478227997e+10 5.719470521060548890e+03 2.092113474535771275e+03
1.596582574072381401e+10 6.140959580433909650e+03 2.279371832763082239e+03
1.621321646891484261e+10 6.593950665340487831e+03 2.482998910357531713e+03
1.646444052044215012e+10 7.080821800832337431e+03 2.704395739742423757e+03
1.671955729271285820e+10 7.604148184017170024e+03 2.945088291693756673e+03
1.697862710349787521e+10 8.166687742391031861e+03 3.206725093280052988e+03
1.724171120519293976e+10 8.771407271072650474e+03 3.491092524927798877e+03
1.750887179930065918e+10 9.421519662613298351e+03 3.800135825981341441e+03
1.778017205113692856e+10 1.012046637819106763e+04 4.135955994028010537e+03
1.805567610476523209e+10 1.087194985099023143e+04 4.500829181616884853e+03
1.833544909816236115e+10 1.167997995515796174e+04 4.897233500803006791e+03
1.861955717861910248e+10 1.254885250548402291e+04 5.327844906298153546e+03
1.890806751837959671e+10 1.348319003597744813e+04 5.795562055550823061e+03
1.920104833052298355e+10 1.448799910265799008e+04 6.303540158082663766e+03
1.949856888509117508e+10 1.556864394799096226e+04 6.855185557793434782e+03
1.980069952546649170e+10 1.673089750179374096e+04 7.454187414258472927e+03
2.010751168500311661e+10 1.798101269823155599e+04 8.104560717538840436e+03
2.041907790391620255e+10 1.932569044452394519e+04 8.810639315436059405e+03
2.073547184643270874e+10 2.077214304713783713e+04 9.577116084850815241e+03
2.105676831820799255e+10 2.232818315545275982e+04 1.040909764025268305e+04
2.138304328401224136e+10 2.400218372148956769e+04 1.131209484151581455e+04
2.171437388569099045e+10 2.580315807116009455e+04 1.229207428723309204e+04
2.205083846040391541e+10 2.774087059924234563e+04 1.335552772272141010e+04
2.239251655914625931e+10 2.982578729311504867e+04 1.450945952393367043e+04
2.273948896555720901e+10 3.206917607158430837e+04 1.576145228435392892e+04
2.309183771501976013e+10 3.448324437683809811e+04 1.711975470237655099e+04
2.344964611405649185e+10 3.708107813146308763e+04 1.859326519970039590e+04
2.381299876002589035e+10 3.987676793238025130e+04 2.019161564823059234e+04
2.418198156112389374e+10 4.288558035057460074e+04 2.192528272220648068e+04
2.455668175669531250e+10 4.612388227588938025e+04 2.380556636578347752e+04
2.493718793786003494e+10 4.960929961076478503e+04 2.584469660693584956e+04
2.532359006845876312e+10 5.336092954401369207e+04 2.805597397499889121e+04
2.571597950632338333e+10 5.739924812585325708e+04 3.045374205496257855e+04
2.611444902487685776e+10 6.174630970372735464e+04 3.305352361221437604e+04
2.651909283506784439e+10 6.642601058047461265e+04 3.587219787992149941e+04
2.693000660764516449e+10 7.146397512748868030e+04 3.892796511644268321e+04
2.734728749577756119e+10 7.688780572935006057e+04 4.224051957834760833e+04
2.777103415802324677e+10 8.272741148770025757e+04 4.583127389504347957e+04
2.820134678165718460e+10 8.901486799782856542e+04 4.972331350284415385e+04
2.863832710635686874e+10 9.578473076104470238e+04 5.394161642097627191e+04
2.908207844825865936e+10 1.030744448376427754e+05 5.851333695656899363e+04
2.953270572438319778e+10 1.109241710608175636e+05 6.346774659816308122e+04
2.999031547744300079e+10 1.193771800461451785e+05 6.883651370185850828e+04
3.045501590103067017e+10 1.284803631320143031e+05 7.465406223473233695e+04
3.092691686520127106e+10 1.382840167666250200e+05 8.095749519211845472e+04
3.140612994244713593e+10 1.488423389018244925e+05 8.778695100621225720e+04
3.189276843407919312e+10 1.602140633422320534e+05 9.518605511063996528e+04
3.238694739701298904e+10 1.724621952120360802e+05 1.032018228061965347e+05
3.288878367097387695e+10 1.856546341473691864e+05 1.118851118769731984e+05
3.339839590611959457e+10 1.998649652048325806e+05 1.212911927346004959e+05
3.391590459109505844e+10 2.151721310964489239e+05 1.314796234449044277e+05
3.444143208151760101e+10 2.316612159440373071e+05 1.425148251027685765e+05
3.497510262890793610e+10 2.494244316971443477e+05 1.544668014975927945e+05
3.551704241006510925e+10 2.685607116794105386e+05 1.674109784666787891e+05
3.606737955690029144e+10 2.891766964011550881e+05 1.814289350835231598e+05
3.662624418673052979e+10 3.113879633431188413e+05 1.966093112686608802e+05
3.719376843304282379e+10 3.353185252914893208e+05 2.130476032639734622e+05
3.777008647673467255e+10 3.611020693122363300e+05 2.308470918135671818e+05
3.835533457783876801e+10 3.888834884676403017e+05 2.501199852553701785e+05
3.894965110773921204e+10 4.188182620169356233e+05 2.709871591503813397e+05
3.955317658188692474e+10 4.510740145870052511e+05 2.935793353594584041e+05
4.016605369302202606e+10 4.858324285092272912e+05 3.180385240612585912e+05
4.078842734491096497e+10 5.232884727693644236e+05 3.445176893371612532e+05
4.142044468660636902e+10 5.636523653350167442e+05 3.731822465094571235e+05
4.206225514723783875e+10 6.071519573921483243e+05 4.042118781673816266e+05
4.271401047134175110e+10 6.540317813771018991e+05 4.378001103240125813e+05
4.337586475473851776e+10 7.045555234880257631e+05 4.741562151662834804e+05
4.404797448096579742e+10 7.590089890744157601e+05 5.135074921990639414e+05
4.473049855827618408e+10 8.176989276246029185e+05 5.560987320087387925e+05
4.542359835720822906e+10 8.809561438191238558e+05 6.021946303395139985e+05
4.612743774873957062e+10 9.491392017826393712e+05 6.520826633203312522e+05
4.684218314303132629e+10 1.022632972222890705e+06 7.060724082763113547e+05
4.756800352877272034e+10 1.101852528360863915e+06 7.644985925139477476e+05
4.830507051313546753e+10 1.187247790172545938e+06 8.277247277593417093e+05
4.905355836234719086e+10 1.279301707004658179e+06 8.961422362145964289e+05
4.981364404289352417e+10 1.378535187242761254e+06 9.701743354383931728e+05
5.058550726335865021e+10 1.485512874940926209e+06 1.050280598369970452e+06
5.136933051691418457e+10 1.600840889971610392e+06 1.136955840131324716e+06
5.216529912446638489e+10 1.725173049407935003e+06 1.230735055198502261e+06
5.297360127847194672e+10 1.859218070237297099e+06 1.332199148996199016e+06
5.379442808743273926e+10 2.003736791718883673e+06 1.441973545268400339e+06
5.462797362107994080e+10 2.159549975031547248e+06 1.560734421496490948e+06
5.547443495625836945e+10 2.327547305035063066e+06 1.689215925494830823e+06
5.633401222352174377e+10 2.508683943100666627e+06 1.828208410642232979e+06
5.720690865444994354e+10 2.703990369276496116e+06 1.978566354856206104e+06
5.809333062969945526e+10 2.914583625895563047e+06 2.141217439506333787e+06
5.899348772779840851e+10 3.141662995517019182e+06 2.317160283333725296e+06
5.990759277469759369e+10 3.386522435329879168e+06 2.507474507595791947e+06
6.083586189408935547e+10 3.650564589787518606e+06 2.713332131035095081e+06
6.177851455850615692e+10 3.935295476354607381e+06 2.935994741603834555e+06
6.273577364121088409e+10 4.242340142300128937e+06 3.176826247712349053e+06
6.370786546889126587e+10 4.573460085029941984e+06 3.437307143309216946e+06
6.469501987517070007e+10 4.930546729101932608e+06 3.719030988810846582e+06
6.569747025494829559e+10 5.315641101741973311e+06 4.023720531630083453e+06
6.671545361958090973e+10 5.730955708435157314e+06 4.353245723499412648e+06
6.774921065292021179e+10 6.178866327850718051e+06 4.709619196371835656e+06
6.879898576821803284e+10 6.661936777187085710e+06 5.095016666821171530e+06
6.986502716591351318e+10 7.182946297250706702e+06 5.511799621852768585e+06
7.094758689231559753e+10 7.744879343600714579e+06 5.962509594589584507e+06
7.204692089919517517e+10 8.350956900019509718e+06 6.449894093424036168e+06
7.316328910429875183e+10 9.004670523019766435e+06 6.976934977777429856e+06
7.429695545280467224e+10 9.709769712834723294e+06 7.546841276822250336e+06
7.544818797972360229e+10 1.047030136719695851e+07 8.163082024907398038e+06
7.661725887327552795e+10 1.129065240823095292e+07 8.829421978165289387e+06
7.780444453923883057e+10 1.217553415375410020e+07 9.549912608935618773e+06
7.901002566630638123e+10 1.313003173520683125e+07 1.032893345209213346e+07
8.023428729244435120e+10 1.415965760005573742e+07 1.117123715069926903e+07
8.147751887228942871e+10 1.527033190820777416e+07 1.208193796508724988e+07
8.274001434557991028e+10 1.646844521280968189e+07 1.306656443361978605e+07
8.402207220665780640e+10 1.776092505939640850e+07 1.413111574240881391e+07
8.532399557503701782e+10 1.915521143393652514e+07 1.528204710541165061e+07
8.664609226707601929e+10 2.065933602172978595e+07 1.652633663189503364e+07
8.798867486874992371e+10 2.228200529053545743e+07 1.787155599134257808e+07
8.935206080956144714e+10 2.403257042952743918e+07 1.932585237181919813e+07
9.073657243758566284e+10 2.592112666483820230e+07 2.089803265864533186e+07
9.214253709568925476e+10 2.795861730334695429e+07 2.259765231328295916e+07
9.357028719891931152e+10 3.015679627793498710e+07 2.443499260495845973e+07
9.502016031310092163e+10 3.252835366821107268e+07 2.642116741169444472e+07
9.649249923464677429e+10 3.508704594938758761e+07 2.856823495541987568e+07
9.798765207160548401e+10 3.784764844654639065e+07 3.088916838720767945e+07
9.950597232596549988e+10 4.082611436142363399e+07 3.339799157450789586e+07
1.010478189772343445e+11 4.403973707347083092e+07 3.610991893849705160e+07
1.026135565673127899e+11 4.750709208231172711e+07 3.904131933508556336e+07
1.042035552866842499e+11 5.124823676656230539e+07 4.220988729559382796e+07
1.058181910619396820e+11 5.528491270757532120e+07 4.563481806624197215e+07
1.074578456446586761e+11 5.964047415724029392e+07 4.933676275845649093e+07
1.091229067016676788e+11 6.434013978244210780e+07 5.333804492154472321e+07
1.108137679066969299e+11 6.941124667747527361e+07 5.766288106518884748e+07
1.125308290334574432e+11 7.488315967114694417e+07 6.233732292509738356e+07
1.142744960501604004e+11 8.078758922282899916e+07 6.738953183912649751e+07
1.160451812155009613e+11 8.715890917991858721e+07 7.285005559009426832e+07
