# T[K] Gamma_nTOp[1/tau_n] Gamma_pTOn[1/tau_n]
# fingerprint_hash: d96e128c295e35f9
# fingerprint: {"QED_corrections":true,"T_end_MeV":0.001,"T_start_cosmo_MeV":40.0,"analytic_distortions":false,"finite_mass_corrections":true,"format_version":1,"incomplete_decoupling":true,"munuOverTnu":0.03,"nevo_file":null,"nevo_file_prefix":"NEVOPRIMAT","nevo_spectral_file":null,"radiative_corrections":true,"sampling_nTOp_per_decade":80,"spectral_distortions":true,"y_SZ":0.0,"y_gray":0.0}
1.160451812155007198e+07 9.999983399777067072e-01 0.000000000000000000e+00
1.194445382843508385e+07 9.999982914226309694e-01 0.000000000000000000e+00
1.229434740548801981e+07 9.999982414519873464e-01 0.000000000000000000e+00
1.265449055251050368e+07 9.999981900250335398e-01 0.000000000000000000e+00
1.302518351418111660e+07 9.999981370998789476e-01 0.000000000000000000e+00
1.340673533036361635e+07 9.999980826334562423e-01 0.000000000000000000e+00
1.379946409374797717e+07 9.999980265814955027e-01 0.000000000000000000e+00
1.420369721503815055e+07 9.999979688985005666e-01 0.000000000000000000e+00
1.461977169590851478e+07 9.999979095377239391e-01 0.000000000000000000e+00
1.504803440995584987e+07 9.999978484511444776e-01 0.000000000000000000e+00
1.548884239188134670e+07 9.999977855894446321e-01 0.000000000000000000e+00
1.594256313514404185e+07 9.999977209019883517e-01 0.000000000000000000e+00
1.640957489833307080e+07 9.999976543367992132e-01 0.000000000000000000e+00
1.689026702051510662e+07 9.999975858405391049e-01 0.000000000000000000e+00
1.738504024581887946e+07 9.999975153584872434e-01 0.000000000000000000e+00
1.789430705752837285e+07 9.999974428345179689e-01 0.000000000000000000e+00
1.841849202196240798e+07 9.999973682110806505e-01 0.000000000000000000e+00
1.895803214242760837e+07 9.999972914291813675e-01 0.000000000000000000e+00
1.951337722354025394e+07 9.999972124283614816e-01 0.000000000000000000e+00
2.008499024621973559e+07 9.999971311466833157e-01 0.000000000000000000e+00
2.067334775366751477e+07 9.999970475207140552e-01 0.000000000000000000e+00
2.127894024865204096e+07 9.999969614855129807e-01 0.000000000000000000e+00
2.190227260243212804e+07 9.999968729746236962e-01 0.000000000000000000e+00
2.254386447565865889e+07 9.999967819200683561e-01 0.000000000000000000e+00
2.320425075160592049e+07 9.999966882523469991e-01 0.000000000000000000e+00
2.388398198209420219e+07 9.999965919004428772e-01 0.000000000000000000e+00
2.458362484647430480e+07 9.999964927918315594e-01 0.000000000000000000e+00
2.530376262405800447e+07 9.999963908525002498e-01 0.000000000000000000e+00
2.604499568038682267e+07 9.999962860069696591e-01 0.000000000000000000e+00
2.680794196774604172e+07 9.999961781783291981e-01 0.000000000000000000e+00
2.759323754033992812e+07 9.999960672882769463e-01 0.000000000000000000e+00
2.840153708455819264e+07 9.999959532571741638e-01 0.000000000000000000e+00
2.923351446477630734e+07 9.999958360041080185e-01 0.000000000000000000e+00
3.008986328514331579e+07 9.999957154469704124e-01 0.000000000000000000e+00
3.097129746782724559e+07 9.999955915025481312e-01 0.000000000000000000e+00
3.187855184819832072e+07 9.999954640866334232e-01 0.000000000000000000e+00
3.281238278744807094e+07 9.999953331141507862e-01 0.000000000000000000e+00
3.377356880315344781e+07 9.999951984993050713e-01 0.000000000000000000e+00
3.476291121831235290e+07 9.999950601557543450e-01 0.000000000000000000e+00
3.578123482939223200e+07 9.999949179968073976e-01 0.000000000000000000e+00
3.682938859394711256e+07 9.999947719356533371e-01 0.000000000000000000e+00
3.790824633837836981e+07 9.999946218856227143e-01 0.000000000000000000e+00
3.901870748642701656e+07 9.999944677604865051e-01 0.000000000000000000e+00
4.016169780900728703e+07 9.999943094747975048e-01 0.000000000000000000e+00
4.133817019600404054e+07 9.999941469442780173e-01 0.000000000000000000e+00
4.254910545068005472e+07 9.999939800862601702e-01 0.000000000000000000e+00
4.379551310735325515e+07 9.999938088201845154e-01 0.000000000000000000e+00
4.507843227302657813e+07 9.999936330681656882e-01 0.000000000000000000e+00
4.639893249367284775e+07 9.999934527556295638e-01 0.000000000000000000e+00
4.775811464589476585e+07 9.999932678120339036e-01 0.000000000000000000e+00
4.915711185470598191e+07 9.999930781716802608e-01 0.000000000000000000e+00
5.059709043819620460e+07 9.999928837746279164e-01 0.000000000000000000e+00
5.207925087986870110e+07 9.999926845677248322e-01 0.000000000000000000e+00
5.360482882946188748e+07 9.999924805057642807e-01 0.000000000000000000e+00
5.517509613308683038e+07 9.999922715527856942e-01 0.000000000000000000e+00
5.679136189354267716e+07 9.999920576835374941e-01 0.000000000000000000e+00
5.845497356169053912e+07 9.999918388851174456e-01 0.000000000000000000e+00
6.016731805979927629e+07 9.999916151588125190e-01 0.000000000000000000e+00
6.192982293779598922e+07 9.999913865221667919e-01 0.000000000000000000e+00
6.374395756338880956e+07 9.999911530112933766e-01 0.000000000000000000e+00
6.561123434705124050e+07 9.999909146834731200e-01 0.000000000000000000e+00
6.753321000289034843e+07 9.999906716200609447e-01 0.000000000000000000e+00
6.951148684645150602e+07 9.999904239297425779e-01 0.000000000000000000e+00
7.154771413053803146e+07 9.999901717521858524e-01 0.000000000000000000e+00
7.364358942016379535e+07 9.999899152621236631e-01 0.000000000000000000e+00
7.580086000778134167e+07 9.999896546739293068e-01 0.000000000000000000e+00
7.802132436996677518e+07 9.999893902467360540e-01 0.000000000000000000e+00
8.030683366677752137e+07 9.999891222901688970e-01 0.000000000000000000e+00
8.265929328502891958e+07 9.999888511707553107e-01 0.000000000000000000e+00
8.508066442678131163e+07 9.999885773191056204e-01 0.000000000000000000e+00
8.757296574435649812e+07 9.999883012379398028e-01 0.000000000000000000e+00
9.013827502325230837e+07 9.999880235110757409e-01 0.000000000000000000e+00
9.277873091435243189e+07 9.999877448134790736e-01 0.000000000000000000e+00
9.549653471688136458e+07 9.999874659225116424e-01 0.000000000000000000e+00
9.829395221358637512e+07 9.999871877305128720e-01 0.000000000000000000e+00
1.011733155596781969e+08 9.999869112588760656e-01 0.000000000000000000e+00
1.041370252271060497e+08 9.999866376737961415e-01 0.000000000000000000e+00
1.071875520057871491e+08 9.999863683038859863e-01 0.000000000000000000e+00
1.103274390634579509e+08 9.999861046598854664e-01 0.000000000000000000e+00
1.135593040658666492e+08 9.999858484567104577e-01 0.000000000000000000e+00
1.168858413590708673e+08 9.999856016381206691e-01 0.000000000000000000e+00
1.203098242156668752e+08 9.999853664043177881e-01 0.000000000000000000e+00
1.238341071468138248e+08 9.999851452428242249e-01 0.000000000000000000e+00
1.274616282819872946e+08 9.999849409630301444e-01 0.000000000000000000e+00
1.311954118184435666e+08 9.999847567348509880e-01 0.000000000000000000e+00
1.350385705424373746e+08 9.999845961319817622e-01 0.000000000000000000e+00
1.389943084242920876e+08 9.999844631802996542e-01 0.000000000000000000e+00
1.430659232894937396e+08 9.999843624120283714e-01 0.000000000000000000e+00
1.472568095680249631e+08 9.999842989263540982e-01 0.000000000000000000e+00
1.515704611242395937e+08 9.999842784572654519e-01 0.000000000000000000e+00
1.560104741696303487e+08 9.999843074494779716e-01 0.000000000000000000e+00
1.605805502609273791e+08 9.999843931434202471e-01 0.000000000000000000e+00
1.652844993860153258e+08 9.999845437325349806e-01 0.000000000000000000e+00
1.701262431402502060e+08 9.999847682313827146e-01 0.000000000000000000e+00
1.751098179958217144e+08 9.999850769304029496e-01 0.000000000000000000e+00
1.802393786668825150e+08 9.999854813343566073e-01 0.000000000000000000e+00
1.855192015732608140e+08 9.999859943513770277e-01 0.000000000000000000e+00
1.909536884056296647e+08 9.999866304045449406e-01 0.000000000000000000e+00
1.965473697951165140e+08 9.999874057461233257e-01 0.000000000000000000e+00
2.023049090904033780e+08 9.999883385323935503e-01 0.000000000000000000e+00
2.082311062454790771e+08 9.999894491464704771e-01 0.000000000000000000e+00
2.143309018212690055e+08 9.999907604058861921e-01 0.000000000000000000e+00
2.206093811044900417e+08 9.999922979776050269e-01 0.000000000000000000e+00
2.270717783471610248e+08 9.999940904901094552e-01 0.000000000000000000e+00
2.337234811302981079e+08 9.999961700670653153e-01 0.000000000000000000e+00
2.405700348554467559e+08 9.999985727657446644e-01 0.000000000000000000e+00
2.476171473677769899e+08 1.000001338844471066e+00 0.000000000000000000e+00
2.548706937146100700e+08 1.000004513620989410e+00 1.938647311297154478e-28
2.623367210433326662e+08 1.000008147495927924e+00 1.120016869725291282e-27
2.700214536427979469e+08 1.000012297963382313e+00 6.168678556283483546e-27
2.779312981323959827e+08 1.000017026796182096e+00 3.241930394030994439e-26
2.860728488031346798e+08 1.000022407034777183e+00 1.628276992336907797e-25
2.944528931151782870e+08 1.000028518302866987e+00 7.826695266916113240e-25
3.030784173564286828e+08 1.000035448310669040e+00 3.604270276046989958e-24
3.119566124668592215e+08 1.000043298609709863e+00 1.592227282188200882e-23
3.210948800334758162e+08 1.000052181281613217e+00 6.754614360690478534e-23
3.305008384608782530e+08 1.000062221740373847e+00 2.754988465741253120e-22
3.401823293225855827e+08 1.000073560998159472e+00 1.081509168159737365e-21
3.501474238984055519e+08 1.000086357300674411e+00 4.090793511675829728e-21
3.604044299033194184e+08 1.000100788189998813e+00 1.492364009742932175e-20
3.709618984134646654e+08 1.000117052827960817e+00 5.256636764964444768e-20
3.818286309950104952e+08 1.000135375188444087e+00 1.789531015965198281e-19
3.930136870418622494e+08 1.000156007151084658e+00 5.893616323481456106e-19
4.045263913283039927e+08 1.000179232298416432e+00 1.879480519412161833e-18
4.163763417829000354e+08 1.000205370566814134e+00 5.808965497851023825e-18
4.285734174901039600e+08 1.000234783544575290e+00 1.741591470694705176e-17
4.411277869262718558e+08 1.000267880245407248e+00 5.069362771028640892e-17
4.540499164369260669e+08 1.000305125229745018e+00 1.433780466370905766e-16
4.673505789623640776e+08 1.000347047175597304e+00 3.943562254219337448e-16
4.810408630188527703e+08 1.000394248985411405e+00 1.055647959381115426e-15
4.951321819429209232e+08 1.000447422136729880e+00 2.752405395507434512e-15
5.096362834064487815e+08 1.000507361034650655e+00 6.995223617111524501e-15
5.245652592104764581e+08 1.000574983136233831e+00 1.734256061403371069e-14
5.399315553659272194e+08 1.000651350335374223e+00 4.197252630151099005e-14
5.557479824696080685e+08 1.000737690989279338e+00 9.923599129819392591e-14
5.720277263841720819e+08 1.000835462394957576e+00 2.293675989407190800e-13
5.887843592309185266e+08 1.000946325719630714e+00 5.186247804382435986e-13
6.060318507046331167e+08 1.001072281797567243e+00 1.147958120603428028e-12
6.237845797198551893e+08 1.001215666922022907e+00 2.489072693280711272e-12
6.420573463983147144e+08 1.001379228510585362e+00 5.290143960019983054e-12
6.608653844075227976e+08 1.001566261387219603e+00 1.102797452198314720e-11
6.802243736607878208e+08 1.001780641285294537e+00 2.256234779843191338e-11
7.001504533892848492e+08 1.002026969196795125e+00 4.533010864179711141e-11
7.206602355970234871e+08 1.002310722405819421e+00 8.948506058768641282e-11
7.417708189099742174e+08 1.002638413305626974e+00 1.736654269362951082e-10
7.634998028308640718e+08 1.003017799555572021e+00 3.315173186446674745e-10
7.858653024115747213e+08 1.003458160704247426e+00 6.228159674243789444e-10
8.088859633553140163e+08 1.003970378157943433e+00 1.152032221653364644e-09
8.325809775611968040e+08 1.004567429881933371e+00 2.099015336015392386e-09
8.569700991241761446e+08 1.005264750519029082e+00 3.768789969181533984e-09
8.820736608036700487e+08 1.006080678814106122e+00 6.671251098852391573e-09
9.079125909745934010e+08 1.007036618670134720e+00 1.164593096668990826e-08
9.345084310749771595e+08 1.008158020472692762e+00 2.005656973003566822e-08
9.618833535646533966e+08 1.009475036025836880e+00 3.408855829660448136e-08
9.900601804100320339e+08 1.011022614929099950e+00 5.719269704654060980e-08
1.019062402110335708e+09 1.012842241318577807e+00 9.475133445293050649e-08
1.048914197281219006e+09 1.014982245223503554e+00 1.550432799913558210e-07
1.079640452812016487e+09 1.017499068326520817e+00 2.506387119428742049e-07
1.111266784613485813e+09 1.020458782028302203e+00 4.003859317993685080e-07
1.143819558973324299e+09 1.023937927732538000e+00 6.321765358646137158e-07
1.177325914537234783e+09 1.028025743766540323e+00 9.867973251185089682e-07
1.211813784933942080e+09 1.032825461851265780e+00 1.523151815963383401e-06
1.247311922062922478e+09 1.038456573985861331e+00 2.325315168267783498e-06
1.283849920064341068e+09 1.045057231064910441e+00 3.511942633300264877e-06
1.321458239991118431e+09 1.052786427795429081e+00 5.248598798848651742e-06
1.360168235203776360e+09 1.061827372313370432e+00 7.763938285570535318e-06
1.400012177509135485e+09 1.072390746093702107e+00 1.137060341162469253e-05
1.441023284064728022e+09 1.084717091621537621e+00 1.649177308340161484e-05
1.483235745071326971e+09 1.099084580102913877e+00 2.369620031716696248e-05
1.526684752276691675e+09 1.115806481119692384e+00 3.373999005319026554e-05
1.571406528314249754e+09 1.135246913228189714e+00 4.762493412946836090e-05
1.617438356901275635e+09 1.157815680040805928e+00 6.666542158508764022e-05
1.664818613921616554e+09 1.183982329076074036e+00 9.258016053098291377e-05
1.713586799418937206e+09 1.214282915923881268e+00 1.276063387698959494e-04
1.763783570527214289e+09 1.249318791181158961e+00 1.746389921368542706e-04
1.815450775365811586e+09 1.289788184534897741e+00 2.374310112382071937e-04
1.868631487927488089e+09 1.336461097039491452e+00 3.208071061346513537e-04
1.923370043988390207e+09 1.390237477727078730e+00 4.310055887112305192e-04
1.979712078069975138e+09 1.452111125899161914e+00 5.760326521186902955e-04
2.037704561483635664e+09 1.523229832072468204e+00 7.662116532914564539e-04
2.097395841489860296e+09 1.604874653029495724e+00 1.014798628927340027e-03
2.158835681604428291e+09 1.698510015480472868e+00 1.338856563593015169e-03
2.222075303085304260e+09 1.805779768646726735e+00 1.760296153377227321e-03
2.287167427634904385e+09 1.928556526578329544e+00 2.307283792242372650e-03
2.354166321353172302e+09 2.068939016171847722e+00 3.015926766422745084e-03
2.423127839978229046e+09 2.229330807306939999e+00 3.932578104903096568e-03
2.494109475452268600e+09 2.412397815732063577e+00 5.116413231296202020e-03
2.567170403851538181e+09 2.621239099570592757e+00 6.643290717997542109e-03
2.642371534720295429e+09 2.859223622747708582e+00 8.609387252074881397e-03
2.719775561850031853e+09 3.130327927742337035e+00 1.113765683212217077e-02
2.799447015546083927e+09 3.438906155425071720e+00 1.438333849359549159e-02
2.881452316425378323e+09 3.789954603788332044e+00 1.854301170523584702e-02
2.965859830790022850e+09 4.189159357358422042e+00 2.386475961561651538e-02
3.052739927623100281e+09 4.642775535253059083e+00 3.065874895214474455e-02
3.142165037253938198e+09 5.158137128329901344e+00 3.931567368386749972e-02
3.234209711741948128e+09 5.743401870680626686e+00 5.032207006782633829e-02
3.328950687029297352e+09 6.407703521648049794e+00 6.428178782047822004e-02
3.426466946914258480e+09 7.161644964945477199e+00 8.194749047644081519e-02
3.526839788898484230e+09 8.017093539478759467e+00 1.042483019248801462e-01
3.630152891963314533e+09 8.987305814296782103e+00 1.323255684830020873e-01
3.736492386331355095e+09 1.008769304159620894e+01 1.675904775651622103e-01
3.845946925271603107e+09 1.133553722106604589e+01 2.117695930349867139e-01
3.958607759008128166e+09 1.275029231087540360e+01 2.669696847934135420e-01
4.074568810793635368e+09 1.435418324584370353e+01 3.357637692054201706e-01
4.193926755211558819e+09 1.617252909635262270e+01 4.212860699385944652e-01
4.316781098771873474e+09 1.823394973214499615e+01 5.273371858723207017e-01
4.443234262867848396e+09 2.057073137307815003e+01 6.585091473044064614e-01
4.573391669162797928e+09 2.321982567620873184e+01 8.203629488284421845e-01
4.707361827478274345e+09 2.622325232292843822e+01 1.019607514050361541e+00
4.845256426256653786e+09 2.962863918820497133e+01 1.264312016482915135e+00
4.987190425673658371e+09 3.349004712331245770e+01 1.564164986141997948e+00
5.133282153478646278e+09 3.786873678602405846e+01 1.930768846024284224e+00
5.283653403642189980e+09 4.283500797156249718e+01 2.378058350801771859e+00
5.438429537893475533e+09 4.846848932752255479e+01 2.922667994458717278e+00
5.597739590232056618e+09 5.485979461207249130e+01 3.584452509098380979e+00
5.761716374501134872e+09 6.211203888651363059e+01 4.387075173855920163e+00
5.930496595111913681e+09 7.034214039609331337e+01 5.358643963544379218e+00
6.104220961011671066e+09 7.968429750553266899e+01 6.532686563984838379e+00
6.283034302990117073e+09 9.029086521422512135e+01 7.948956448896232097e+00
6.467085694422193527e+09 1.023354500825805786e+02 9.654600735104617470e+00
6.656528575547679901e+09 1.160159268244548230e+02 1.170547380750447708e+01
6.851520881391641617e+09 1.315578550314054951e+02 1.416767061917319381e+01
7.052225173431834221e+09 1.492177924791699297e+02 1.711922031045342862e+01
7.258808775123225212e+09 1.692898238548599466e+02 2.065251974586537997e+01
7.471443911392463684e+09 1.921087756870913665e+02 2.487649035358206362e+01
7.690307852218645096e+09 2.180567585822793717e+02 2.991956414276406662e+01
7.915583060419889450e+09 2.475699597511167838e+02 3.593305039594985573e+01
8.147457343769403458e+09 2.811464137526262448e+02 4.309507685499313112e+01
8.386124011567255020e+09 3.193548303925876439e+02 5.161516449002161977e+01
8.631782035798656464e+09 3.628438806322744199e+02 6.173939867225893607e+01
8.884636217013431549e+09 4.123569019718476056e+02 7.375731069308471888e+01
9.144897355064310074e+09 4.687422950792586107e+02 8.800858577999065346e+01
9.412782424846891403e+09 5.329698599961837999e+02 1.048917449692955017e+02
9.688514757187610626e+09 6.061483998607209287e+02 1.248740592032770849e+02
9.972324225030553818e+09 6.895459159899031647e+02 1.485031557347565467e+02
1.026444743507811546e+10 7.846127663333301143e+02 1.764203640949566250e+02
1.056512792504586601e+10 8.930081882083169376e+02 2.093765228959025819e+02
1.087461636669533730e+10 1.016628969861859332e+03 2.482494757269644481e+02
1.119317077481427765e+10 1.157649708573524777e+03 2.940669963596448611e+02
1.152105672231908607e+10 1.318557845126327038e+03 3.480300234921948004e+02
1.185854756165785217e+10 1.502201335512870855e+03 4.115416057826393512e+02
1.220592465269928932e+10 1.711841465157515813e+03 4.862404691345412857e+02
1.256347759729724312e+10 1.951213519949739975e+03 5.740397434345744614e+02
1.293150448072645378e+10 2.224596424742592717e+03 6.771718736979561299e+02
1.331031212019052696e+10 2.536892678149149560e+03 7.982412643133969823e+02
1.370021632061007500e+10 2.893720253804962795e+03 9.402847385419778448e+02
1.410154213790321732e+10 3.301514986908929586e+03 1.106841026428543273e+03
1.451462414997881317e+10 3.767659649488400191e+03 1.302036259979662191e+03
1.493980673566762352e+10 4.300616592926294288e+03 1.530675805861819754e+03
1.537744436182493210e+10 4.910088604205787306e+03 1.798355616423152242e+03
1.582790187884276772e+10 5.607202977575811019e+03 2.111590489994541713e+03
1.629155482481897926e+10 6.404722535578344832e+03 2.477962251722020937e+03
1.676878973863648033e+10 7.317288028305079933e+03 2.906292408259600052e+03
1.726000448221327972e+10 8.361696690470436806e+03 3.406841903047672986e+03
1.776560857219301224e+10 9.557222429543779072e+03 3.991542396191999615e+03
1.828602352135112762e+10 1.092598376454206482e+04 4.674265086221163983e+03
1.882168319000241089e+10 1.249336064240503401e+04 5.471129110980175028e+03
1.937303414770203400e+10 1.428849711315465174e+04 6.400868773296569998e+03
1.994053604554274368e+10 1.634484612106532222e+04 7.485245688799577692e+03
2.052466199935720444e+10 1.870081477000611994e+04 8.749533584217371754e+03
2.112589898414597702e+10 2.140050369903577302e+04 1.022307834687066861e+04
2.174474824005956650e+10 2.449455625864560352e+04 1.193994711395034028e+04
2.238172569027315521e+10 2.804113485446463164e+04 1.393967956901864090e+04
2.303736237110184479e+10 3.210704376570730165e+04 1.626815651101430012e+04
2.371220487471634674e+10 3.676902017245167372e+04 1.897860659113992733e+04
2.440681580482650757e+10 4.211521870166560984e+04 2.213277125537278334e+04
2.512177424571330261e+10 4.824691586517439282e+04 2.580224961703022200e+04
2.585767624500127792e+10 5.528047316444315220e+04 3.007005617034305033e+04
2.661513531057204056e+10 6.334961572296052327e+04 3.503243777893955121e+04
2.739478292203451920e+10 7.260800458967660961e+04 4.080094430643857777e+04
2.819726905717783356e+10 8.323223410285681894e+04 4.750484431555333867e+04
2.902326273384587479e+10 9.542526748373024748e+04 5.529391528908660257e+04
2.987345256768461609e+10 1.094203893362100207e+05 6.434166748145444581e+04
3.074854734622896576e+10 1.254857514142507571e+05 7.484907072171813343e+04
3.164927661980533600e+10 1.439296011549558316e+05 8.704886097230634186e+04
3.257639130974450684e+10 1.651062948855907598e+05 1.012105183674888103e+05
3.353066433441031647e+10 1.894232145619569346e+05 1.176460178863237525e+05
3.451289125356819153e+10 2.173487172089577361e+05 1.367164684406721790e+05
3.552389093162808228e+10 2.494212830579507863e+05 1.588397866696865822e+05
3.656450622031669617e+10 2.862600748058842146e+05 1.844995867948517553e+05
3.763560466134754944e+10 3.285769966967155342e+05 2.142553803199294780e+05
3.873807920967382812e+10 3.771906285552876070e+05 2.487544092967496836e+05
3.987284897792932892e+10 4.330422353927117074e+05 2.887452878405611264e+05
4.104086000267502594e+10 4.972141771382871084e+05 3.350937501969648874e+05
4.224308603309262085e+10 5.709510808298168704e+05 3.888008267456516041e+05
4.348052934278048706e+10 6.556841875711198663e+05 4.510238182984081213e+05
4.475422156533167267e+10 7.530593492318185745e+05 5.231004953559437417e+05
4.606522455438705444e+10 8.649692203260058304e+05 6.065770157246293966e+05
4.741463126888324738e+10 9.935902694023033837e+05 7.032401240798945073e+05
4.880356668423223877e+10 1.141425302238937700e+06 8.151542693591706920e+05
5.023318873019279480e+10 1.311352497399497079e+06 9.447044968073999044e+05
5.170468925621424103e+10 1.506681539490825497e+06 1.094645748836644460e+06
5.321929502506053925e+10 1.731218307430668967e+06 1.268159801927725319e+06
5.477826873553909302e+10 1.989339187807888258e+06 1.468920860848319950e+06
5.638291007518873596e+10 2.286076487984490115e+06 1.701171149774069199e+06
5.803455680380647278e+10 2.627216588208206929e+06 1.969808002387389308e+06
5.973458586871220398e+10 3.019412730554033071e+06 2.280484186244465876e+06
6.148441455268445587e+10 3.470314642218197696e+06 2.639723469239176717e+06
6.328550165552282715e+10 3.988717416143930051e+06 3.055053681146449409e+06
6.513934871022261047e+10 4.584732539747257717e+06 3.535159912855128758e+06
6.704750123477406311e+10 5.269984334677263163e+06 4.090060841267914511e+06
6.901155002063371277e+10 6.057835788757286035e+06 4.731311852996261790e+06
7.103313245893699646e+10 6.963647531564034522e+06 5.472238508823545650e+06
7.311393390556010437e+10 8.005075361531071365e+06 6.328205257142897695e+06
7.525568908617167664e+10 9.202411836123066023e+06 7.316924525861241855e+06
7.746018354244035339e+10 1.057897835031910241e+07 8.458812158911101520e+06
7.972925512060813904e+10 1.216157511598818004e+07 9.777396065194400027e+06
8.206479550366879272e+10 1.398099754764680751e+07 1.129978596281529218e+07
8.446875178842932129e+10 1.607262854860741273e+07 1.305721311765563674e+07
8.694312810876712036e+10 1.847711802405896783e+07 1.508565052053296752e+07
8.948998730644142151e+10 2.124116220400505513e+07 1.742652523068773374e+07
9.211145265084492493e+10 2.441839711225243658e+07 2.012753628074026108e+07
9.480970960913493347e+10 2.807042304186011478e+07 2.324359383446801826e+07
9.758700766821530151e+10 3.226797853432007506e+07 2.683789690408407152e+07
1.004456622100944519e+11 3.709228543386232108e+07 3.098316969997584075e+07
1.033880564421748657e+11 4.263658995713102072e+07 3.576307995637386292e+07
1.064166433840895081e+11 4.900792742674031109e+07 4.127386509772793204e+07
1.095339479127387848e+11 5.632914287117677182e+07 4.762619628853213787e+07
1.127425688672342987e+11 6.474120380898610502e+07 5.494731437143577635e+07
1.160451812155009613e+11 7.440584659543403983e+07 6.338347645994307846e+07
