# T[K] Gamma_nTOp[1/tau_n] Gamma_pTOn[1/tau_n]
# fingerprint_hash: 4e262de21509a5ed
# fingerprint: {"QED_corrections":false,"T_end_MeV":0.001,"T_start_cosmo_MeV":40.0,"analytic_distortions":false,"delta_xi_nu":0.0,"finite_mass_corrections":true,"format_version":1,"incomplete_decoupling":true,"munuOverTnu":0.0,"nevo_file":null,"nevo_file_prefix":"NEVOPRIMAT","nevo_spectral_file":null,"opposite_neutrino_chemical_potential":false,"radiative_corrections":true,"sampling_nTOp_per_decade":80,"spectral_distortions":true,"y_SZ":0.0,"y_gray":0.0}
1.160451812155007198e+07 9.999983390277757955e-01 0.000000000000000000e+00
1.194445382843508385e+07 9.999982903866279083e-01 0.000000000000000000e+00
1.229434740548801981e+07 9.999982403221133742e-01 0.000000000000000000e+00
1.265449055251050368e+07 9.999981887927833490e-01 0.000000000000000000e+00
1.302518351418111660e+07 9.999981357559761808e-01 0.000000000000000000e+00
1.340673533036361635e+07 9.999980811677841031e-01 0.000000000000000000e+00
1.379946409374797717e+07 9.999980249830203727e-01 0.000000000000000000e+00
1.420369721503815055e+07 9.999979671551889604e-01 0.000000000000000000e+00
1.461977169590851478e+07 9.999979076364516883e-01 0.000000000000000000e+00
1.504803440995584987e+07 9.999978463775982540e-01 0.000000000000000000e+00
1.548884239188134670e+07 9.999977833280135897e-01 0.000000000000000000e+00
1.594256313514404185e+07 9.999977184356468873e-01 0.000000000000000000e+00
1.640957489833307080e+07 9.999976516469792909e-01 0.000000000000000000e+00
1.689026702051510662e+07 9.999975829069897015e-01 0.000000000000000000e+00
1.738504024581887946e+07 9.999975121591212490e-01 0.000000000000000000e+00
1.789430705752837285e+07 9.999974393452472077e-01 0.000000000000000000e+00
1.841849202196240798e+07 9.999973644056336930e-01 0.000000000000000000e+00
1.895803214242760837e+07 9.999972872789054668e-01 0.000000000000000000e+00
1.951337722354025394e+07 9.999972079020076343e-01 0.000000000000000000e+00
2.008499024621973559e+07 9.999971262101697844e-01 0.000000000000000000e+00
2.067334775366751477e+07 9.999970421368700180e-01 0.000000000000000000e+00
2.127894024865204096e+07 9.999969556137986437e-01 0.000000000000000000e+00
2.190227260243212804e+07 9.999968665708246496e-01 0.000000000000000000e+00
2.254386447565865889e+07 9.999967749359630620e-01 0.000000000000000000e+00
2.320425075160592049e+07 9.999966806353423054e-01 0.000000000000000000e+00
2.388398198209420219e+07 9.999965835931788893e-01 0.000000000000000000e+00
2.458362484647430480e+07 9.999964837317494304e-01 0.000000000000000000e+00
2.530376262405800447e+07 9.999963809713692253e-01 0.000000000000000000e+00
2.604499568038682267e+07 9.999962752303748204e-01 0.000000000000000000e+00
2.680794196774604172e+07 9.999961664251092452e-01 0.000000000000000000e+00
2.759323754033992812e+07 9.999960544699136866e-01 0.000000000000000000e+00
2.840153708455819264e+07 9.999959392771246014e-01 0.000000000000000000e+00
2.923351446477630734e+07 9.999958207570767144e-01 0.000000000000000000e+00
3.008986328514331579e+07 9.999956988181158968e-01 0.000000000000000000e+00
3.097129746782724559e+07 9.999955733666173741e-01 0.000000000000000000e+00
3.187855184819832072e+07 9.999954443070180332e-01 0.000000000000000000e+00
3.281238278744807094e+07 9.999953115418561689e-01 0.000000000000000000e+00
3.377356880315344781e+07 9.999951749718273275e-01 0.000000000000000000e+00
3.476291121831235290e+07 9.999950344958556947e-01 0.000000000000000000e+00
3.578123482939223200e+07 9.999948900111794714e-01 0.000000000000000000e+00
3.682938859394711256e+07 9.999947414134588985e-01 0.000000000000000000e+00
3.790824633837836981e+07 9.999945885969063752e-01 0.000000000000000000e+00
3.901870748642701656e+07 9.999944314544401136e-01 0.000000000000000000e+00
4.016169780900728703e+07 9.999942698778686578e-01 0.000000000000000000e+00
4.133817019600404054e+07 9.999941037581059344e-01 0.000000000000000000e+00
4.254910545068005472e+07 9.999939329854261594e-01 0.000000000000000000e+00
4.379551310735325515e+07 9.999937574497563819e-01 0.000000000000000000e+00
4.507843227302657813e+07 9.999935770410195435e-01 0.000000000000000000e+00
4.639893249367284775e+07 9.999933916495294950e-01 0.000000000000000000e+00
4.775811464589476585e+07 9.999932011664450782e-01 0.000000000000000000e+00
4.915711185470598191e+07 9.999930054842931515e-01 0.000000000000000000e+00
5.059709043819620460e+07 9.999928044975677777e-01 0.000000000000000000e+00
5.207925087986870110e+07 9.999925981034158973e-01 0.000000000000000000e+00
5.360482882946188748e+07 9.999923862024185928e-01 0.000000000000000000e+00
5.517509613308683038e+07 9.999921686994821535e-01 0.000000000000000000e+00
5.679136189354267716e+07 9.999919455048535966e-01 0.000000000000000000e+00
5.845497356169053912e+07 9.999917165352736337e-01 0.000000000000000000e+00
6.016731805979927629e+07 9.999914817152851798e-01 0.000000000000000000e+00
6.192982293779598922e+07 9.999912409787184986e-01 0.000000000000000000e+00
6.374395756338880956e+07 9.999909942703731902e-01 0.000000000000000000e+00
6.561123434705124050e+07 9.999907415479222239e-01 0.000000000000000000e+00
6.753321000289034843e+07 9.999904827840669919e-01 0.000000000000000000e+00
6.951148684645150602e+07 9.999902179689716952e-01 0.000000000000000000e+00
7.154771413053803146e+07 9.999899471130154760e-01 0.000000000000000000e+00
7.364358942016379535e+07 9.999896702498983769e-01 0.000000000000000000e+00
7.580086000778134167e+07 9.999893874401462046e-01 0.000000000000000000e+00
7.802132436996677518e+07 9.999890987750668092e-01 0.000000000000000000e+00
8.030683366677752137e+07 9.999888043812080740e-01 0.000000000000000000e+00
8.265929328502891958e+07 9.999885044253833399e-01 0.000000000000000000e+00
8.508066442678131163e+07 9.999881991203342091e-01 0.000000000000000000e+00
8.757296574435649812e+07 9.999878887311088871e-01 0.000000000000000000e+00
9.013827502325230837e+07 9.999875735822444378e-01 0.000000000000000000e+00
9.277873091435243189e+07 9.999872540658507614e-01 0.000000000000000000e+00
9.549653471688136458e+07 9.999869306507116473e-01 0.000000000000000000e+00
9.829395221358637512e+07 9.999866038925225853e-01 0.000000000000000000e+00
1.011733155596781969e+08 9.999862744454116603e-01 0.000000000000000000e+00
1.041370252271060497e+08 9.999859430748945233e-01 0.000000000000000000e+00
1.071875520057871491e+08 9.999856106724476223e-01 0.000000000000000000e+00
1.103274390634579509e+08 9.999852782718917643e-01 0.000000000000000000e+00
1.135593040658666492e+08 9.999849470678146002e-01 0.000000000000000000e+00
1.168858413590708673e+08 9.999846184362781720e-01 0.000000000000000000e+00
1.203098242156668752e+08 9.999842939580964041e-01 0.000000000000000000e+00
1.238341071468138248e+08 9.999839754449953988e-01 0.000000000000000000e+00
1.274616282819872946e+08 9.999836649690124757e-01 0.000000000000000000e+00
1.311954118184435666e+08 9.999833648955320786e-01 0.000000000000000000e+00
1.350385705424373746e+08 9.999830779204046394e-01 0.000000000000000000e+00
1.389943084242920876e+08 9.999828071116504402e-01 0.000000000000000000e+00
1.430659232894937396e+08 9.999825559563108035e-01 0.000000000000000000e+00
1.472568095680249631e+08 9.999823284130802126e-01 0.000000000000000000e+00
1.515704611242395937e+08 9.999821289714290184e-01 0.000000000000000000e+00
1.560104741696303487e+08 9.999819627180109860e-01 0.000000000000000000e+00
1.605805502609273791e+08 9.999818354112534058e-01 0.000000000000000000e+00
1.652844993860153258e+08 9.999817536263335693e-01 0.000000000000000000e+00
1.701262431402502060e+08 9.999817246166003981e-01 0.000000000000000000e+00
1.751098179958217144e+08 9.999817567419541087e-01 0.000000000000000000e+00
1.802393786668825150e+08 9.999818594051126386e-01 0.000000000000000000e+00
1.855192015732608140e+08 9.999820432246693258e-01 0.000000000000000000e+00
1.909536884056296647e+08 9.999823201151171181e-01 0.000000000000000000e+00
1.965473697951165140e+08 9.999827035951215359e-01 0.000000000000000000e+00
2.023049090904033780e+08 9.999832088408924236e-01 0.000000000000000000e+00
2.082311062454790771e+08 9.999838529722731018e-01 0.000000000000000000e+00
2.143309018212690055e+08 9.999846552708404612e-01 0.000000000000000000e+00
2.206093811044900417e+08 9.999856374966812345e-01 0.000000000000000000e+00
2.270717783471610248e+08 9.999868240617770798e-01 0.000000000000000000e+00
2.337234811302981079e+08 9.999882424538780734e-01 0.000000000000000000e+00
2.405700348554467559e+08 9.999899236970860583e-01 0.000000000000000000e+00
2.476171473677769899e+08 9.999919025238329651e-01 0.000000000000000000e+00
2.548706937146100700e+08 9.999942182438619209e-01 1.977999722312418601e-28
2.623367210433326662e+08 9.999969146775723461e-01 1.142766268650537217e-27
2.700214536427979469e+08 1.000000042124804311e+00 6.294036404681199956e-27
2.779312981323959827e+08 1.000003654595612579e+00 3.307863455363941848e-26
2.860728488031346798e+08 1.000007816461778498e+00 1.661419792524311173e-25
2.944528931151782870e+08 1.000012598095578520e+00 7.986109602762426296e-25
3.030784173564286828e+08 1.000018076975794701e+00 3.677736962915427925e-24
3.119566124668592215e+08 1.000024343446177744e+00 1.624705445095149197e-23
3.210948800334758162e+08 1.000031497473334197e+00 6.892502705172299023e-23
3.305008384608782530e+08 1.000039651110154582e+00 2.811174708194374209e-22
3.401823293225855827e+08 1.000048930844947392e+00 1.103623634633208309e-21
3.501474238984055519e+08 1.000059478999228535e+00 4.174511697254143001e-21
3.604044299033194184e+08 1.000071455718719804e+00 1.522933814316867044e-20
3.709618984134646654e+08 1.000085041111758111e+00 5.364410055837856318e-20
3.818286309950104952e+08 1.000100438385464585e+00 1.826251690430328847e-19
3.930136870418622494e+08 1.000117876542711670e+00 6.014648989213719094e-19
4.045263913283039927e+08 1.000137614154125831e+00 1.918106782680527836e-18
4.163763417829000354e+08 1.000159943866183676e+00 5.928430917648747300e-18
4.285734174901039600e+08 1.000185197074878740e+00 1.777431386309402995e-17
4.411277869262718558e+08 1.000213749735955782e+00 5.173744085845549226e-17
4.540499164369260669e+08 1.000246030110671480e+00 1.463317635873850574e-16
4.673505789623640776e+08 1.000282526757727330e+00 4.024839789674159898e-16
4.810408630188527703e+08 1.000323798365824635e+00 1.077413017314391617e-15
4.951321819429209232e+08 1.000370487571229816e+00 2.809169739097130843e-15
5.096362834064487815e+08 1.000423334340331705e+00 7.139511972137959352e-15
5.245652592104764581e+08 1.000483195768944178e+00 1.770028360371608302e-14
5.399315553659272194e+08 1.000551068003565192e+00 4.283830089134001453e-14
5.557479824696080685e+08 1.000628104347028868e+00 1.012827960140285344e-13
5.720277263841720819e+08 1.000715679045338868e+00 2.340976606165664380e-13
5.887843592309185266e+08 1.000815360793021247e+00 5.293173318375720614e-13
6.060318507046331167e+08 1.000929044682335345e+00 1.171617839283277580e-12
6.237845797198551893e+08 1.001058952152030113e+00 2.540351666152626753e-12
6.420573463983147144e+08 1.001207696713921180e+00 5.399077392270671043e-12
6.608653844075227976e+08 1.001378416301781815e+00 1.125483038927049633e-11
6.802243736607878208e+08 1.001574833799124820e+00 2.302617307717774560e-11
7.001504533892848492e+08 1.001801353515288096e+00 4.626132546593662136e-11
7.206602355970234871e+08 1.002063238378433363e+00 9.132196562581753311e-11
7.417708189099742174e+08 1.002366757855146506e+00 1.772275010106848891e-10
7.634998028308640718e+08 1.002719378590397614e+00 3.383088275020245676e-10
7.858653024115747213e+08 1.003130082989743599e+00 6.355616199404666789e-10
8.088859633553140163e+08 1.003609402295102093e+00 1.175586514752131976e-09
8.325809775611968040e+08 1.004169908338445882e+00 2.141890077331452352e-09
8.569700991241761446e+08 1.004826541667548367e+00 3.845653857280714544e-09
8.820736608036700487e+08 1.005597184652013087e+00 6.807164062624351453e-09
9.079125909745934010e+08 1.006502633068505181e+00 1.188291498048673884e-08
9.345084310749771595e+08 1.007567629230991635e+00 2.046400677463201769e-08
9.618833535646533966e+08 1.008821647351864748e+00 3.478005786220168546e-08
9.900601804100320339e+08 1.010298762356707014e+00 5.835097249084680682e-08
1.019062402110335708e+09 1.012039442832445957e+00 9.666610949883873139e-08
1.048914197281219006e+09 1.014091027607340711e+00 1.581696685635197499e-07
1.079640452812016487e+09 1.016508661109318812e+00 2.556790571248685294e-07
1.111266784613485813e+09 1.019357099062977223e+00 4.084138616606379132e-07
1.143819558973324299e+09 1.022711290721451061e+00 6.448070291178241201e-07
1.177325914537234783e+09 1.026658746969422165e+00 1.006432956405960362e-06
1.211813784933942080e+09 1.031300740038520569e+00 1.553317039222793271e-06
1.247311922062922478e+09 1.036754518860262264e+00 2.371113213119588363e-06
1.283849920064341068e+09 1.043155821812534523e+00 3.580678160783940270e-06
1.321458239991118431e+09 1.050660723530067120e+00 5.350570671712885037e-06
1.360168235203776360e+09 1.059449488667450145e+00 7.913537803403649883e-06
1.400012177509135485e+09 1.069728988625575861e+00 1.158760299269418890e-05
1.441023284064728022e+09 1.081736193837292692e+00 1.680316696113384753e-05
1.483235745071326971e+09 1.095744483379479384e+00 2.413822575783678017e-05
1.526684752276691675e+09 1.112062243831924091e+00 3.436085922037470942e-05
1.571406528314249754e+09 1.131048220489470291e+00 4.848821830989087666e-05
1.617438356901275635e+09 1.153105090540844868e+00 6.785352195491702065e-05
1.664818613921616554e+09 1.178696517452602954e+00 9.420000996131862097e-05
1.713586799418937206e+09 1.208349006783754342e+00 1.297938248035931366e-04
1.763783570527214289e+09 1.242656783894664496e+00 1.775677091690077542e-04
1.815450775365811586e+09 1.282306854594961409e+00 2.413192579373619378e-04
1.868631487927488089e+09 1.328056858771479831e+00 3.259273845956750753e-04
1.923370043988390207e+09 1.380796120502388868e+00 4.377009888484417288e-04
1.979712078069975138e+09 1.441500912071520091e+00 5.847269150078405857e-04
2.037704561483635664e+09 1.511306251684098267e+00 7.774375315949550846e-04
2.097395841489860296e+09 1.591470386165791506e+00 1.029213748314688169e-03
2.158835681604428291e+09 1.683441782701424749e+00 1.357290885194137970e-03
2.222075303085304260e+09 1.788834962271033335e+00 1.783779924785404598e-03
2.287167427634904385e+09 1.909502210993593074e+00 2.337128900595291433e-03
2.354166321353172302e+09 2.047504921101360953e+00 3.053776891834904337e-03
2.423127839978229046e+09 2.205220376375483848e+00 3.980549747360097312e-03
2.494109475452268600e+09 2.385267174658054490e+00 5.177184907512986239e-03
2.567170403851538181e+09 2.590704664613174391e+00 6.720325450531296381e-03
2.642371534720295429e+09 2.824858189392159158e+00 8.707169019165657622e-03
2.719775561850031853e+09 3.091636142438737078e+00 1.126194020881194149e-02
2.799447015546083927e+09 3.395343646983446817e+00 1.454164994597770440e-02
2.881452316425378323e+09 3.740889460102754693e+00 1.874500419617349672e-02
2.965859830790022850e+09 4.133884532866028749e+00 2.412299212471097354e-02
3.052739927623100281e+09 4.580503999757619127e+00 3.098955747119937904e-02
3.142165037253938198e+09 5.087955498660575060e+00 3.973994494253298843e-02
3.234209711741948128e+09 5.664300015239998487e+00 5.086696042498192044e-02
3.328950687029297352e+09 6.318515566256498239e+00 6.498179037249263157e-02
3.426466946914258480e+09 7.061061223920305885e+00 8.284692266350809908e-02
3.526839788898484230e+09 7.903637707446056204e+00 1.054037479505292446e-01
3.630152891963314533e+09 8.859306105489634930e+00 1.338088292237039623e-01
3.736492386331355095e+09 9.943239186602653490e+00 1.694920446984490847e-01
3.845946925271603107e+09 1.117247414389900761e+01 2.142037676570313631e-01
3.958607759008128166e+09 1.256620128758073918e+01 2.700804846785741509e-01
4.074568810793635368e+09 1.414628079300741348e+01 3.397299798681077121e-01
4.193926755211558819e+09 1.593767703455619511e+01 4.263312704470371695e-01
4.316781098771873474e+09 1.796858964643467615e+01 5.337390001741165735e-01
4.443234262867848396e+09 2.027085418611066459e+01 6.666122971471134528e-01
4.573391669162797928e+09 2.288083074652928062e+01 8.305900307999477539e-01
4.707361827478274345e+09 2.583994033697326742e+01 1.032479808881288097e+00
4.845256426256653786e+09 2.919510756484769942e+01 1.280468693877394815e+00
4.987190425673658371e+09 3.299962408050046037e+01 1.584389806140024337e+00
5.133282153478646278e+09 3.731378786276277282e+01 1.956012163800693537e+00
5.283653403642189980e+09 4.220688218138229786e+01 2.409479244446806501e+00
5.438429537893475533e+09 4.775735427496648811e+01 2.961672890923078061e+00
5.597739590232056618e+09 5.405447324947144239e+01 3.632744129415463430e+00
5.761716374501134872e+09 6.119984694442568696e+01 4.446712037267556816e+00
5.930496595111913681e+09 6.930862366229388272e+01 5.432104465167446605e+00
6.104220961011671066e+09 7.851299404183835406e+01 6.622950914373828546e+00
6.283034302990117073e+09 8.896305731036336795e+01 8.059606020261046666e+00
6.467085694422193527e+09 1.008298295727940257e+02 9.789928828342061351e+00
6.656528575547679901e+09 1.143082328386314401e+02 1.187061810727573352e+01
6.851520881391641617e+09 1.296204943752290433e+02 1.436877503718399751e+01
7.052225173431834221e+09 1.470192672787990773e+02 1.736360517658043534e+01
7.258808775123225212e+09 1.667942533573077526e+02 2.094890668999470762e+01
7.471443911392463684e+09 1.892752686483179332e+02 2.523526052128152486e+01
7.690307852218645096e+09 2.148386930464917270e+02 3.035305307850272172e+01
7.915583060419889450e+09 2.439141661421299432e+02 3.645589830447926971e+01
8.147457343769403458e+09 2.769922397422219547e+02 4.372463932593996816e+01
8.386124011567255020e+09 3.146331400932164684e+02 5.237200788512610927e+01
8.631782035798656464e+09 3.574756510847272466e+02 6.264781257904710543e+01
8.884636217013431549e+09 4.062519724640676486e+02 7.484602461324564615e+01
9.144897355064310074e+09 4.617977135667808284e+02 8.931152078665601834e+01
9.412782424846891403e+09 5.250680420605430072e+02 1.064489159752779983e+02
9.688514757187610626e+09 5.971550161741027978e+02 1.267326291294454990e+02
9.972324225030553818e+09 6.793074724688177639e+02 1.507186692123137846e+02
1.026444743507811546e+10 7.729538277020071746e+02 1.790581867406474998e+02
1.056512792504586601e+10 8.797282308283058683e+02 2.125135078815440579e+02
1.087461636669533730e+10 1.001498748136446125e+03 2.519759707099801744e+02
1.119317077481427765e+10 1.140406862563481809e+03 2.984890432744014674e+02
1.152105672231908607e+10 1.298902347543684527e+03 3.532721020931143698e+02
1.185854756165785217e+10 1.479789876713227159e+03 4.177497224354763148e+02
1.220592465269928932e+10 1.686281141274010224e+03 4.935857749555273699e+02
1.256347759729724312e+10 1.922054572565332364e+03 5.827227569089718600e+02
1.293150448072645378e+10 2.191323907536781917e+03 6.874273933802412557e+02
1.331031212019052696e+10 2.498916911454060482e+03 8.103440805291754714e+02
1.370021632061007500e+10 2.850365799842121305e+03 9.545563125041469448e+02
1.410154213790321732e+10 3.252008128096059409e+03 1.123657274543974381e+03
1.451462414997881317e+10 3.711113668051079003e+03 1.321836411442027838e+03
1.493980673566762352e+10 4.236015307994127397e+03 1.553973080640359740e+03
1.537744436182493210e+10 4.836267178871439683e+03 1.825749348145058320e+03
1.582790187884276772e+10 5.522825928893774289e+03 2.143780308552176848e+03
1.629155482481897926e+10 6.308258457469869427e+03 2.515764559949245722e+03
1.676878973863648033e+10 7.206980535699917709e+03 2.950659535655349373e+03
1.726000448221327972e+10 8.235531017342716950e+03 3.458884361109834117e+03
1.776560857219301224e+10 9.412887021930253468e+03 4.052554724293743675e+03
1.828602352135112762e+10 1.076082609973563740e+04 4.745755901080663534e+03
1.882168319000241089e+10 1.230433674861349755e+04 5.554855839928664864e+03
1.937303414770203400e+10 1.407211246402900179e+04 6.498878215583084057e+03
1.994053604554274368e+10 1.609708897525599059e+04 7.599921088595408946e+03
2.052466199935720444e+10 1.841707870397947772e+04 8.883649116235032125e+03
2.112589898414597702e+10 2.107549868508604413e+04 1.037986236610253764e+04
2.174474824005956650e+10 2.412220630791789154e+04 1.212315559552621926e+04
2.238172569027315521e+10 2.761446022673459083e+04 1.415368129340107589e+04
2.303736237110184479e+10 3.161802541163174828e+04 1.651803186534181805e+04
2.371220487471634674e+10 3.620844372347775789e+04 1.927026218131528003e+04
2.440681580482650757e+10 4.147249490294958377e+04 2.247307279752962859e+04
2.512177424571330261e+10 4.750987393502726627e+04 2.619917593126040447e+04
2.585767624500127792e+10 5.443512194554851885e+04 3.053287780559604653e+04
2.661513531057204056e+10 6.237987043911925866e+04 3.557192451367764443e+04
2.739478292203451920e+10 7.149537102335412055e+04 4.142960494679718249e+04
2.819726905717783356e+10 8.195544481340673519e+04 4.823720515836604318e+04
2.902326273384587479e+10 9.395986322407184343e+04 5.614684260120346880e+04
2.987345256768461609e+10 1.077382366733567469e+05 6.533474120996273268e+04
3.074854734622896576e+10 1.235544873283497145e+05 7.600501770270756970e+04
3.164927661980533600e+10 1.417119930334327801e+05 8.839405672405993391e+04
3.257639130974450684e+10 1.625595031778516131e+05 1.027755683801031118e+05
3.353066433441031647e+10 1.864979432581225992e+05 1.194664309082147956e+05
3.451289125356819153e+10 2.139882346821282408e+05 1.388334368266588426e+05
3.552389093162808228e+10 2.455602936055753962e+05 1.613010895046622318e+05
3.656450622031669617e+10 2.818234203387423768e+05 1.873606362912129844e+05
3.763560466134754944e+10 3.234781573065640405e+05 2.175804340096431260e+05
3.873807920967382812e+10 3.713299960252247402e+05 2.526179726261163014e+05
3.987284897792932892e+10 4.263051227273202385e+05 2.932337384817104321e+05
4.104086000267502594e+10 4.894685247224620543e+05 3.403072190199874458e+05
4.224308603309262085e+10 5.620448120641384739e+05 3.948553753185340902e+05
4.348052934278048706e+10 6.454421599958903389e+05 4.580539593485628720e+05
4.475422156533167267e+10 7.412798410890402738e+05 5.312621112684695981e+05
4.606522455438705444e+10 8.514198747817524709e+05 6.160507335840838496e+05
4.741463126888324738e+10 9.780034230852498440e+05 7.142352252772646025e+05
4.880356668423223877e+10 1.123492597733350238e+06 8.279132127329538343e+05
5.023318873019279480e+10 1.290718672059938544e+06 9.595081545436442830e+05
5.170468925621424103e+10 1.482937260438106488e+06 1.111819465239723679e+06
5.321929502506053925e+10 1.703891909858589293e+06 1.288080403032857692e+06
5.477826873553909302e+10 1.957887146208345424e+06 1.492024765466694953e+06
5.638291007518873596e+10 2.249872423431999050e+06 1.727963752715196228e+06
5.803455680380647278e+10 2.585538594473534729e+06 2.000874533214514609e+06
5.973458586871220398e+10 2.971428760786243249e+06 2.316502274924966972e+06
6.148441455268445587e+10 3.415065629615701269e+06 2.681477670148495119e+06
6.328550165552282715e+10 3.925097823498931713e+06 3.103452285495032556e+06
6.513934871022261047e+10 4.511467940162719227e+06 3.591254406963166781e+06
6.704750123477406311e+10 5.185605522959423251e+06 4.155068398660846986e+06
6.901155002063371277e+10 5.960648884449440055e+06 4.806641338449433446e+06
7.103313245893699646e+10 6.851699529001811519e+06 5.559520573655762710e+06
7.311393390556010437e+10 7.876114390566132031e+06 6.429327150764504448e+06
7.525568908617167664e+10 9.053841306468175724e+06 7.434070355062277056e+06
7.746018354244035339e+10 1.040780403192131035e+07 8.594509441248567775e+06
7.972925512060813904e+10 1.196434407135748118e+07 9.934569563134754077e+06
8.206479550366879272e+10 1.375372761407929100e+07 1.148181990969882160e+07
8.446875178842932129e+10 1.581072707456580549e+07 1.326802323141829111e+07
8.694312810876712036e+10 1.817528808473644033e+07 1.532976727003341354e+07
8.948998730644142151e+10 2.089329434076083452e+07 1.770919009840841219e+07
9.211145265084492493e+10 2.401744439328089729e+07 2.045481306995667517e+07
9.480970960913493347e+10 2.760825680689863488e+07 2.362249732913568616e+07
9.758700766821530151e+10 3.173522193562823161e+07 2.727654163802199811e+07
1.004456622100944519e+11 3.647812175417801738e+07 3.149094217734594271e+07
1.033880564421748657e+11 4.192854033487059176e+07 3.635083724082874507e+07
1.064166433840895081e+11 4.819159538010800630e+07 4.195416492849218100e+07
1.095339479127387848e+11 5.538791908729511499e+07 4.841356294114653766e+07
1.127425688672342987e+11 6.365592549934102595e+07 5.585854604603459686e+07
1.160451812155009613e+11 7.315440408282309771e+07 6.443800053221446276e+07
