# T[K] Gamma_nTOp[1/tau_n] Gamma_pTOn[1/tau_n]
# fingerprint_hash: 8446ac3aae73bbd9
# fingerprint: {"QED_corrections":true,"T_end_MeV":0.001,"T_start_cosmo_MeV":100.0,"analytic_distortions":false,"delta_xi_nu":0.0,"finite_mass_corrections":false,"format_version":1,"incomplete_decoupling":false,"munuOverTnu":-0.01,"nevo_file":null,"nevo_file_prefix":"NEVOPRIMAT","nevo_spectral_file":null,"radiative_corrections":true,"sampling_nTOp_per_decade":150,"spectral_distortions":false,"y_SZ":0.0,"y_gray":0.0}
1.160451812155007198e+07 9.999999998285361569e-01 0.000000000000000000e+00
1.178433031761291809e+07 9.999999998219284425e-01 0.000000000000000000e+00
1.196692870656324737e+07 9.999999998151303249e-01 0.000000000000000000e+00
1.215235646050493419e+07 9.999999998081415820e-01 0.000000000000000000e+00
1.234065742049430311e+07 9.999999998009634350e-01 0.000000000000000000e+00
1.253187610690555163e+07 9.999999997935969942e-01 0.000000000000000000e+00
1.272605772995679639e+07 9.999999997860445911e-01 0.000000000000000000e+00
1.292324820039921999e+07 9.999999997783088901e-01 0.000000000000000000e+00
1.312349414037183113e+07 9.999999997703944432e-01 0.000000000000000000e+00
1.332684289442444220e+07 9.999999997623052472e-01 0.000000000000000000e+00
1.353334254071142524e+07 9.999999997540471863e-01 0.000000000000000000e+00
1.374304190235893987e+07 9.999999997456268108e-01 0.000000000000000000e+00
1.395599055900826678e+07 9.999999997370524474e-01 0.000000000000000000e+00
1.417223885853803717e+07 9.999999997283327557e-01 0.000000000000000000e+00
1.439183792896807566e+07 9.999999997194782830e-01 0.000000000000000000e+00
1.461483969054769725e+07 9.999999997105005756e-01 0.000000000000000000e+00
1.484129686803135276e+07 9.999999997014136222e-01 0.000000000000000000e+00
1.507126300314432755e+07 9.999999996922325218e-01 0.000000000000000000e+00
1.530479246724189445e+07 9.999999996829742610e-01 0.000000000000000000e+00
1.554194047416432761e+07 9.999999996736579355e-01 0.000000000000000000e+00
1.578276309329124913e+07 9.999999996643053057e-01 0.000000000000000000e+00
1.602731726279822551e+07 9.999999996549396863e-01 0.000000000000000000e+00
1.627566080311877280e+07 9.999999996455879447e-01 0.000000000000000000e+00
1.652785243061496504e+07 9.999999996362796129e-01 0.000000000000000000e+00
1.678395177145985141e+07 9.999999996270473313e-01 0.000000000000000000e+00
1.704401937573499978e+07 9.999999996179269601e-01 0.000000000000000000e+00
1.730811673174647242e+07 9.999999996089583565e-01 0.000000000000000000e+00
1.757630628056262806e+07 9.999999996001852631e-01 0.000000000000000000e+00
1.784865143077719212e+07 9.999999995916560858e-01 0.000000000000000000e+00
1.812521657350106537e+07 9.999999995834233379e-01 0.000000000000000000e+00
1.840606709758647159e+07 9.999999995755456395e-01 0.000000000000000000e+00
1.869126940508694202e+07 9.999999995680862730e-01 0.000000000000000000e+00
1.898089092695691064e+07 9.999999995611154047e-01 0.000000000000000000e+00
1.927500013899453729e+07 9.999999995547086407e-01 0.000000000000000000e+00
1.957366657803158462e+07 9.999999995489494697e-01 0.000000000000000000e+00
1.987696085837414861e+07 9.999999995439283751e-01 0.000000000000000000e+00
2.018495468849814311e+07 9.999999995397444996e-01 0.000000000000000000e+00
2.049772088800346479e+07 9.999999995365053129e-01 0.000000000000000000e+00
2.081533340483090654e+07 9.999999995343279435e-01 0.000000000000000000e+00
2.113786733274578676e+07 9.999999995333395120e-01 0.000000000000000000e+00
2.146539892909253761e+07 9.999999995336784631e-01 0.000000000000000000e+00
2.179800563282437995e+07 9.999999995354946769e-01 0.000000000000000000e+00
2.213576608281236142e+07 9.999999995389508012e-01 0.000000000000000000e+00
2.247876013643810898e+07 9.999999995442229173e-01 0.000000000000000000e+00
2.282706888847468048e+07 9.999999995515019835e-01 0.000000000000000000e+00
2.318077469025994465e+07 9.999999995609945014e-01 0.000000000000000000e+00
2.353996116916708648e+07 9.999999995729241808e-01 0.000000000000000000e+00
2.390471324837678671e+07 9.999999995875322734e-01 0.000000000000000000e+00
2.427511716695579141e+07 9.999999996050800144e-01 0.000000000000000000e+00
2.465126050024658069e+07 9.999999996258490675e-01 0.000000000000000000e+00
2.503323218057302758e+07 9.999999996501437449e-01 0.000000000000000000e+00
2.542112251826666296e+07 9.999999996782926726e-01 0.000000000000000000e+00
2.581502322301920131e+07 9.999999997106494565e-01 0.000000000000000000e+00
2.621502742556547374e+07 9.999999997475962354e-01 0.000000000000000000e+00
2.662122969970256090e+07 9.999999997895443471e-01 0.000000000000000000e+00
2.703372608465004340e+07 9.999999998369366594e-01 0.000000000000000000e+00
2.745261410775677487e+07 9.999999998902509013e-01 0.000000000000000000e+00
2.787799280755945295e+07 9.999999999500005510e-01 0.000000000000000000e+00
2.830996275719850883e+07 1.000000000016738610e+00 0.000000000000000000e+00
2.874862608819680288e+07 1.000000000091060048e+00 0.000000000000000000e+00
2.919408651460680366e+07 1.000000000173604464e+00 0.000000000000000000e+00
2.964644935753189772e+07 1.000000000265059752e+00 0.000000000000000000e+00
3.010582157002766803e+07 1.000000000366165542e+00 0.000000000000000000e+00
3.057231176238903776e+07 1.000000000477715867e+00 0.000000000000000000e+00
3.104603022782918811e+07 1.000000000600564709e+00 0.000000000000000000e+00
3.152708896855644137e+07 1.000000000735628891e+00 0.000000000000000000e+00
3.201560172225513682e+07 1.000000000883892515e+00 0.000000000000000000e+00
3.251168398897688091e+07 1.000000001046412956e+00 0.000000000000000000e+00
3.301545305844844505e+07 1.000000001224323976e+00 0.000000000000000000e+00
3.352702803780281544e+07 1.000000001418843043e+00 0.000000000000000000e+00
3.404652987973993272e+07 1.000000001631275781e+00 0.000000000000000000e+00
3.457408141112377495e+07 1.000000001863022625e+00 0.000000000000000000e+00
3.510980736202257872e+07 1.000000002115585707e+00 0.000000000000000000e+00
3.565383439519898593e+07 1.000000002390575293e+00 0.000000000000000000e+00
3.620629113605720550e+07 1.000000002689718226e+00 0.000000000000000000e+00
3.676730820305417478e+07 1.000000003014863914e+00 0.000000000000000000e+00
3.733701823858191818e+07 1.000000003367995216e+00 0.000000000000000000e+00
3.791555594032848626e+07 1.000000003751236655e+00 0.000000000000000000e+00
3.850305809312484413e+07 1.000000004166863743e+00 0.000000000000000000e+00
3.909966360128491372e+07 1.000000004617313865e+00 0.000000000000000000e+00
3.970551352144742757e+07 1.000000005105196488e+00 0.000000000000000000e+00
4.032075109592594206e+07 1.000000005633306932e+00 0.000000000000000000e+00
4.094552178657598794e+07 1.000000006204636804e+00 0.000000000000000000e+00
4.157997330918689817e+07 1.000000006822388432e+00 0.000000000000000000e+00
4.222425566840653867e+07 1.000000007489989740e+00 0.000000000000000000e+00
4.287852119320724159e+07 1.000000008211108682e+00 0.000000000000000000e+00
4.354292457290121913e+07 1.000000008989670119e+00 0.000000000000000000e+00
4.421762289371407777e+07 1.000000009829872472e+00 0.000000000000000000e+00
4.490277567592503130e+07 1.000000010736207257e+00 0.000000000000000000e+00
4.559854491158261150e+07 1.000000011713478409e+00 0.000000000000000000e+00
4.630509510280475020e+07 1.000000012766824042e+00 0.000000000000000000e+00
4.702259330067235976e+07 1.000000013901737983e+00 0.000000000000000000e+00
4.775120914472556859e+07 1.000000015124093755e+00 0.000000000000000000e+00
4.849111490307190269e+07 1.000000016440172335e+00 0.000000000000000000e+00
4.924248551311602443e+07 1.000000017856686130e+00 0.000000000000000000e+00
5.000549862292049825e+07 1.000000019380811400e+00 0.000000000000000000e+00
5.078033463320748508e+07 1.000000021020216456e+00 0.000000000000000000e+00
5.156717674001127481e+07 1.000000022783097409e+00 0.000000000000000000e+00
5.236621097799165547e+07 1.000000024678211474e+00 0.000000000000000000e+00
5.317762626441849768e+07 1.000000026714915391e+00 0.000000000000000000e+00
5.400161444383779913e+07 1.000000028903205607e+00 0.000000000000000000e+00
5.483837033342991769e+07 1.000000031253761135e+00 0.000000000000000000e+00
5.568809176907058060e+07 1.000000033777988850e+00 0.000000000000000000e+00
5.655097965210559964e+07 1.000000036488071897e+00 0.000000000000000000e+00
5.742723799685039371e+07 1.000000039397021645e+00 0.000000000000000000e+00
5.831707397882549465e+07 1.000000042518733867e+00 0.000000000000000000e+00
5.922069798373948038e+07 1.000000045868045806e+00 0.000000000000000000e+00
6.013832365723089874e+07 1.000000049460799900e+00 0.000000000000000000e+00
6.107016795538090169e+07 1.000000053313910398e+00 0.000000000000000000e+00
6.201645119600865245e+07 1.000000057445434631e+00 0.000000000000000000e+00
6.297739711076147109e+07 1.000000061874648960e+00 0.000000000000000000e+00
6.395323289801218361e+07 1.000000066622128703e+00 0.000000000000000000e+00
6.494418927657606453e+07 1.000000071709835847e+00 0.000000000000000000e+00
6.595050054026017338e+07 1.000000077161208534e+00 0.000000000000000000e+00
6.697240461325791478e+07 1.000000083001261642e+00 0.000000000000000000e+00
6.801014310640202463e+07 1.000000089256688707e+00 0.000000000000000000e+00
6.906396137428861856e+07 1.000000095955973389e+00 0.000000000000000000e+00
7.013410857328766584e+07 1.000000103129507822e+00 0.000000000000000000e+00
7.122083772045093775e+07 1.000000110809719622e+00 0.000000000000000000e+00
7.232440575333356857e+07 1.000000119031203782e+00 0.000000000000000000e+00
7.344507359074223042e+07 1.000000127830867225e+00 0.000000000000000000e+00
7.458310619442476332e+07 1.000000137248080456e+00 0.000000000000000000e+00
7.573877263171552122e+07 1.000000147324840327e+00 0.000000000000000000e+00
7.691234613915163279e+07 1.000000158105941894e+00 0.000000000000000000e+00
7.810410418707470596e+07 1.000000169639162051e+00 0.000000000000000000e+00
7.931432854523386061e+07 1.000000181975456925e+00 0.000000000000000000e+00
8.054330534940499067e+07 1.000000195169169714e+00 0.000000000000000000e+00
8.179132516904246807e+07 1.000000209278252061e+00 0.000000000000000000e+00
8.305868307597909868e+07 1.000000224364503199e+00 0.000000000000000000e+00
8.434567871419046819e+07 1.000000240493818637e+00 0.000000000000000000e+00
8.565261637064042687e+07 1.000000257736462173e+00 0.000000000000000000e+00
8.697980504722426832e+07 1.000000276167349211e+00 0.000000000000000000e+00
8.832755853382664919e+07 1.000000295866352085e+00 0.000000000000000000e+00
8.969619548251155019e+07 1.000000316918625121e+00 0.000000000000000000e+00
9.108603948286184669e+07 1.000000339414948369e+00 0.000000000000000000e+00
9.249741913848623633e+07 1.000000363452096641e+00 0.000000000000000000e+00
9.393066814471167326e+07 1.000000389133230083e+00 0.000000000000000000e+00
9.538612536747957766e+07 1.000000416568312067e+00 0.000000000000000000e+00
9.686413492346459627e+07 1.000000445874551724e+00 0.000000000000000000e+00
9.836504626143486798e+07 1.000000477176878011e+00 0.000000000000000000e+00
9.988921424487280846e+07 1.000000510608442195e+00 0.000000000000000000e+00
1.014369992358764559e+08 1.000000546311153871e+00 0.000000000000000000e+00
1.030087671803597659e+08 1.000000584436251616e+00 0.000000000000000000e+00
1.046048896945751756e+08 1.000000625144909616e+00 0.000000000000000000e+00
1.062257441529747695e+08 1.000000668608886478e+00 0.000000000000000000e+00
1.078717137774338573e+08 1.000000715011211572e+00 0.000000000000000000e+00
1.095431877278568894e+08 1.000000764546918886e+00 0.000000000000000000e+00
1.112405611941873878e+08 1.000000817423827293e+00 0.000000000000000000e+00
1.129642354898433983e+08 1.000000873863372552e+00 0.000000000000000000e+00
1.147146181466008723e+08 1.000000934101490380e+00 0.000000000000000000e+00
1.164921230109472573e+08 1.000000998389557472e+00 0.000000000000000000e+00
1.182971703419280052e+08 1.000001066995396926e+00 0.000000000000000000e+00
1.201301869105092436e+08 1.000001140204342054e+00 0.000000000000000000e+00
1.219916061004801840e+08 1.000001218320373919e+00 0.000000000000000000e+00
1.238818680109188110e+08 1.000001301667330589e+00 0.000000000000000000e+00
1.258014195602454841e+08 1.000001390590193440e+00 0.000000000000000000e+00
1.277507145918886960e+08 1.000001485456458283e+00 0.000000000000000000e+00
1.297302139815881997e+08 1.000001586657593755e+00 0.000000000000000000e+00
1.317403857463608384e+08 1.000001694610592295e+00 0.000000000000000000e+00
1.337817051551546305e+08 1.000001809759625049e+00 0.000000000000000000e+00
1.358546548412176967e+08 1.000001932577798458e+00 0.000000000000000000e+00
1.379597249162081480e+08 1.000002063569028099e+00 0.000000000000000000e+00
1.400974130860720873e+08 1.000002203270030643e+00 0.000000000000000000e+00
1.422682247687174082e+08 1.000002352252444604e+00 0.000000000000000000e+00
1.444726732135106027e+08 1.000002511125088533e+00 0.000000000000000000e+00
1.467112796226254404e+08 1.000002680536363542e+00 0.000000000000000000e+00
1.489845732742717564e+08 1.000002861176809033e+00 0.000000000000000000e+00
1.512930916478338540e+08 1.000003053781827411e+00 0.000000000000000000e+00
1.536373805509477854e+08 1.000003259134577993e+00 0.000000000000000000e+00
1.560179942485477626e+08 1.000003478069061646e+00 0.000000000000000000e+00
1.584354955939120650e+08 1.000003711473401502e+00 0.000000000000000000e+00
1.608904561617396772e+08 1.000003960293334160e+00 0.000000000000000000e+00
1.633834563832888305e+08 1.000004225535927382e+00 0.000000000000000000e+00
1.659150856836094260e+08 1.000004508273534487e+00 0.000000000000000000e+00
1.684859426209020317e+08 1.000004809648002979e+00 0.000000000000000000e+00
1.710966350280363262e+08 1.000005130875155190e+00 0.000000000000000000e+00
1.737477801562620401e+08 1.000005473249553578e+00 0.000000000000000000e+00
1.764400048211470246e+08 1.000005838149575998e+00 0.000000000000000000e+00
1.791739455507765412e+08 1.000006227042812279e+00 0.000000000000000000e+00
1.819502487362487614e+08 1.000006641491810733e+00 0.000000000000000000e+00
1.847695707845024765e+08 1.000007083160190824e+00 0.000000000000000000e+00
1.876325782735125422e+08 1.000007553819150186e+00 0.000000000000000000e+00
1.905399481098903120e+08 1.000008055354387082e+00 0.000000000000000000e+00
1.934923676889261007e+08 1.000008589773467627e+00 0.000000000000000000e+00
1.964905350571113229e+08 1.000009159213666621e+00 0.000000000000000000e+00
1.995351590771790445e+08 1.000009765950311103e+00 0.000000000000000000e+00
2.026269595957019329e+08 1.000010412405648808e+00 0.000000000000000000e+00
2.057666676132869124e+08 1.000011101158307270e+00 0.000000000000000000e+00
2.089550254574079216e+08 1.000011834953337786e+00 0.000000000000000000e+00
2.121927869579117596e+08 1.000012616712911528e+00 0.000000000000000000e+00
2.154807176252569854e+08 1.000013449547703104e+00 0.000000000000000000e+00
2.188195948314920366e+08 1.000014336768998424e+00 0.000000000000000000e+00
2.222102079940649271e+08 1.000015281901583508e+00 0.000000000000000000e+00
2.256533587624525726e+08 1.000016288697454847e+00 0.000000000000000000e+00
2.291498612077109218e+08 1.000017361150410400e+00 0.000000000000000000e+00
2.327005420149325728e+08 1.000018503511575174e+00 0.000000000000000000e+00
2.363062406787165999e+08 1.000019720305922011e+00 0.000000000000000000e+00
2.399678097016378045e+08 1.000021016349851299e+00 0.000000000000000000e+00
2.436861147958159745e+08 1.000022396769896682e+00 0.000000000000000000e+00
2.474620350875932574e+08 1.000023867022632684e+00 0.000000000000000000e+00
2.512964633253887594e+08 1.000025432915858659e+00 7.908817823729678948e-29
2.551903060907726884e+08 1.000027100631144306e+00 2.051631358797844551e-28
2.591444840128114223e+08 1.000028876747822260e+00 5.248281779494315006e-28
2.631599319857335687e+08 1.000030768268527437e+00 1.324209227050659204e-27
2.672375993899689615e+08 1.000032782646381735e+00 3.296157077174537510e-27
2.713784503166126013e+08 1.000034927813934438e+00 8.095800432605868875e-27
2.755834637953664660e+08 1.000037212213971127e+00 1.962454963380334981e-26
2.798536340260137916e+08 1.000039644832324104e+00 4.695844078973271253e-26
2.841899706134794354e+08 1.000042235232818655e+00 1.109395561142343337e-25
2.885934988065328598e+08 1.000044993594502385e+00 2.588221121475410380e-25
2.930652597401899099e+08 1.000047930751323699e+00 5.964041379161418318e-25
2.976063106818702817e+08 1.000051058234382673e+00 1.357641442002023516e-24
3.022177252813694477e+08 1.000054388317052068e+00 3.053615079058732494e-24
3.069005938247038126e+08 1.000057934063060427e+00 6.787449831204504384e-24
3.116560234918893576e+08 1.000061709377851660e+00 1.491211582747729855e-23
3.164851386187142134e+08 1.000065729063389419e+00 3.238830104068695057e-23
3.213890809625677466e+08 1.000070008876688954e+00 6.955496341886823152e-23
3.263690099723885655e+08 1.000074565592504516e+00 1.477177869745432305e-22
3.314261030627954006e+08 1.000079417070377730e+00 3.102949314227425074e-22
3.365615558924655318e+08 1.000084582326593141e+00 6.448002541055054635e-22
3.417765826468266249e+08 1.000090081610768067e+00 1.325728708467445604e-21
3.470724163251295090e+08 1.000095936488831549e+00 2.697318979487063481e-21
3.524503090319680572e+08 1.000102169931758711e+00 5.431581936527038857e-21
3.579115322733171582e+08 1.000108806411187823e+00 1.082689453476665651e-20
3.634573772571575642e+08 1.000115872002925510e+00 2.136639143644140915e-20
3.690891551987583041e+08 1.000123394496677198e+00 4.175161913441394486e-20
3.748081976306903362e+08 1.000131403517283912e+00 8.079686891391190652e-20
3.806158567176433802e+08 1.000139930654811327e+00 1.548667068843938211e-19
3.865135055761207938e+08 1.000149009606159156e+00 2.940534347694303862e-19
3.925025385990885496e+08 1.000158676326890150e+00 5.531724487904577337e-19
3.985843717856540680e+08 1.000168969197964497e+00 1.031149099051415209e-18
4.047604430758538246e+08 1.000179929208608209e+00 1.904884841549267012e-18
4.110322126906284690e+08 1.000191600153782279e+00 3.487877117573731558e-18
4.174011634770658016e+08 1.000204028857224481e+00 6.330775058742380286e-18
4.238688012589931488e+08 1.000217265398634758e+00 1.139234418145565197e-17
4.304366551930025220e+08 1.000231363379883831e+00 2.032760916089239076e-17
4.371062781299918890e+08 1.000246380216199382e+00 3.596932163566536453e-17
4.438792469823092222e+08 1.000262377448125850e+00 6.312566365477252668e-17
4.507571630965847373e+08 1.000279421102276300e+00 1.098909140046107293e-16
4.577416526323405504e+08 1.000297582049213929e+00 1.897812738299202544e-16
4.648343669464669228e+08 1.000316936450728278e+00 3.251873608954330521e-16
4.720369829836559296e+08 1.000337566220975027e+00 5.529107388614945538e-16
4.793512036728846431e+08 1.000359559559525824e+00 9.329732712407321218e-16
4.867787583300423026e+08 1.000383011544768719e+00 1.562526447864970067e-15
4.943214030667957664e+08 1.000408024697709175e+00 2.597646469235506378e-15
5.019809212057906389e+08 1.000434709772426878e+00 4.287234098584603776e-15
5.097591237022857666e+08 1.000463186508421920e+00 7.025354897353107754e-15
5.176578495723209381e+08 1.000493584495396160e+00 1.143147120760885702e-14
5.256789663275194168e+08 1.000526044200898079e+00 1.847256446593073964e-14
5.338243704166270494e+08 1.000560718003433935e+00 2.964772360168604644e-14
5.420959876738939285e+08 1.000597771281700465e+00 4.726523948470214954e-14
5.504957737744028568e+08 1.000637383919536605e+00 7.485582278472894374e-14
5.590257146964536905e+08 1.000679751656486927e+00 1.177846948744930863e-13
5.676878271911146641e+08 1.000725087694392723e+00 1.841524380146172575e-13
5.764841592590348721e+08 1.000773624613735757e+00 2.861124806785888917e-13
5.854167906346831322e+08 1.000825616230112569e+00 4.417857199981683198e-13
5.944878332780287266e+08 1.000881339858589403e+00 6.780261125114620528e-13
6.036994318739138842e+08 1.000941098697129661e+00 1.034391254869171526e-12
6.130537643390874863e+08 1.001005224469867283e+00 1.568809357801444779e-12
6.225530423371738195e+08 1.001074080326407767e+00 2.365620379874637939e-12
6.321995118015404940e+08 1.001148064399825177e+00 3.546922703205253727e-12
6.419954534663496017e+08 1.001227613022389606e+00 5.288490753657487166e-12
6.519431834057576656e+08 1.001313204610414065e+00 7.841985001011675142e-12
6.620450535815382004e+08 1.001405364506509299e+00 1.156578092201508337e-11
6.723034523991479874e+08 1.001504669135970582e+00 1.696751757907454932e-11
6.827208052724248171e+08 1.001611751136549433e+00 2.476252710773278996e-11
6.932995751970334053e+08 1.001727305867587070e+00 3.595368540974791379e-11
7.040422633327958584e+08 1.001852096880667009e+00 5.193992579687135049e-11
7.149514095950464010e+08 1.001986962690107452e+00 7.466301832993343493e-11
7.260295932551482916e+08 1.002132824568045200e+00 1.068051550588172126e-10
7.372794335503163338e+08 1.002290694211277033e+00 1.520535689776515377e-10
7.487035903028886318e+08 1.002461682124628828e+00 2.154532484619746116e-10
7.603047645491930246e+08 1.002647009488520702e+00 3.038753139664599566e-10
7.720856991781592369e+08 1.002848017424615046e+00 4.266353490093979187e-10
7.840491795798252821e+08 1.003066173819042950e+00 5.963051308372904141e-10
7.961980343038927317e+08 1.003303093343042018e+00 8.297778163381354423e-10
8.085351357284868956e+08 1.003560548813868802e+00 1.149654275682782561e-09
8.210634007392781973e+08 1.003840476313815566e+00 1.586036175537691030e-09
8.337857914191280603e+08 1.004145008191683619e+00 2.178855358252949952e-09
8.467053157484196424e+08 1.004476472670738474e+00 2.980849170529580388e-09
8.598250283162407875e+08 1.004837423334130175e+00 4.061387043108133861e-09
8.731480310425866842e+08 1.005230653009237640e+00 5.511334512750765411e-09
8.866774739117529392e+08 1.005659224148887310e+00 7.449246157005946932e-09
9.004165557170931101e+08 1.006126471956008128e+00 1.002914033231318038e-08
9.143685248173152208e+08 1.006636053551877907e+00 1.345036484585353318e-08
9.285366799044981003e+08 1.007191963015934499e+00 1.796989431959553730e-08
9.429243707840079069e+08 1.007798550007193539e+00 2.391764559571836990e-08
9.575349991664987803e+08 1.008460572308357284e+00 3.171563157357994316e-08
9.723720194721868038e+08 1.009183212547578368e+00 4.190151145581920655e-08
9.874389396475850344e+08 1.009972113506452107e+00 5.515764365613034111e-08
1.002739321994894743e+09 1.010833434283877397e+00 7.234689595108330385e-08
1.018276784014247060e+09 1.011773870263564357e+00 9.455610072451791175e-08
1.034054999258996606e+09 1.012800697861381272e+00 1.231490380959015917e-07
1.050077698204266429e+09 1.013921846632573676e+00 1.598310309980555865e-07
1.066348669128951907e+09 1.015145920175202665e+00 2.067261820946033293e-07
1.082871759011391401e+09 1.016482251547282001e+00 2.664704989654777297e-07
1.099650874438914537e+09 1.017940995553842320e+00 3.423242788501658752e-07
1.116689982531485558e+09 1.019533152170504442e+00 4.383045499947590781e-07
1.133993111879655838e+09 1.021270629543027164e+00 5.593428753378871381e-07
1.151564353497053146e+09 1.023166361714723749e+00 7.114741318318199783e-07
1.169407861787627220e+09 1.025234333253840724e+00 9.020556661537690051e-07
1.187527855527884483e+09 1.027489663452457958e+00 1.140026255053118011e-06
1.205928618864341497e+09 1.029948742918587179e+00 1.436212425129024058e-06
1.224614502326434612e+09 1.032629265922000883e+00 1.803679747141854828e-06
1.243589923855123758e+09 1.035550320470907559e+00 2.258143097070888168e-06
1.262859369847435951e+09 1.038732583919733221e+00 2.818451393371513693e-06
1.282427396217192411e+09 1.042198328411081176e+00 3.507131399192688486e-06
1.302298629472172976e+09 1.045971545684702075e+00 4.351021942505038005e-06
1.322477767807970285e+09 1.050078189635693438e+00 5.382018610297611645e-06
1.342969582218793631e+09 1.054546168626018909e+00 6.637896003197763149e-06
1.363778917625484943e+09 1.059405500076885609e+00 8.163264097856522193e-06
1.384910694021013021e+09 1.064688613496925784e+00 1.001068853020399797e-05
1.406369907633722782e+09 1.070430337179811620e+00 1.224191597607194019e-05
1.428161632108575344e+09 1.076668048161364188e+00 1.492927066137807286e-05
1.450291019706783295e+09 1.083442123213627761e+00 1.815734010276978501e-05
1.472763302523882866e+09 1.090795816344354296e+00 2.202473609993146433e-05
1.495583793726863146e+09 1.098775525700790290e+00 2.664617845705044593e-05
1.518757888810273170e+09 1.107431300447366151e+00 3.215494545279947580e-05
1.542291066871986866e+09 1.116816661848137882e+00 3.870542738272664420e-05
1.566188891908537626e+09 1.126989009263819730e+00 4.647619988873891622e-05
1.590457014130726576e+09 1.138010143769410565e+00 5.567358026613918894e-05
1.615101171299410820e+09 1.149946102025989347e+00 6.653536360115666929e-05
1.640127190082197428e+09 1.162867637356495232e+00 7.933532380108613506e-05
1.665540987430948496e+09 1.176850801219579079e+00 9.438840690593931369e-05
1.691348571980845928e+09 1.191976891149527873e+00 1.120562907404299942e-04
1.717556045470915318e+09 1.208332800178495647e+00 1.327538931910778974e-04
1.744169604186783075e+09 1.226011912028091677e+00 1.569571520030374576e-04
1.771195540425565243e+09 1.245114042238304020e+00 1.852112709628120693e-04
1.798640243983680964e+09 1.265745526770680307e+00 2.181401392113862831e-04
1.826510203667497396e+09 1.288021013018233685e+00 2.564584402664451439e-04
1.854812008827570677e+09 1.312062406469124864e+00 3.009831829628845904e-04
1.883552350916542530e+09 1.338000067405961113e+00 3.526486809869806209e-04
1.912738025071222544e+09 1.365973876136097998e+00 4.125236744547223578e-04
1.942375931719174385e+09 1.396133067073674017e+00 4.818296631112641655e-04
1.972473078210198879e+09 1.428636491349895454e+00 5.619621382084667499e-04
2.003036580473095179e+09 1.463655308894819207e+00 6.545177159752972465e-04
2.034073664698094368e+09 1.501371052308862586e+00 7.613196035483556006e-04
2.065591669045362234e+09 1.541977982797831492e+00 8.844518281675824373e-04
2.097598045379975080e+09 1.585684305966200247e+00 1.026297078153671919e-03
2.130100361033778667e+09 1.632711610008001690e+00 1.189577116724624363e-03
2.163106300594548702e+09 1.683296337507572016e+00 1.377401658585223352e-03
2.196623667722872734e+09 1.737692098055530376e+00 1.593325699018059618e-03
2.230660386997185230e+09 1.796168735096432156e+00 1.841408898080170017e-03
2.265224505787391663e+09 1.859014010723253563e+00 2.126287369533128198e-03
2.300324196157525063e+09 1.926536905261370558e+00 2.453258976077301711e-03
2.335967756797881126e+09 1.999065575864070743e+00 2.828368193799598706e-03
2.372163614987098217e+09 2.076950021369288191e+00 3.258511922620525511e-03
2.408920328584632397e+09 2.160566387082253570e+00 3.751564537620238893e-03
2.446246588054110050e+09 2.250314257446324184e+00 4.316499853278940244e-03
2.484151218518033028e+09 2.346619298947693277e+00 4.963541871068102330e-03
2.522643181844318390e+09 2.449939036905227852e+00 5.704346429603994635e-03
2.561731578765172005e+09 2.560759619734400694e+00 6.552174710057396580e-03
2.601425651028792858e+09 2.679598938952351794e+00 7.522107664529273721e-03
2.641734783584417343e+09 2.807013771072971231e+00 8.631305935639699972e-03
2.682668506801221371e+09 2.943595686536786715e+00 9.899252233363820333e-03
2.724236498721607208e+09 3.089974933296893322e+00 1.134805365313646709e-02
2.766448587349399090e+09 3.246829258564627896e+00 1.300281027291256067e-02
2.809314752973500729e+09 3.414878757037138168e+00 1.489194893424782180e-02
2.852845130527552605e+09 3.594890697964216120e+00 1.704764515976225914e-02
2.897050011986157894e+09 3.787690415615730721e+00 1.950634165883257873e-02
2.941939848798230648e+09 3.994154849835772847e+00 2.230920169662402308e-02
2.987525254358056068e+09 4.215218556488239621e+00 2.550269272300062159e-02
3.033817006514635563e+09 4.451887096053463999e+00 2.913931015377454678e-02
3.080826050119915485e+09 4.705228280449849088e+00 3.327817776544085560e-02
3.128563499616498947e+09 4.976380826614663633e+00 3.798585895327472040e-02
3.177040641665457726e+09 5.266571210340103448e+00 4.333736730454546687e-02
3.226268937814860821e+09 5.577102183799868662e+00 4.941695570607497479e-02
3.276260027209647655e+09 5.909361219242205365e+00 5.631919251484153455e-02
3.327025729343498230e+09 6.264843675497471231e+00 6.415038373374098990e-02
3.378578046853338718e+09 6.645139921089207036e+00 7.302962554384659355e-02
3.430929168357147217e+09 7.051942932279243514e+00 8.309021770957544795e-02
3.484091471335736275e+09 7.487077842753170565e+00 9.448163591238675774e-02
3.538077525059182644e+09 7.952486649369285843e+00 1.073709049767379159e-01
3.592900093558606625e+09 8.450234477692335489e+00 1.219444246927715858e-01
3.648572138643998146e+09 8.982554792245029063e+00 1.384108678256648350e-01
3.705106822968801022e+09 9.551814618296786463e+00 1.570025848389564882e-01
3.762517513141988754e+09 1.016054469266406457e+01 1.779785497252076576e-01
3.820817782888371944e+09 1.081146853686384723e+01 2.016276932798942156e-01
3.880021416257783890e+09 1.150748479422739656e+01 2.282712498307724325e-01
3.940142410884243965e+09 1.225168513173055373e+01 2.582662113331515297e-01
4.001194981295209408e+09 1.304740462290380165e+01 2.920102523184212595e-01
4.063193562272600174e+09 1.389818561035977318e+01 3.299442399350226429e-01
4.126152812265383244e+09 1.480781869700459730e+01 3.725574679635398900e-01
4.190087616855565071e+09 1.578037679481788302e+01 4.203932993767813819e-01
4.255013092277347565e+09 1.682020866988534280e+01 4.740536896152576785e-01
4.320944588991366386e+09 1.793194798898656828e+01 5.342045278749731896e-01
4.387897695313753128e+09 1.912059209719814490e+01 6.015847006802190755e-01
4.455888241101989746e+09 2.039146636343134844e+01 6.770106736507989220e-01
4.524932301497314453e+09 2.175025007780041975e+01 7.613840750169821314e-01
4.595046200725684166e+09 2.320307283359078809e+01 8.557039288827558154e-01
4.666246515957053185e+09 2.475646369045514206e+01 9.610719134080949466e-01
4.738550081225043297e+09 2.641739321565248133e+01 1.078702846074127919e+00
4.811973991406744957e+09 2.819337764858027384e+01 1.209940256571302442e+00
4.886535606264802933e+09 3.009243185457908965e+01 1.356263655349304154e+00
4.962252554551527023e+09 3.212311573432688050e+01 1.519301979672730507e+00
5.039142738177108765e+09 3.429466272268440008e+01 1.700854434858214415e+00
5.117224336442107201e+09 3.661690566416647385e+01 1.902898083429004128e+00
5.196515810335638046e+09 3.910036716453164729e+01 2.127607872426120483e+00
5.277035906900142670e+09 4.175639683500993726e+01 2.377382889132896082e+00
5.358803663663785934e+09 4.459708575372929573e+01 2.654855744198066692e+00
5.441838413141543388e+09 4.763536266000106423e+01 2.962917503621117277e+00
5.526159787406021118e+09 5.088518184223213581e+01 3.304754050282017630e+00
5.611787722729105949e+09 5.436142191472826113e+01 3.683857581105165480e+00
5.698742464295544624e+09 5.807999396044615281e+01 4.104058266398609156e+00
5.787044570989544868e+09 6.205807541189187759e+01 4.569572629783368534e+00
5.876714920255559921e+09 6.631397536052095631e+01 5.085015777548552940e+00
5.967774713034382820e+09 7.086728602946105582e+01 5.655444559219926504e+00
6.060245478775726318e+09 7.573916269066468487e+01 6.286420617769899799e+00
6.154149080528474808e+09 8.095215499294292272e+01 6.984023758856393371e+00
6.249507720109809875e+09 8.653040955962343617e+01 7.754910178883262617e+00
6.346343943354429245e+09 9.250000021768316572e+01 8.606393716295981378e+00
6.444680645445102692e+09 9.888873182298867448e+01 9.546461965431134900e+00
6.544541076325830460e+09 1.057263743253467680e+02 1.058384997791797488e+01
6.645948846198868752e+09 1.130450838310757860e+02 1.172814876893800040e+01
6.748927931106939316e+09 1.208791610395319509e+02 1.298982285557084815e+01
6.853502678601936340e+09 1.292653409369270605e+02 1.438030617311175874e+01
6.959697813501462936e+09 1.382433091406687709e+02 1.591214383747914418e+01
7.067538443734570503e+09 1.478554086209196328e+02 1.759901119934804115e+01
7.177050066278079033e+09 1.581469997060541459e+02 1.945583867990352189e+01
7.288258573184876442e+09 1.691670935425929088e+02 2.149899655181741664e+01
7.401190257705627441e+09 1.809679959307900674e+02 2.374631505725400515e+01
7.515871820505343437e+09 1.936057547888521526e+02 2.621724664686079720e+01
7.632330375976270676e+09 2.071409382055352069e+02 2.893310640495135644e+01
7.750593458648603439e+09 2.216382013768715353e+02 3.191709239491826011e+01
7.870689029700525284e+09 2.371668422324221979e+02 3.519449607529644908e+01
7.992645483569128990e+09 2.538017591985220065e+02 3.879301480196615870e+01
8.116491654663769722e+09 2.716229234868217759e+02 4.274277096192331982e+01
8.242256824183441162e+09 2.907160708231613739e+02 4.707658485025827844e+01
8.369970727039791107e+09 3.111738782679893234e+02 5.183037948214391832e+01
8.499663558887403488e+09 3.330953229191994751e+02 5.704319694816820174e+01
8.631365983263017654e+09 3.565865422860787817e+02 6.275755161740610077e+01
8.765109138835369110e+09 3.817622831580749789e+02 6.901995404243338328e+01
8.900924646767377853e+09 4.087451203174359762e+02 7.588092153885440894e+01
9.038844618192382812e+09 4.376665270296937251e+02 8.339543479459574371e+01
9.178901661806262970e+09 4.686686600338384778e+02 9.162361477475950267e+01
9.321128891577163696e+09 5.019034077281846180e+02 1.006307236884534433e+02
9.465559934574703217e+09 5.375337084440120634e+02 1.104877507357125808e+02
9.612228938920488358e+09 5.757357904869247704e+02 1.212722959697137668e+02
9.761170581861820221e+09 6.166979756173279839e+02 1.330685465605346280e+02
9.912420077970510483e+09 6.606223501883340532e+02 1.459680405326221262e+02
1.006601318746877289e+10 7.077274757376051184e+02 1.600707904656724168e+02
1.022198622468387222e+10 7.582469751306915668e+02 1.754852470517741381e+02
1.038037606663446045e+10 8.124316048805667378e+02 1.923292807997318619e+02
1.054122016174884987e+10 8.705525964476298668e+02 2.107316261332108525e+02
1.070455653871969604e+10 9.328999320130660635e+02 2.308318124787674037e+02
1.087042381549451637e+10 9.997849283059231311e+02 2.527814284835221770e+02
1.103886120840690231e+10 1.071544342446994506e+03 2.767459701788473581e+02
1.120990854144781494e+10 1.148538301411796510e+03 3.029047367001898010e+02
1.138360625568195534e+10 1.231153526416997238e+03 3.314524577776468846e+02
1.155999541880861473e+10 1.319808391486680648e+03 3.626016599249920205e+02
1.173911773487212181e+10 1.414950368766682232e+03 3.965824915194206142e+02
1.192101555412126160e+10 1.517060060905361070e+03 4.336448174169806293e+02
1.210573188302300262e+10 1.626657473137685429e+03 4.740612568518711782e+02
1.229331039442981911e+10 1.744298885834785779e+03 5.181269189004665350e+02
1.248379543790613937e+10 1.870581848969390421e+03 5.661620780424276518e+02
1.267723205021320915e+10 2.006153014745262226e+03 6.185160895865011526e+02
1.287366596595802307e+10 2.151704292540420283e+03 6.755669977776057067e+02
1.307314362840569115e+10 2.307979067963982743e+03 7.377249626127547799e+02
1.327571220046068001e+10 2.475781864362737451e+03 8.054372531180923716e+02
1.348141957581736374e+10 2.655973630001971742e+03 8.791876864201165063e+02
1.369031439028369331e+10 2.849479571493265667e+03 9.595010470793599779e+02
1.390244603328024483e+10 3.057301031925148891e+03 1.046949429925259437e+03
1.411786465951747131e+10 3.280509817973655572e+03 1.142151496416131522e+03
1.433662120085387230e+10 3.520258000858402738e+03 1.245778143696106554e+03
1.455876737833791733e+10 3.777792557916575333e+03 1.358560567236638235e+03
1.478435571443656158e+10 4.054448379443598242e+03 1.481289212091260424e+03
1.501343954545323753e+10 4.351660539215700737e+03 1.614821038365247659e+03
1.524607303413825607e+10 4.670982503881082266e+03 1.760089825989589372e+03
1.548231118249462509e+10 5.014077475509006945e+03 1.918104703231404528e+03
1.572220984478227997e+10 5.382733926319752754e+03 2.089959530249603631e+03
1.596582574072381401e+10 5.778888005593515118e+03 2.276845946738017119e+03
1.621321646891484261e+10 6.204613006376534031e+03 2.480051421895419026e+03
1.646444052044215012e+10 6.662138534324539251e+03 2.700971129909902629e+03
1.671955729271285820e+10 7.153878591861370296e+03 2.941124687900443860e+03
1.697862710349787521e+10 7.682418498124296093e+03 3.202153462920032325e+03
1.724171120519293976e+10 8.250539171400158011e+03 3.485835893527542794e+03
1.750887179930065918e+10 8.861251630276827200e+03 3.794108604130340609e+03
1.778017205113692856e+10 9.517781127407088206e+03 4.129062910787954024e+03
1.805567610476523209e+10 1.022359724946964707e+04 4.492964243079597509e+03
1.833544909816236115e+10 1.098245697205828947e+04 4.888279081418235364e+03
1.861955717861910248e+10 1.179838520760491883e+04 5.317670340720787863e+03
1.890806751837959671e+10 1.267571267484664713e+04 5.784022260095953243e+03
1.920104833052298355e+10 1.361912898596902232e+04 6.290474407226491167e+03
1.949856888509117508e+10 1.463365883175334602e+04 6.840415627764637975e+03
1.980069952546649170e+10 1.572470933416610569e+04 7.437515757997727633e+03
2.010751168500311661e+10 1.689813610555137348e+04 8.085768824912881428e+03
2.041907790391620255e+10 1.816021430142773897e+04 8.789485274469792785e+03
2.073547184643270874e+10 1.951769750032817683e+04 9.553332171228423249e+03
2.105676831820799255e+10 2.097790007507756673e+04 1.038238812841727304e+04
2.138304328401224136e+10 2.254866101355070714e+04 1.128213279801313911e+04
2.171437388569099045e+10 2.423841822861038236e+04 1.225849839586577582e+04
2.205083846040391541e+10 2.605631105625715645e+04 1.331793937092639862e+04
2.239251655914625931e+10 2.801213556673975472e+04 1.446741859963731804e+04
2.273948896555720901e+10 3.011643766296657850e+04 1.571447300053335857e+04
2.309183771501976013e+10 3.238064046399296785e+04 1.706730172533148652e+04
2.344964611405649185e+10 3.481698919089245464e+04 1.853474814592792245e+04
2.381299876002589035e+10 3.743866822470125771e+04 2.012638360398177610e+04
2.418198156112389374e+10 4.025995967018654483e+04 2.185261911500899441e+04
2.455668175669531250e+10 4.329617507116563502e+04 2.372468177074547202e+04
2.493718793786003494e+10 4.656380257822234853e+04 2.575472156496092794e+04
2.532359006845876312e+10 5.008070341413951974e+04 2.795595220495383546e+04
2.571597950632338333e+10 5.386602850334131654e+04 3.034262106635589589e+04
2.611444902487685776e+10 5.794040337719031231e+04 3.293014530934773211e+04
2.651909283506784439e+10 6.232617216089605063e+04 3.573528960432277381e+04
2.693000660764516449e+10 6.704729489009479585e+04 3.877612741020209796e+04
2.734728749577756119e+10 7.212957919445511652e+04 4.207221389888843260e+04
2.777103415802324677e+10 7.760098442424184759e+04 4.564481081862287829e+04
2.820134678165718460e+10 8.349149528130317049e+04 4.951683679561140889e+04
2.863832710635686874e+10 8.983341226894152351e+04 5.371308700084294833e+04
2.908207844825865936e+10 9.666173065001475334e+04 5.826051738715858664e+04
2.953270572438319778e+10 1.040139838876273425e+05 6.318818036758201924e+04
2.999031547744300079e+10 1.119306086980832042e+05 6.852750431061557902e+04
3.045501590103067017e+10 1.204554176236157655e+05 7.431265284972182417e+04
3.092691686520127106e+10 1.296354048593395855e+05 8.058044172130803054e+04
3.140612994244713593e+10 1.395212060456242471e+05 8.737069487272066181e+04
3.189276843407919312e+10 1.501676848992258892e+05 9.472669657821761211e+04
3.238694739701298904e+10 1.616336951208121900e+05 1.026950860375670163e+05
3.288878367097387695e+10 1.739826575039451127e+05 1.113263095136291668e+05
3.339839590611959457e+10 1.872832912223713356e+05 1.206751909961311903e+05
3.391590459109505844e+10 2.016093189398873365e+05 1.308007968151188979e+05
3.444143208151760101e+10 2.170401924311816110e+05 1.417670102958288626e+05
3.497510262890793610e+10 2.336620044812482665e+05 1.536432518570427783e+05
3.551704241006510925e+10 2.515671233368073590e+05 1.665043052520673082e+05
3.606737955690029144e+10 2.708551051753315842e+05 1.804310476984734123e+05
3.662624418673052979e+10 2.916338307908655261e+05 1.955113577464930131e+05
3.719376843304282379e+10 3.140190546322166338e+05 2.118398942721401108e+05
3.777008647673467255e+10 3.381355513275598641e+05 2.295190231182838324e+05
3.835533457783876801e+10 3.641185312147836667e+05 2.486599601302183873e+05
3.894965110773921204e+10 3.921130834459881880e+05 2.693824900725705666e+05
3.955317658188692474e+10 4.222756184599121334e+05 2.918161435175732477e+05
4.016605369302202606e+10 4.547756349411623087e+05 3.161016383497274364e+05
4.078842734491096497e+10 4.897950272543167812e+05 3.423905192833574838e+05
4.142044468660636902e+10 5.275299004502055468e+05 3.708466521233311505e+05
4.206225514723783875e+10 5.681927728762838524e+05 4.016480385515149683e+05
4.271401047134175110e+10 6.120117215339088580e+05 4.349863595559288515e+05
4.337586475473851776e+10 6.592326683804171626e+05 4.710688739131314796e+05
4.404797448096579742e+10 7.101221194071396021e+05 5.101206969549701898e+05
4.473049855827618408e+10 7.649661102970727952e+05 5.523842232584841549e+05
4.542359835720822906e+10 8.240730824790991610e+05 5.981215348030255409e+05
4.612743774873957062e+10 8.877773040507623227e+05 6.476172723132254323e+05
4.684218314303132629e+10 9.564375667514011730e+05 7.011779045136099448e+05
4.756800352877272034e+10 1.030440786879082210e+06 7.591347685975501081e+05
4.830507051313546753e+10 1.110206293399041519e+06 8.218476987921381369e+05
4.905355836234719086e+10 1.196184198375316104e+06 8.897040875388125423e+05
4.981364404289352417e+10 1.288859952023587422e+06 9.631227592346774181e+05
5.058550726335865021e+10 1.388759675567382481e+06 1.042558521213915432e+06
5.136933051691418457e+10 1.496448135689502582e+06 1.128500969061556971e+06
5.216529912446638489e+10 1.612534491604530951e+06 1.221479408752026036e+06
5.297360127847194672e+10 1.737678943320574239e+06 1.322068574936443241e+06
5.379442808743273926e+10 1.872590243569344049e+06 1.430887136254072422e+06
5.462797362107994080e+10 2.018032901300110389e+06 1.548603910090462770e+06
5.547443495625836945e+10 2.174835488953887951e+06 1.675945060170027427e+06
5.633401222352174377e+10 2.343887556000895333e+06 1.813692203712879680e+06
5.720690865444994354e+10 2.526148716424029320e+06 1.962690302711966913e+06
5.809333062969945526e+10 2.722659022988595534e+06 2.123856716021040455e+06
5.899348772779840851e+10 2.934535098236383405e+06 2.298178772236622404e+06
5.990759277469759369e+10 3.162981612289940007e+06 2.486723797921474557e+06
6.083586189408935547e+10 3.409304209927585907e+06 2.690650474902297836e+06
6.177851455850615692e+10 3.674904756511649117e+06 2.911205810395597946e+06
6.273577364121088409e+10 3.961295786711638328e+06 3.149737838704551570e+06
6.370786546889126587e+10 4.270116572964151390e+06 3.407709833645875566e+06
6.469501987517070007e+10 4.603127294238866307e+06 3.686696537211825605e+06
6.569747025494829559e+10 4.962227189234111458e+06 3.988400213504327927e+06
6.671545361958090973e+10 5.349474729839290492e+06 4.314668594894650392e+06
6.774921065292021179e+10 5.767080287230664864e+06 4.667490040743504651e+06
6.879898576821803284e+10 6.217428975555547513e+06 5.049013852908550762e+06
6.986502716591351318e+10 6.703105901176690124e+06 5.461572865156561136e+06
7.094758689231559753e+10 7.226887041435681283e+06 5.907677321006433107e+06
7.204692089919517517e+10 7.791768120272815228e+06 6.390040685538229533e+06
7.316328910429875183e+10 8.400995992998175323e+06 6.911607889471681789e+06
7.429695545280467224e+10 9.058057368949608877e+06 7.475547649491058663e+06
7.544818797972360229e+10 9.766715184569567442e+06 8.085285147977940738e+06
7.661725887327552795e+10 1.053104789219179749e+07 8.744537573135534301e+06
7.780444453923883057e+10 1.135543551169998012e+07 9.457304489010207355e+06
7.901002566630638123e+10 1.224460518050583266e+07 1.022790897360865958e+07
8.023428729244435120e+10 1.320368045539230295e+07 1.106104242981844582e+07
8.147751887228942871e+10 1.423816382062617317e+07 1.196175231051459536e+07
8.274001434557991028e+10 1.535399444512820989e+07 1.293549450711508654e+07
8.402207220665780640e+10 1.655760954336639680e+07 1.398818940411933139e+07
8.532399557503701782e+10 1.785592247403098270e+07 1.512620627535928600e+07
8.664609226707601929e+10 1.925639575275506079e+07 1.635642979413962550e+07
8.798867486874992371e+10 2.076711758742775396e+07 1.768633027811482176e+07
8.935206080956144714e+10 2.239677508485286310e+07 1.912394441757738590e+07
9.073657243758566284e+10 2.415474572065486759e+07 2.067795897964907065e+07
9.214253709568925476e+10 2.605119316411145031e+07 2.235779913190425560e+07
9.357028719891931152e+10 2.809703390845376998e+07 2.417360413185726106e+07
9.502016031310092163e+10 3.030405284408961236e+07 2.613633350634679571e+07
9.649249923464677429e+10 3.268502319456856698e+07 2.825787805394257233e+07
9.798765207160548401e+10 3.525366415402162075e+07 3.055102849164100364e+07
9.950597232596549988e+10 3.802478726822499931e+07 3.302961043080427498e+07
1.010478189772343445e+11 4.101444586093879491e+07 3.570862324548552185e+07
1.026135565673127899e+11 4.423988335341569036e+07 3.860420153068567067e+07
1.042035552866842499e+11 4.771971709692256898e+07 4.173378527453124523e+07
1.058181910619396820e+11 5.147412461656473577e+07 4.511629362037745863e+07
1.074578456446586761e+11 5.552477998184815794e+07 4.877207698511707783e+07
1.091229067016676788e+11 5.989508542194028199e+07 5.272313223197464645e+07
1.108137679066969299e+11 6.461040509816050529e+07 5.699332152307942510e+07
1.125308290334574432e+11 6.969798442852002382e+07 6.160831077613545209e+07
1.142744960501604004e+11 7.518724248727849126e+07 6.659584221235599369e+07
1.160451812155009613e+11 8.111006438716404140e+07 7.198600901327684522e+07
