# T[K] Gamma_nTOp[1/tau_n] Gamma_pTOn[1/tau_n]
# fingerprint_hash: e7b24a6c190e80ff
# fingerprint: {"QED_corrections":true,"T_end_MeV":0.001,"T_start_cosmo_MeV":40.0,"analytic_distortions":false,"finite_mass_corrections":true,"format_version":1,"incomplete_decoupling":true,"munuOverTnu":0.0,"nevo_file":null,"nevo_file_prefix":"NEVOPRIMAT","nevo_spectral_file":null,"radiative_corrections":false,"sampling_nTOp_per_decade":80,"spectral_distortions":false,"y_SZ":0.0,"y_gray":0.0}
1.160451812155007198e+07 9.999983981482334361e-01 0.000000000000000000e+00
1.194445382843508385e+07 9.999983512354131410e-01 0.000000000000000000e+00
1.229434740548801981e+07 9.999983029500375542e-01 0.000000000000000000e+00
1.265449055251050368e+07 9.999982532521639600e-01 0.000000000000000000e+00
1.302518351418111660e+07 9.999982021006811328e-01 0.000000000000000000e+00
1.340673533036361635e+07 9.999981494532775850e-01 0.000000000000000000e+00
1.379946409374797717e+07 9.999980952664119238e-01 0.000000000000000000e+00
1.420369721503815055e+07 9.999980394952823204e-01 0.000000000000000000e+00
1.461977169590851478e+07 9.999979820937962005e-01 0.000000000000000000e+00
1.504803440995584987e+07 9.999979230145426001e-01 0.000000000000000000e+00
1.548884239188134670e+07 9.999978622087603020e-01 0.000000000000000000e+00
1.594256313514404185e+07 9.999977996263101909e-01 0.000000000000000000e+00
1.640957489833307080e+07 9.999977352156435018e-01 0.000000000000000000e+00
1.689026702051510662e+07 9.999976689237713989e-01 0.000000000000000000e+00
1.738504024581887946e+07 9.999976006962331132e-01 0.000000000000000000e+00
1.789430705752837285e+07 9.999975304770634121e-01 0.000000000000000000e+00
1.841849202196240798e+07 9.999974582087588493e-01 0.000000000000000000e+00
1.895803214242760837e+07 9.999973838322454567e-01 0.000000000000000000e+00
1.951337722354025394e+07 9.999973072868425517e-01 0.000000000000000000e+00
2.008499024621973559e+07 9.999972285102314284e-01 0.000000000000000000e+00
2.067334775366751477e+07 9.999971474384204972e-01 0.000000000000000000e+00
2.127894024865204096e+07 9.999970640057130877e-01 0.000000000000000000e+00
2.190227260243212804e+07 9.999969781446772510e-01 0.000000000000000000e+00
2.254386447565865889e+07 9.999968897861148953e-01 0.000000000000000000e+00
2.320425075160592049e+07 9.999967988590365842e-01 0.000000000000000000e+00
2.388398198209420219e+07 9.999967052906358900e-01 0.000000000000000000e+00
2.458362484647430480e+07 9.999966090062683000e-01 0.000000000000000000e+00
2.530376262405800447e+07 9.999965099294342297e-01 0.000000000000000000e+00
2.604499568038682267e+07 9.999964079817654783e-01 0.000000000000000000e+00
2.680794196774604172e+07 9.999963030830160138e-01 0.000000000000000000e+00
2.759323754033992812e+07 9.999961951510601965e-01 0.000000000000000000e+00
2.840153708455819264e+07 9.999960841018940005e-01 0.000000000000000000e+00
2.923351446477630734e+07 9.999959698496470040e-01 0.000000000000000000e+00
3.008986328514331579e+07 9.999958523065997085e-01 0.000000000000000000e+00
3.097129746782724559e+07 9.999957313832110728e-01 0.000000000000000000e+00
3.187855184819832072e+07 9.999956069881578147e-01 0.000000000000000000e+00
3.281238278744807094e+07 9.999954790283845929e-01 0.000000000000000000e+00
3.377356880315344781e+07 9.999953474091680672e-01 0.000000000000000000e+00
3.476291121831235290e+07 9.999952120341981665e-01 0.000000000000000000e+00
3.578123482939223200e+07 9.999950728056771210e-01 0.000000000000000000e+00
3.682938859394711256e+07 9.999949296244380337e-01 0.000000000000000000e+00
3.790824633837836981e+07 9.999947823900887656e-01 0.000000000000000000e+00
3.901870748642701656e+07 9.999946310011808004e-01 0.000000000000000000e+00
4.016169780900728703e+07 9.999944753554094179e-01 0.000000000000000000e+00
4.133817019600404054e+07 9.999943153498478399e-01 0.000000000000000000e+00
4.254910545068005472e+07 9.999941508812193458e-01 0.000000000000000000e+00
4.379551310735325515e+07 9.999939818462131313e-01 0.000000000000000000e+00
4.507843227302657813e+07 9.999938081418500158e-01 0.000000000000000000e+00
4.639893249367284775e+07 9.999936296659032164e-01 0.000000000000000000e+00
4.775811464589476585e+07 9.999934463173815180e-01 0.000000000000000000e+00
4.915711185470598191e+07 9.999932579970837176e-01 0.000000000000000000e+00
5.059709043819620460e+07 9.999930646082320074e-01 0.000000000000000000e+00
5.207925087986870110e+07 9.999928660571952843e-01 0.000000000000000000e+00
5.360482882946188748e+07 9.999926622543151566e-01 0.000000000000000000e+00
5.517509613308683038e+07 9.999924531148415285e-01 0.000000000000000000e+00
5.679136189354267716e+07 9.999922385600018560e-01 0.000000000000000000e+00
5.845497356169053912e+07 9.999920185182100685e-01 0.000000000000000000e+00
6.016731805979927629e+07 9.999917929264401373e-01 0.000000000000000000e+00
6.192982293779598922e+07 9.999915617317813865e-01 0.000000000000000000e+00
6.374395756338880956e+07 9.999913248931989740e-01 0.000000000000000000e+00
6.561123434705124050e+07 9.999910823835257423e-01 0.000000000000000000e+00
6.753321000289034843e+07 9.999908341917130850e-01 0.000000000000000000e+00
6.951148684645150602e+07 9.999905803253743564e-01 0.000000000000000000e+00
7.154771413053803146e+07 9.999903208136554644e-01 0.000000000000000000e+00
7.364358942016379535e+07 9.999900557104743903e-01 0.000000000000000000e+00
7.580086000778134167e+07 9.999897850981750436e-01 0.000000000000000000e+00
7.802132436996677518e+07 9.999895090916472995e-01 0.000000000000000000e+00
8.030683366677752137e+07 9.999892278429687309e-01 0.000000000000000000e+00
8.265929328502891958e+07 9.999889415466350906e-01 0.000000000000000000e+00
8.508066442678131163e+07 9.999886504454504887e-01 0.000000000000000000e+00
8.757296574435649812e+07 9.999883548371591990e-01 0.000000000000000000e+00
9.013827502325230837e+07 9.999880550819105762e-01 0.000000000000000000e+00
9.277873091435243189e+07 9.999877516106588926e-01 0.000000000000000000e+00
9.549653471688136458e+07 9.999874449346151106e-01 0.000000000000000000e+00
9.829395221358637512e+07 9.999871356558762692e-01 0.000000000000000000e+00
1.011733155596781969e+08 9.999868244793835848e-01 0.000000000000000000e+00
1.041370252271060497e+08 9.999865122263654760e-01 0.000000000000000000e+00
1.071875520057871491e+08 9.999861998494518067e-01 0.000000000000000000e+00
1.103274390634579509e+08 9.999858884496670708e-01 0.000000000000000000e+00
1.135593040658666492e+08 9.999855792955261169e-01 0.000000000000000000e+00
1.168858413590708673e+08 9.999852738444996447e-01 0.000000000000000000e+00
1.203098242156668752e+08 9.999849737671323568e-01 0.000000000000000000e+00
1.238341071468138248e+08 9.999846809741429476e-01 0.000000000000000000e+00
1.274616282819872946e+08 9.999843976468744122e-01 0.000000000000000000e+00
1.311954118184435666e+08 9.999841262715006840e-01 0.000000000000000000e+00
1.350385705424373746e+08 9.999838696774516755e-01 0.000000000000000000e+00
1.389943084242920876e+08 9.999836310805786388e-01 0.000000000000000000e+00
1.430659232894937396e+08 9.999834141316341629e-01 0.000000000000000000e+00
1.472568095680249631e+08 9.999832229707241726e-01 0.000000000000000000e+00
1.515704611242395937e+08 9.999830622884602338e-01 0.000000000000000000e+00
1.560104741696303487e+08 9.999829373946377276e-01 0.000000000000000000e+00
1.605805502609273791e+08 9.999828542953561605e-01 0.000000000000000000e+00
1.652844993860153258e+08 9.999828197796246654e-01 0.000000000000000000e+00
1.701262431402502060e+08 9.999828415166053253e-01 0.000000000000000000e+00
1.751098179958217144e+08 9.999829281648083823e-01 0.000000000000000000e+00
1.802393786668825150e+08 9.999830894946942772e-01 0.000000000000000000e+00
1.855192015732608140e+08 9.999833365263327556e-01 0.000000000000000000e+00
1.909536884056296647e+08 9.999836816839591247e-01 0.000000000000000000e+00
1.965473697951165140e+08 9.999841389695016680e-01 0.000000000000000000e+00
2.023049090904033780e+08 9.999847241573994738e-01 0.000000000000000000e+00
2.082311062454790771e+08 9.999854550133232545e-01 0.000000000000000000e+00
2.143309018212690055e+08 9.999863515397412472e-01 0.000000000000000000e+00
2.206093811044900417e+08 9.999874362515535076e-01 0.000000000000000000e+00
2.270717783471610248e+08 9.999887344856612792e-01 0.000000000000000000e+00
2.337234811302981079e+08 9.999902747483991883e-01 0.000000000000000000e+00
2.405700348554467559e+08 9.999920891055501526e-01 0.000000000000000000e+00
2.476171473677769899e+08 9.999942136203807674e-01 0.000000000000000000e+00
2.548706937146100700e+08 9.999966888454178138e-01 1.973064503572541393e-28
2.623367210433326662e+08 9.999995603747409145e-01 1.140173620922212623e-27
2.700214536427979469e+08 1.000002879464083172e+00 6.280173806023960404e-27
2.779312981323959827e+08 1.000006703728378854e+00 3.301633944804590894e-26
2.860728488031346798e+08 1.000011097924219605e+00 1.658866604695333881e-25
2.944528931151782870e+08 1.000016134831504644e+00 7.975750929419456588e-25
3.030784173564286828e+08 1.000021896244943642e+00 3.674054786339376841e-24
3.119566124668592215e+08 1.000028474092400810e+00 1.623508217943671040e-23
3.210948800334758162e+08 1.000035971695050430e+00 6.889759395787866270e-23
3.305008384608782530e+08 1.000044505194176203e+00 2.811160679394027028e-22
3.401823293225855827e+08 1.000054205168704691e+00 1.104019180925244936e-21
3.501474238984055519e+08 1.000065218473637829e+00 4.177732160169656008e-21
3.604044299033194184e+08 1.000077710337520243e+00 1.524853625133377804e-20
3.709618984134646654e+08 1.000091866766540605e+00 5.373747122196092317e-20
3.818286309950104952e+08 1.000107897318071259e+00 1.830263366696127245e-19
3.930136870418622494e+08 1.000126038325923838e+00 6.030474352643345282e-19
4.045263913283039927e+08 1.000146556586442914e+00 1.923950131731274813e-18
4.163763417829000354e+08 1.000169753780088211e+00 5.948849379061203706e-18
4.285734174901039600e+08 1.000195971623415669e+00 1.784231662348506733e-17
4.411277869262718558e+08 1.000225597994615745e+00 5.195427946851559463e-17
4.540499164369260669e+08 1.000259074241297341e+00 1.469964612956837914e-16
4.673505789623640776e+08 1.000296903940723237e+00 4.044482930216150516e-16
4.810408630188527703e+08 1.000339663447533667e+00 1.083020664231357278e-15
4.951321819429209232e+08 1.000388014636850453e+00 2.824668655355439475e-15
5.096362834064487815e+08 1.000442720692933829e+00 7.181051916859430208e-15
5.245652592104764581e+08 1.000504665376387825e+00 1.780841463921146425e-14
5.399315553659272194e+08 1.000574873261002917e+00 4.311185856376090882e-14
5.557479824696080685e+08 1.000654539579238778e+00 1.019564974004314072e-13
5.720277263841720819e+08 1.000745063050144879e+00 2.357142800903445405e-13
5.887843592309185266e+08 1.000848086219253918e+00 5.331010378029298714e-13
6.060318507046331167e+08 1.000965544242123251e+00 1.180264126705175297e-12
6.237845797198551893e+08 1.001099723608338987e+00 2.559656514408551673e-12
6.420573463983147144e+08 1.001253337653564168e+00 5.441259345304991716e-12
6.608653844075227976e+08 1.001429606656170090e+00 1.134505240708737414e-11
6.802243736607878208e+08 1.001632355019263620e+00 2.321490968641522927e-11
7.001504533892848492e+08 1.001866137136987467e+00 4.664849730309611467e-11
7.206602355970234871e+08 1.002136369892579815e+00 9.210090070987779372e-11
7.417708189099742174e+08 1.002449514367594441e+00 1.787657494901066475e-10
7.634998028308640718e+08 1.002813276509970208e+00 3.412947586751631029e-10
7.858653024115747213e+08 1.003236871912504879e+00 6.412495086598175042e-10
8.088859633553140163e+08 1.003731167034016991e+00 1.186240037787232927e-09
8.325809775611968040e+08 1.004309103075716747e+00 2.161516207865723130e-09
8.569700991241761446e+08 1.004986118879433565e+00 3.881297246599312209e-09
8.820736608036700487e+08 1.005780508441036503e+00 6.870764674878993198e-09
9.079125909745934010e+08 1.006713752886737145e+00 1.199475614267639604e-08
9.345084310749771595e+08 1.007811369599490359e+00 2.065808101991064905e-08
9.618833535646533966e+08 1.009103542461258884e+00 3.511155573141996852e-08
9.900601804100320339e+08 1.010625416493706519e+00 5.890955558110022007e-08
1.019062402110335708e+09 1.012418684164872573e+00 9.759557293809002647e-08
1.048914197281219006e+09 1.014531918673563737e+00 1.596952621193697848e-07
1.079640452812016487e+09 1.017021907002948033e+00 2.581520264555930384e-07
1.111266784613485813e+09 1.019955206141979653e+00 4.123730647503061026e-07
1.143819558973324299e+09 1.023408811283060160e+00 6.510678552073455861e-07
1.177325914537234783e+09 1.027472842567011213e+00 1.016224433537956253e-06
1.211813784933942080e+09 1.032251148877304292e+00 1.568447915829292424e-06
1.247311922062922478e+09 1.037864464347319604e+00 2.394253147814765303e-06
1.283849920064341068e+09 1.044451965489403555e+00 3.615671599397832271e-06
1.321458239991118431e+09 1.052174313195080257e+00 5.402976807709997438e-06
1.360168235203776360e+09 1.061216365348689239e+00 7.991221015584376006e-06
1.400012177509135485e+09 1.071790703179266169e+00 1.170167266653753121e-05
1.441023284064728022e+09 1.084140834404802911e+00 1.696919580801257180e-05
1.483235745071326971e+09 1.098546601654324828e+00 2.437759323151511364e-05
1.526684752276691675e+09 1.115326498025620339e+00 3.470364514019892900e-05
1.571406528314249754e+09 1.134846540534367509e+00 4.897480519701856699e-05
1.617438356901275635e+09 1.157521938187894284e+00 6.853977006544237729e-05
1.664818613921616554e+09 1.183827124357020422e+00 9.516099976929727412e-05
1.713586799418937206e+09 1.214302817021106540e+00 1.311312722607559480e-04
1.763783570527214289e+09 1.249560240392985522e+00 1.794197839393841360e-04
1.815450775365811586e+09 1.290300635982578159e+00 2.438690110629736360e-04
1.868631487927488089e+09 1.337308093858492697e+00 3.294266112317469791e-04
1.923370043988390207e+09 1.391487572606859402e+00 4.424804319162683000e-04
1.979712078069975138e+09 1.453847463646749105e+00 5.912376492629384337e-04
2.037704561483635664e+09 1.525546179851049677e+00 7.862769451507861185e-04
2.097395841489860296e+09 1.607881321449851519e+00 1.041191894565898042e-03
2.158835681604428291e+09 1.702332365488256505e+00 1.373482752468373723e-03
2.222075303085304260e+09 1.810563271034779209e+00 1.805637904129082493e-03
2.287167427634904385e+09 1.934466725402481213e+00 2.366579231822924737e-03
2.354166321353172302e+09 2.076167719851936599e+00 3.093414359968528135e-03
2.423127839978229046e+09 2.238091876967740035e+00 4.033794565295560630e-03
2.494109475452268600e+09 2.422948477570639803e+00 5.248652923294549674e-03
2.567170403851538181e+09 2.633851873205253380e+00 6.816045672646373239e-03
2.642371534720295429e+09 2.874241170127890488e+00 8.835214945119022195e-03
2.719775561850031853e+09 3.148111463028095969e+00 1.143287092891203012e-02
2.799447015546083927e+09 3.459881294001256880e+00 1.476930676278985846e-02
2.881452316425378323e+09 3.814604563860124031e+00 1.904757529704992694e-02
2.965859830790022850e+09 4.218013353415641653e+00 2.452392823753047485e-02
3.052739927623100281e+09 4.676500384881648209e+00 3.151972430452403690e-02
3.142165037253938198e+09 5.197426734739773124e+00 4.043880149682414771e-02
3.234209711741948128e+09 5.789053373550181902e+00 5.178498266439852254e-02
3.328950687029297352e+09 6.460678696460123938e+00 6.618468567665465596e-02
3.426466946914258480e+09 7.222981699514126497e+00 8.441752145333954183e-02
3.526839788898484230e+09 8.087955447538254461e+00 1.074466734018485470e-01
3.630152891963314533e+09 9.069145058214488131e+00 1.364591219276720113e-01
3.736492386331355095e+09 1.018203329528954093e+01 1.729175193412582356e-01
3.845946925271603107e+09 1.144415570994519271e+01 2.186159345053245440e-01
3.958607759008128166e+09 1.287522192749698391e+01 2.757435744325890670e-01
4.074568810793635368e+09 1.449775280507596875e+01 3.469754815889115607e-01
4.193926755211558819e+09 1.633737456418346667e+01 4.355702459405693117e-01
4.316781098771873474e+09 1.842305363136350849e+01 5.454799213440579830e-01
4.443234262867848396e+09 2.078760666079200803e+01 6.814876975933980008e-01
4.573391669162797928e+09 2.346837841294293270e+01 8.493773643618912628e-01
4.707361827478274345e+09 2.650797130250353817e+01 1.056135502506851509e+00
4.845256426256653786e+09 2.995463919912802098e+01 1.310165194275927369e+00
4.987190425673658371e+09 3.386322295484633571e+01 1.621562892173292747e+00
5.133282153478646278e+09 3.829579445655996750e+01 2.002416644795424361e+00
5.283653403642189980e+09 4.332361564088977701e+01 2.467251515024334374e+00
5.438429537893475533e+09 4.902742059083683301e+01 3.033410598557597204e+00
5.597739590232056618e+09 5.549908979995039715e+01 3.721599203568151104e+00
5.761716374501134872e+09 6.284303906635647508e+01 4.556482446032435796e+00
5.930496595111913681e+09 7.117831817721182119e+01 5.567438181712840439e+00
6.104220961011671066e+09 8.064061813489367125e+01 6.789407945089440233e+00
6.283034302990117073e+09 9.138458940533597286e+01 8.263896606567145753e+00
6.467085694422193527e+09 1.035863855107436819e+02 1.004012876738346982e+01
6.656528575547679901e+09 1.174467213784292881e+02 1.217641947515203427e+01
6.851520881391641617e+09 1.331944188360376415e+02 1.474178742653993091e+01
7.052225173431834221e+09 1.510904953809432527e+02 1.781785158111819811e+01
7.258808775123225212e+09 1.714326989167765021e+02 2.150103000657924568e+01
7.471443911392463684e+09 1.945611918008869736e+02 2.590519874854052418e+01
7.690307852218645096e+09 2.208639183303213827e+02 3.116460491109230091e+01
7.915583060419889450e+09 2.507837788616930652e+02 3.743744032304795155e+01
8.147457343769403458e+09 2.848265355145882154e+02 4.490996716113325959e+01
8.386124011567255020e+09 3.235697128247883256e+02 5.380130121782011088e+01
8.631782035798656464e+09 3.676724782090846020e+02 6.436891348237031707e+01
8.884636217013431549e+09 4.178897636460549734e+02 7.691569351003175825e+01
9.144897355064310074e+09 4.750835612647138078e+02 9.179709655827934967e+01
9.412782424846891403e+09 5.402393457934829257e+02 1.094302351711701817e+02
9.688514757187610626e+09 6.144839556093164674e+02 1.303042702012149903e+02
9.972324225030553818e+09 6.991061745318113481e+02 1.549925365174783565e+02
1.026444743507811546e+10 7.955803126831262944e+02 1.841666608733267765e+02
1.056512792504586601e+10 9.055922068197443195e+02 2.186126867999479941e+02
1.087461636669533730e+10 1.031073170230122287e+03 2.592510598842657714e+02
1.119317077481427765e+10 1.174232605643211855e+03 3.071580330295643080e+02
1.152105672231908607e+10 1.337600125220615837e+03 3.635919301257011966e+02
1.185854756165785217e+10 1.524072898191928289e+03 4.300234343947662978e+02
1.220592465269928932e+10 1.736968524687159515e+03 5.081703151239864269e+02
1.256347759729724312e+10 1.980087258341797451e+03 6.000382833838674514e+02
1.293150448072645378e+10 2.257782983429371598e+03 7.079683281234956667e+02
1.331031212019052696e+10 2.575044026139154539e+03 8.346914546809907733e+02
1.370021632061007500e+10 2.937588578348575993e+03 9.833932466380357482e+02
1.410154213790321732e+10 3.351970477975360609e+03 1.157787434216702422e+03
1.451462414997881317e+10 3.825701316842827055e+03 1.362201459020448510e+03
1.493980673566762352e+10 4.367398437538871804e+03 1.601678938747140819e+03
1.537744436182493210e+10 4.986941733134084643e+03 1.882093311220527085e+03
1.582790187884276772e+10 5.695662976536255883e+03 2.210283323717159874e+03
1.629155482481897926e+10 6.506561026764527014e+03 2.594209302767014833e+03
1.676878973863648033e+10 7.434549143352973260e+03 3.043134416414899988e+03
1.726000448221327972e+10 8.496739222828284255e+03 3.567834886712252683e+03
1.776560857219301224e+10 9.712768492378145311e+03 4.180843730414750098e+03
1.828602352135112762e+10 1.110517502598144165e+04 4.896733322696145478e+03
1.882168319000241089e+10 1.269982329693231986e+04 5.732439963675816216e+03
1.937303414770203400e+10 1.452641760959350904e+04 6.707651607673491526e+03
1.994053604554274368e+10 1.661905639487717781e+04 7.845239997689966913e+03
2.052466199935720444e+10 1.901689342480414416e+04 9.171772598355144510e+03
2.112589898414597702e+10 2.176489167810678919e+04 1.071810254635656929e+04
2.174474824005956650e+10 2.491469052552810535e+04 1.252005204455833700e+04
2.238172569027315521e+10 2.852560293264610300e+04 1.461920369232881785e+04
2.303736237110184479e+10 3.266576213504604311e+04 1.706381661103219813e+04
2.371220487471634674e+10 3.741344033154904901e+04 1.990988692786720640e+04
2.440681580482650757e+10 4.285856254724963947e+04 2.322237370844546967e+04
2.512177424571330261e+10 4.910445378826408705e+04 2.707662089114473201e+04
2.585767624500127792e+10 5.626985142241403810e+04 3.156000428689806722e+04
2.661513531057204056e+10 6.449120197264737362e+04 3.677382720825131400e+04
2.739478292203451920e+10 7.392531669690778654e+04 4.283552067956046812e+04
2.819726905717783356e+10 8.475243443687923718e+04 4.988119297379659110e+04
2.902326273384587479e+10 9.717972247478316422e+04 5.806856545908212138e+04
2.987345256768461609e+10 1.114453193853383418e+05 6.758037611905795347e+04
3.074854734622896576e+10 1.278229811172594054e+05 7.862831193723117758e+04
3.164927661980533600e+10 1.466274251505529974e+05 9.145755438721145038e+04
3.257639130974450684e+10 1.682204749156562611e+05 1.063520312878166442e+05
3.353066433441031647e+10 1.930181338518394914e+05 1.236404895797003410e+05
3.451289125356819153e+10 2.214987222046992974e+05 1.437035120179185469e+05
3.552389093162808228e+10 2.542122226237168943e+05 1.669816152382422006e+05
3.656450622031669617e+10 2.917910322636607452e+05 1.939846053677510063e+05
3.763560466134754944e+10 3.349623736313019763e+05 2.253024097443226783e+05
3.873807920967382812e+10 3.845624909476056928e+05 2.616175381867727556e+05
3.987284897792932892e+10 4.415530322996869218e+05 3.037195037474777782e+05
4.104086000267502594e+10 5.070398756539471215e+05 3.525214618220144766e+05
4.224308603309262085e+10 5.822947800746684661e+05 4.090794166902093566e+05
4.348052934278048706e+10 6.687802842272437410e+05 4.746143878975897678e+05
4.475422156533167267e+10 7.681783372722173808e+05 5.505379884728015168e+05
4.606522455438705444e+10 8.824232225315588294e+05 6.384819373074332252e+05
4.741463126888324738e+10 1.013739411928326357e+06 7.403321035099575529e+05
4.880356668423223877e+10 1.164685064766941592e+06 8.582677590163483983e+05
5.023318873019279480e+10 1.338202133122160798e+06 9.948069054386944044e+05
5.170468925621424103e+10 1.537673823789148824e+06 1.152858453351960750e+06
5.321929502506053925e+10 1.766990731869414449e+06 1.335782428371873451e+06
5.477826873553909302e+10 2.030626844684438547e+06 1.547459363443824230e+06
5.638291007518873596e+10 2.333726892840776592e+06 1.792370272622583900e+06
5.803455680380647278e+10 2.682206726084041409e+06 2.075688799906501547e+06
5.973458586871220398e+10 3.082868654867221136e+06 2.403387384544739500e+06
6.148441455268445587e+10 3.543534001733541023e+06 2.782359569219077006e+06
6.328550165552282715e+10 4.073195337299890816e+06 3.220560833861651365e+06
6.513934871022261047e+10 4.682191341348112561e+06 3.727170754615817685e+06
6.704750123477406311e+10 5.382407739973825403e+06 4.312779749262072146e+06
6.901155002063371277e+10 6.187508023723172024e+06 4.989604001716034487e+06
7.103313245893699646e+10 7.113198285831277259e+06 5.771732746859255247e+06
7.311393390556010437e+10 8.177531354003136978e+06 6.675412832292322069e+06
7.525568908617167664e+10 9.401255924067443237e+06 7.719376065322749317e+06
7.746018354244035339e+10 1.080821724089315161e+07 8.925215667489690706e+06
7.972925512060813904e+10 1.242581692105529085e+07 1.031781914259801991e+07
8.206479550366879272e+10 1.428554055500089563e+07 1.192586589700505137e+07
8.446875178842932129e+10 1.642356278015792184e+07 1.378239905662888288e+07
8.694312810876712036e+10 1.888144135103499889e+07 1.592548254601976462e+07
8.948998730644142151e+10 2.170691303280887380e+07 1.839895589048552513e+07
9.211145265084492493e+10 2.495480599244523793e+07 2.125330100848784670e+07
9.480970960913493347e+10 2.868808553042459860e+07 2.454663735442014411e+07
9.758700766821530151e+10 3.297905226042893529e+07 2.834586404416864365e+07
1.004456622100944519e+11 3.791071486797680706e+07 3.272797042116618529e+07
1.033880564421748657e+11 4.357836218654926866e+07 3.778153929152486473e+07
1.064166433840895081e+11 5.009136309439286590e+07 4.360847064153614640e+07
1.095339479127387848e+11 5.757522680332393944e+07 5.032595760117582232e+07
1.127425688672342987e+11 6.617396036591718346e+07 5.806875071923597157e+07
1.160451812155009613e+11 7.605276532750099897e+07 6.699175164460200071e+07
