# T[K] Gamma_nTOp[1/tau_n] Gamma_pTOn[1/tau_n]
# fingerprint_hash: e17e3c3fed5ae9fa
# fingerprint: {"QED_corrections":true,"T_end_MeV":0.001,"T_start_cosmo_MeV":100.0,"analytic_distortions":false,"delta_xi_nu":0.0,"finite_mass_corrections":false,"format_version":1,"incomplete_decoupling":false,"munuOverTnu":-0.05,"nevo_file":null,"nevo_file_prefix":"NEVOPRIMAT","nevo_spectral_file":null,"radiative_corrections":true,"sampling_nTOp_per_decade":150,"spectral_distortions":false,"y_SZ":0.0,"y_gray":0.0}
1.160451812155007198e+07 9.999999985766689914e-01 0.000000000000000000e+00
1.178433031761291809e+07 9.999999985108961598e-01 0.000000000000000000e+00
1.196692870656324737e+07 9.999999984421370502e-01 0.000000000000000000e+00
1.215235646050493419e+07 9.999999983702601014e-01 0.000000000000000000e+00
1.234065742049430311e+07 9.999999982951272015e-01 0.000000000000000000e+00
1.253187610690555163e+07 9.999999982165951318e-01 0.000000000000000000e+00
1.272605772995679639e+07 9.999999981345140121e-01 0.000000000000000000e+00
1.292324820039921999e+07 9.999999980487277451e-01 0.000000000000000000e+00
1.312349414037183113e+07 9.999999979590737942e-01 0.000000000000000000e+00
1.332684289442444220e+07 9.999999978653820731e-01 0.000000000000000000e+00
1.353334254071142524e+07 9.999999977674756124e-01 0.000000000000000000e+00
1.374304190235893987e+07 9.999999976651698930e-01 0.000000000000000000e+00
1.395599055900826678e+07 9.999999975582726242e-01 0.000000000000000000e+00
1.417223885853803717e+07 9.999999974465825225e-01 0.000000000000000000e+00
1.439183792896807566e+07 9.999999973298910882e-01 0.000000000000000000e+00
1.461483969054769725e+07 9.999999972079796073e-01 0.000000000000000000e+00
1.484129686803135276e+07 9.999999970806208172e-01 0.000000000000000000e+00
1.507126300314432755e+07 9.999999969475774630e-01 0.000000000000000000e+00
1.530479246724189445e+07 9.999999968086027424e-01 0.000000000000000000e+00
1.554194047416432761e+07 9.999999966634387505e-01 0.000000000000000000e+00
1.578276309329124913e+07 9.999999965118174794e-01 0.000000000000000000e+00
1.602731726279822551e+07 9.999999963534590419e-01 0.000000000000000000e+00
1.627566080311877280e+07 9.999999961880727817e-01 0.000000000000000000e+00
1.652785243061496504e+07 9.999999960153546086e-01 0.000000000000000000e+00
1.678395177145985141e+07 9.999999958349892193e-01 0.000000000000000000e+00
1.704401937573499978e+07 9.999999956466474327e-01 0.000000000000000000e+00
1.730811673174647242e+07 9.999999954499868560e-01 0.000000000000000000e+00
1.757630628056262806e+07 9.999999952446511076e-01 0.000000000000000000e+00
1.784865143077719212e+07 9.999999950302688179e-01 0.000000000000000000e+00
1.812521657350106537e+07 9.999999948064541844e-01 0.000000000000000000e+00
1.840606709758647159e+07 9.999999945728058615e-01 0.000000000000000000e+00
1.869126940508694202e+07 9.999999943289057391e-01 0.000000000000000000e+00
1.898089092695691064e+07 9.999999940743190541e-01 0.000000000000000000e+00
1.927500013899453729e+07 9.999999938085941675e-01 0.000000000000000000e+00
1.957366657803158462e+07 9.999999935312609001e-01 0.000000000000000000e+00
1.987696085837414861e+07 9.999999932418310866e-01 0.000000000000000000e+00
2.018495468849814311e+07 9.999999929397970222e-01 0.000000000000000000e+00
2.049772088800346479e+07 9.999999926246309068e-01 0.000000000000000000e+00
2.081533340483090654e+07 9.999999922957847343e-01 0.000000000000000000e+00
2.113786733274578676e+07 9.999999919526890713e-01 0.000000000000000000e+00
2.146539892909253761e+07 9.999999915947522799e-01 0.000000000000000000e+00
2.179800563282437995e+07 9.999999912213604070e-01 0.000000000000000000e+00
2.213576608281236142e+07 9.999999908318760733e-01 0.000000000000000000e+00
2.247876013643810898e+07 9.999999904256369199e-01 0.000000000000000000e+00
2.282706888847468048e+07 9.999999900019566068e-01 0.000000000000000000e+00
2.318077469025994465e+07 9.999999895601222599e-01 0.000000000000000000e+00
2.353996116916708648e+07 9.999999890993949148e-01 0.000000000000000000e+00
2.390471324837678671e+07 9.999999886190081844e-01 0.000000000000000000e+00
2.427511716695579141e+07 9.999999881181671491e-01 0.000000000000000000e+00
2.465126050024658069e+07 9.999999875960481344e-01 0.000000000000000000e+00
2.503323218057302758e+07 9.999999870517977119e-01 0.000000000000000000e+00
2.542112251826666296e+07 9.999999864845314779e-01 0.000000000000000000e+00
2.581502322301920131e+07 9.999999858933337205e-01 0.000000000000000000e+00
2.621502742556547374e+07 9.999999852772564202e-01 0.000000000000000000e+00
2.662122969970256090e+07 9.999999846353182509e-01 0.000000000000000000e+00
2.703372608465004340e+07 9.999999839665039136e-01 0.000000000000000000e+00
2.745261410775677487e+07 9.999999832697629154e-01 0.000000000000000000e+00
2.787799280755945295e+07 9.999999825440095691e-01 0.000000000000000000e+00
2.830996275719850883e+07 9.999999817881217723e-01 0.000000000000000000e+00
2.874862608819680288e+07 9.999999810009395640e-01 0.000000000000000000e+00
2.919408651460680366e+07 9.999999801812656797e-01 0.000000000000000000e+00
2.964644935753189772e+07 9.999999793278638860e-01 0.000000000000000000e+00
3.010582157002766803e+07 9.999999784394582036e-01 0.000000000000000000e+00
3.057231176238903776e+07 9.999999775147331293e-01 0.000000000000000000e+00
3.104603022782918811e+07 9.999999765523320816e-01 0.000000000000000000e+00
3.152708896855644137e+07 9.999999755508577337e-01 0.000000000000000000e+00
3.201560172225513682e+07 9.999999745088700154e-01 0.000000000000000000e+00
3.251168398897688091e+07 9.999999734248878891e-01 0.000000000000000000e+00
3.301545305844844505e+07 9.999999722973870186e-01 0.000000000000000000e+00
3.352702803780281544e+07 9.999999711248007683e-01 0.000000000000000000e+00
3.404652987973993272e+07 9.999999699055189817e-01 0.000000000000000000e+00
3.457408141112377495e+07 9.999999686378895358e-01 0.000000000000000000e+00
3.510980736202257872e+07 9.999999673202161210e-01 0.000000000000000000e+00
3.565383439519898593e+07 9.999999659507606831e-01 0.000000000000000000e+00
3.620629113605720550e+07 9.999999645277424243e-01 0.000000000000000000e+00
3.676730820305417478e+07 9.999999630493388025e-01 0.000000000000000000e+00
3.733701823858191818e+07 9.999999615136863085e-01 0.000000000000000000e+00
3.791555594032848626e+07 9.999999599188810206e-01 0.000000000000000000e+00
3.850305809312484413e+07 9.999999582629801598e-01 0.000000000000000000e+00
3.909966360128491372e+07 9.999999565440030880e-01 0.000000000000000000e+00
3.970551352144742757e+07 9.999999547599331962e-01 0.000000000000000000e+00
4.032075109592594206e+07 9.999999529087203465e-01 0.000000000000000000e+00
4.094552178657598794e+07 9.999999509882819826e-01 0.000000000000000000e+00
4.157997330918689817e+07 9.999999489965067934e-01 0.000000000000000000e+00
4.222425566840653867e+07 9.999999469312571554e-01 0.000000000000000000e+00
4.287852119320724159e+07 9.999999447903730188e-01 0.000000000000000000e+00
4.354292457290121913e+07 9.999999425716759038e-01 0.000000000000000000e+00
4.421762289371407777e+07 9.999999402729720099e-01 0.000000000000000000e+00
4.490277567592503130e+07 9.999999378920592097e-01 0.000000000000000000e+00
4.559854491158261150e+07 9.999999354267312679e-01 0.000000000000000000e+00
4.630509510280475020e+07 9.999999328747838367e-01 0.000000000000000000e+00
4.702259330067235976e+07 9.999999302340224494e-01 0.000000000000000000e+00
4.775120914472556859e+07 9.999999275022689593e-01 0.000000000000000000e+00
4.849111490307190269e+07 9.999999246773714212e-01 0.000000000000000000e+00
4.924248551311602443e+07 9.999999217572118626e-01 0.000000000000000000e+00
5.000549862292049825e+07 9.999999187397171641e-01 0.000000000000000000e+00
5.078033463320748508e+07 9.999999156228714936e-01 0.000000000000000000e+00
5.156717674001127481e+07 9.999999124047268539e-01 0.000000000000000000e+00
5.236621097799165547e+07 9.999999090834181814e-01 0.000000000000000000e+00
5.317762626441849768e+07 9.999999056571781120e-01 0.000000000000000000e+00
5.400161444383779913e+07 9.999999021243527464e-01 0.000000000000000000e+00
5.483837033342991769e+07 9.999998984834199689e-01 0.000000000000000000e+00
5.568809176907058060e+07 9.999998947330093202e-01 0.000000000000000000e+00
5.655097965210559964e+07 9.999998908719229807e-01 0.000000000000000000e+00
5.742723799685039371e+07 9.999998868991587520e-01 0.000000000000000000e+00
5.831707397882549465e+07 9.999998828139361473e-01 0.000000000000000000e+00
5.922069798373948038e+07 9.999998786157228148e-01 0.000000000000000000e+00
6.013832365723089874e+07 9.999998743042654015e-01 0.000000000000000000e+00
6.107016795538090169e+07 9.999998698796219720e-01 0.000000000000000000e+00
6.201645119600865245e+07 9.999998653421962036e-01 0.000000000000000000e+00
6.297739711076147109e+07 9.999998606927767986e-01 0.000000000000000000e+00
6.395323289801218361e+07 9.999998559325782299e-01 0.000000000000000000e+00
6.494418927657606453e+07 9.999998510632855941e-01 0.000000000000000000e+00
6.595050054026017338e+07 9.999998460871031281e-01 0.000000000000000000e+00
6.697240461325791478e+07 9.999998410068069443e-01 0.000000000000000000e+00
6.801014310640202463e+07 9.999998358258016529e-01 0.000000000000000000e+00
6.906396137428861856e+07 9.999998305481808680e-01 0.000000000000000000e+00
7.013410857328766584e+07 9.999998251787943770e-01 0.000000000000000000e+00
7.122083772045093775e+07 9.999998197233190833e-01 0.000000000000000000e+00
7.232440575333356857e+07 9.999998141883364999e-01 0.000000000000000000e+00
7.344507359074223042e+07 9.999998085814154614e-01 0.000000000000000000e+00
7.458310619442476332e+07 9.999998029112012743e-01 0.000000000000000000e+00
7.573877263171552122e+07 9.999997971875137504e-01 0.000000000000000000e+00
7.691234613915163279e+07 9.999997914214494577e-01 0.000000000000000000e+00
7.810410418707470596e+07 9.999997856254957407e-01 0.000000000000000000e+00
7.931432854523386061e+07 9.999997798136495142e-01 0.000000000000000000e+00
8.054330534940499067e+07 9.999997740015481584e-01 0.000000000000000000e+00
8.179132516904246807e+07 9.999997682066085192e-01 0.000000000000000000e+00
8.305868307597909868e+07 9.999997624481785641e-01 0.000000000000000000e+00
8.434567871419046819e+07 9.999997567476962557e-01 0.000000000000000000e+00
8.565261637064042687e+07 9.999997511288661878e-01 0.000000000000000000e+00
8.697980504722426832e+07 9.999997456178439936e-01 0.000000000000000000e+00
8.832755853382664919e+07 9.999997402434370741e-01 0.000000000000000000e+00
8.969619548251155019e+07 9.999997350373213134e-01 0.000000000000000000e+00
9.108603948286184669e+07 9.999997300342698958e-01 0.000000000000000000e+00
9.249741913848623633e+07 9.999997252724041052e-01 0.000000000000000000e+00
9.393066814471167326e+07 9.999997207934566701e-01 0.000000000000000000e+00
9.538612536747957766e+07 9.999997166430603102e-01 0.000000000000000000e+00
9.686413492346459627e+07 9.999997128710524930e-01 0.000000000000000000e+00
9.836504626143486798e+07 9.999997095318053919e-01 0.000000000000000000e+00
9.988921424487280846e+07 9.999997066845777161e-01 0.000000000000000000e+00
1.014369992358764559e+08 9.999997043938931851e-01 0.000000000000000000e+00
1.030087671803597659e+08 9.999997027299457608e-01 0.000000000000000000e+00
1.046048896945751756e+08 9.999997017690342993e-01 0.000000000000000000e+00
1.062257441529747695e+08 9.999997015940278455e-01 0.000000000000000000e+00
1.078717137774338573e+08 9.999997022948636793e-01 0.000000000000000000e+00
1.095431877278568894e+08 9.999997039690831091e-01 0.000000000000000000e+00
1.112405611941873878e+08 9.999997067224021263e-01 0.000000000000000000e+00
1.129642354898433983e+08 9.999997106693252480e-01 0.000000000000000000e+00
1.147146181466008723e+08 9.999997159338009922e-01 0.000000000000000000e+00
1.164921230109472573e+08 9.999997226499247605e-01 0.000000000000000000e+00
1.182971703419280052e+08 9.999997309626897923e-01 0.000000000000000000e+00
1.201301869105092436e+08 9.999997410287930766e-01 0.000000000000000000e+00
1.219916061004801840e+08 9.999997530174955518e-01 0.000000000000000000e+00
1.238818680109188110e+08 9.999997671115433695e-01 0.000000000000000000e+00
1.258014195602454841e+08 9.999997835081543274e-01 0.000000000000000000e+00
1.277507145918886960e+08 9.999998024200712488e-01 0.000000000000000000e+00
1.297302139815881997e+08 9.999998240766904134e-01 0.000000000000000000e+00
1.317403857463608384e+08 9.999998487252673707e-01 0.000000000000000000e+00
1.337817051551546305e+08 9.999998766322060195e-01 0.000000000000000000e+00
1.358546548412176967e+08 9.999999080844386157e-01 0.000000000000000000e+00
1.379597249162081480e+08 9.999999433908980384e-01 0.000000000000000000e+00
1.400974130860720873e+08 9.999999828840957505e-01 0.000000000000000000e+00
1.422682247687174082e+08 1.000000026921803897e+00 0.000000000000000000e+00
1.444726732135106027e+08 1.000000075888856532e+00 0.000000000000000000e+00
1.467112796226254404e+08 1.000000130199072634e+00 0.000000000000000000e+00
1.489845732742717564e+08 1.000000190297312130e+00 0.000000000000000000e+00
1.512930916478338540e+08 1.000000256661670806e+00 0.000000000000000000e+00
1.536373805509477854e+08 1.000000329805827093e+00 0.000000000000000000e+00
1.560179942485477626e+08 1.000000410281548069e+00 0.000000000000000000e+00
1.584354955939120650e+08 1.000000498681366645e+00 0.000000000000000000e+00
1.608904561617396772e+08 1.000000595641439727e+00 0.000000000000000000e+00
1.633834563832888305e+08 1.000000701844602435e+00 0.000000000000000000e+00
1.659150856836094260e+08 1.000000818023628613e+00 0.000000000000000000e+00
1.684859426209020317e+08 1.000000944964712701e+00 0.000000000000000000e+00
1.710966350280363262e+08 1.000001083511185884e+00 0.000000000000000000e+00
1.737477801562620401e+08 1.000001234567486463e+00 0.000000000000000000e+00
1.764400048211470246e+08 1.000001399103395805e+00 0.000000000000000000e+00
1.791739455507765412e+08 1.000001578158561388e+00 0.000000000000000000e+00
1.819502487362487614e+08 1.000001772847323833e+00 0.000000000000000000e+00
1.847695707845024765e+08 1.000001984363869889e+00 0.000000000000000000e+00
1.876325782735125422e+08 1.000002213987731592e+00 0.000000000000000000e+00
1.905399481098903120e+08 1.000002463089652904e+00 0.000000000000000000e+00
1.934923676889261007e+08 1.000002733137854261e+00 0.000000000000000000e+00
1.964905350571113229e+08 1.000003025704713000e+00 0.000000000000000000e+00
1.995351590771790445e+08 1.000003342473893664e+00 0.000000000000000000e+00
2.026269595957019329e+08 1.000003685247951246e+00 0.000000000000000000e+00
2.057666676132869124e+08 1.000004055956451143e+00 0.000000000000000000e+00
2.089550254574079216e+08 1.000004456664622676e+00 0.000000000000000000e+00
2.121927869579117596e+08 1.000004889582594370e+00 0.000000000000000000e+00
2.154807176252569854e+08 1.000005357075243628e+00 0.000000000000000000e+00
2.188195948314920366e+08 1.000005861672703888e+00 0.000000000000000000e+00
2.222102079940649271e+08 1.000006406081569432e+00 0.000000000000000000e+00
2.256533587624525726e+08 1.000006993196846716e+00 0.000000000000000000e+00
2.291498612077109218e+08 1.000007626114700177e+00 0.000000000000000000e+00
2.327005420149325728e+08 1.000008308146043357e+00 0.000000000000000000e+00
2.363062406787165999e+08 1.000009042831033979e+00 0.000000000000000000e+00
2.399678097016378045e+08 1.000009833954531357e+00 0.000000000000000000e+00
2.436861147958159745e+08 1.000010685562576329e+00 0.000000000000000000e+00
2.474620350875932574e+08 1.000011601979968301e+00 0.000000000000000000e+00
2.512964633253887594e+08 1.000012587829004262e+00 8.203084707485667243e-29
2.551903060907726884e+08 1.000013648049464798e+00 2.127925505795344206e-28
2.591444840128114223e+08 1.000014787919920822e+00 5.443340645982562896e-28
2.631599319857335687e+08 1.000016013080461175e+00 1.373396897105964406e-27
2.672375993899689615e+08 1.000017329556923906e+00 3.418520862429754834e-27
2.713784503166126013e+08 1.000018743786746711e+00 8.396161935146884959e-27
2.755834637953664660e+08 1.000020262646530211e+00 2.035219133906050023e-26
2.798536340260137916e+08 1.000021893481449986e+00 4.869847876188404905e-26
2.841899706134794354e+08 1.000023644136632806e+00 1.150477623473209614e-25
2.885934988065328598e+08 1.000025522990642513e+00 2.684002556632193448e-25
2.930652597401899099e+08 1.000027538991228315e+00 6.184601992370806049e-25
2.976063106818702817e+08 1.000029701693462503e+00 1.407814751300769531e-24
3.022177252813694477e+08 1.000032021300522489e+00 3.166385471147953798e-24
3.069005938247038126e+08 1.000034508707232872e+00 7.037929883321740120e-24
3.116560234918893576e+08 1.000037175546639068e+00 1.546201598866894488e-23
3.164851386187142134e+08 1.000040034239796150e+00 3.358174748535848334e-23
3.213890809625677466e+08 1.000043098049032242e+00 7.211593623611141957e-23
3.263690099723885655e+08 1.000046381135065277e+00 1.531523339828186949e-22
3.314261030627954006e+08 1.000049898618198263e+00 3.217013772148758481e-22
3.365615558924655318e+08 1.000053666644070249e+00 6.684832744807756754e-22
3.417765826468266249e+08 1.000057702453859276e+00 1.374379917523090640e-21
3.470724163251295090e+08 1.000062024460311338e+00 2.796217308856724501e-21
3.524503090319680572e+08 1.000066652329259176e+00 5.630553472104178942e-21
3.579115322733171582e+08 1.000071607067571033e+00 1.122314200206685814e-20
3.634573772571575642e+08 1.000076911118435330e+00 2.214762601882915413e-20
3.690891551987583041e+08 1.000082588462866129e+00 4.327672745688673950e-20
3.748081976306903362e+08 1.000088664731563881e+00 8.374528030791597660e-20
3.806158567176433802e+08 1.000095167325346646e+00 1.605122609008731407e-19
3.865135055761207938e+08 1.000102125546374010e+00 3.047616764215741775e-19
3.925025385990885496e+08 1.000109570739390108e+00 5.732950431036907350e-19
3.985843717856540680e+08 1.000117536446818001e+00 1.068617417816543663e-18
4.047604430758538246e+08 1.000126058578972854e+00 1.974023066392549454e-18
4.110322126906284690e+08 1.000135175598520609e+00 3.614322956756040743e-18
4.174011634770658016e+08 1.000144928728094129e+00 6.560010038628761581e-18
4.238688012589931488e+08 1.000155362164689032e+00 1.180435077952699196e-17
4.304366551930025220e+08 1.000166523328501311e+00 2.106183646387174652e-17
4.371062781299918890e+08 1.000178463135869222e+00 3.726684557460531032e-17
4.438792469823092222e+08 1.000191236293425545e+00 6.539978381196826800e-17
4.507571630965847373e+08 1.000204901636323918e+00 1.138443858066386660e-16
4.577416526323405504e+08 1.000219522469891542e+00 1.965993899454444171e-16
4.648343669464669228e+08 1.000235166989144719e+00 3.368533971959092283e-16
4.720369829836559296e+08 1.000251908716662808e+00 5.727172267673034984e-16
4.793512036728846431e+08 1.000269827006249113e+00 9.663442002589351841e-16
4.867787583300423026e+08 1.000289007604265201e+00 1.618329341591638826e-15
4.943214030667957664e+08 1.000309543195887940e+00 2.690270350118873614e-15
5.019809212057906389e+08 1.000331534146458257e+00 4.439855984615039291e-15
5.097591237022857666e+08 1.000355089223508243e+00 7.275037029221260695e-15
5.176578495723209381e+08 1.000380326423184307e+00 1.183705780502046020e-14
5.256789663275194168e+08 1.000407373944877110e+00 1.912682913671315364e-14
5.338243704166270494e+08 1.000436371185497109e+00 3.069592527674768374e-14
5.420959876738939285e+08 1.000467469795483177e+00 4.893327334440899433e-14
5.504957737744028568e+08 1.000500835098957708e+00 7.749264169898317152e-14
5.590257146964536905e+08 1.000536647405134261e+00 1.219258115341657843e-13
5.676878271911146641e+08 1.000575103554099510e+00 1.906143660342373122e-13
5.764841592590348721e+08 1.000616418746333558e+00 2.961322948678979772e-13
5.854167906346831322e+08 1.000660828346726428e+00 4.572259939364925454e-13
5.944878332780287266e+08 1.000708590059479874e+00 7.016740106298705215e-13
6.036994318739138842e+08 1.000759986233261456e+00 1.070392392779628905e-12
6.130537643390874863e+08 1.000815326418014850e+00 1.623293415026404667e-12
6.225530423371738195e+08 1.000874950173248346e+00 2.447597942331408691e-12
6.321995118015404940e+08 1.000939230477086772e+00 3.669563617986828784e-12
6.419954534663496017e+08 1.001008576881436296e+00 5.470935932108715647e-12
6.519431834057576656e+08 1.001083439281071241e+00 8.111900086557445714e-12
6.620450535815382004e+08 1.001164312555123503e+00 1.196293630353966114e-11
6.723034523991479874e+08 1.001251740665227929e+00 1.754878002195895074e-11
6.827208052724248171e+08 1.001346321643423298e+00 2.560878316721116928e-11
6.932995751970334053e+08 1.001448713836267768e+00 3.717939575307723109e-11
7.040422633327958584e+08 1.001559641306344783e+00 5.370624183774608969e-11
7.149514095950464010e+08 1.001679900424514269e+00 7.719569995258544015e-11
7.260295932551482916e+08 1.001810367426221982e+00 1.104189276588671288e-10
7.372794335503163338e+08 1.001952005926967759e+00 1.571850717889611267e-10
7.487035903028886318e+08 1.002105875137350166e+00 2.227053901862768997e-10
7.603047645491930246e+08 1.002273141231870612e+00 3.140767205209480450e-10
7.720856991781592369e+08 1.002455086517348493e+00 4.409196539169303692e-10
7.840491795798252821e+08 1.002653116504163222e+00 6.162161987270522687e-10
7.961980343038927317e+08 1.002868778765733770e+00 8.574088798245890245e-10
8.085351357284868956e+08 1.003103774253734759e+00 1.187831009137809354e-09
8.210634007392781973e+08 1.003359963115089570e+00 1.638556301395856980e-09
8.337857914191280603e+08 1.003639395479924756e+00 2.250801485995481283e-09
8.467053157484196424e+08 1.003944312588865406e+00 3.078994558613749084e-09
8.598250283162407875e+08 1.004277174708912979e+00 4.194720451848447477e-09
8.731480310425866842e+08 1.004640675241806447e+00 5.691735542383530880e-09
8.866774739117529392e+08 1.005037769781240486e+00 7.692351362362908084e-09
9.004165557170931101e+08 1.005471680770931187e+00 1.035544701560261916e-08
9.143685248173152208e+08 1.005945943783737695e+00 1.388663551519420124e-08
9.285366799044981003e+08 1.006464423244290973e+00 1.855093298660543817e-08
9.429243707840079069e+08 1.007031331451158307e+00 2.468853388369566023e-08
9.575349991664987803e+08 1.007651278525238059e+00 3.273453725962325764e-08
9.723720194721868038e+08 1.008329290092592867e+00 4.324319417272924937e-08
9.874389396475850344e+08 1.009070841958225717e+00 5.691781441336451323e-08
1.002739321994894743e+09 1.009881914024957084e+00 7.464762224746244876e-08
1.018276784014247060e+09 1.010769011432935294e+00 9.755246597478656409e-08
1.034054999258996606e+09 1.011739208437888227e+00 1.270373172447924024e-07
1.050077698204266429e+09 1.012800217626282695e+00 1.648587007001447595e-07
1.066348669128951907e+09 1.013960412483149609e+00 2.132040921789561687e-07
1.082871759011391401e+09 1.015228881725060983e+00 2.747876230972254006e-07
1.099650874438914537e+09 1.016615517877565544e+00 3.529655506486988272e-07
1.116689982531485558e+09 1.018131042795169749e+00 4.518722662619652115e-07
1.133993111879655838e+09 1.019787069729350737e+00 5.765822946167308849e-07
1.151564353497053146e+09 1.021596216304623495e+00 7.333040428005056192e-07
1.169407861787627220e+09 1.023572131830609910e+00 9.296045818732144781e-07
1.187527855527884483e+09 1.025729579816705428e+00 1.174675157864422893e-06
1.205928618864341497e+09 1.028084569499660761e+00 1.479645160446216226e-06
1.224614502326434612e+09 1.030654391052473251e+00 1.857941915571627316e-06
1.243589923855123758e+09 1.033457704478593087e+00 2.325710678978327722e-06
1.262859369847435951e+09 1.036514727201496733e+00 2.902310755109199791e-06
1.282427396217192411e+09 1.039847245066264136e+00 3.610871469144368899e-06
1.302298629472172976e+09 1.043478734575544742e+00 4.478940325458688740e-06
1.322477767807970285e+09 1.047434595712584127e+00 5.539243888752208678e-06
1.342969582218793631e+09 1.051742151478764375e+00 6.830526780152216293e-06
1.363778917625484943e+09 1.056430799118327490e+00 8.398527176177008331e-06
1.384910694021013021e+09 1.061532301145007517e+00 1.029711931192754376e-05
1.406369907633722782e+09 1.067080780513152138e+00 1.258956106191721960e-05
1.428161632108575344e+09 1.073112868631590500e+00 1.534991553966422791e-05
1.450291019706783295e+09 1.079668137247512760e+00 1.866476712561831083e-05
1.472763302523882866e+09 1.086788991839315877e+00 2.263501008541823456e-05
1.495583793726863146e+09 1.094520931033606148e+00 2.737796550108105467e-05
1.518757888810273170e+09 1.102913033317268532e+00 3.302987133006311950e-05
1.542291066871986866e+09 1.112017797946607045e+00 3.974847017969824163e-05
1.566188891908537626e+09 1.121891537305246267e+00 4.771612676890891645e-05
1.590457014130726576e+09 1.132594881852252433e+00 5.714343522561635467e-05
1.615101171299410820e+09 1.144192633818556626e+00 6.827299926773431325e-05
1.640127190082197428e+09 1.156754232708677277e+00 8.138399167160297856e-05
1.665540987430948496e+09 1.170354317426400392e+00 9.679741529743552146e-05
1.691348571980845928e+09 1.185072689069732954e+00 1.148817243286536427e-04
1.717556045470915318e+09 1.200994653998300077e+00 1.360594084085259444e-04
1.744169604186783075e+09 1.218211886081953743e+00 1.608148722691270542e-04
1.771195540425565243e+09 1.236822384695908550e+00 1.897027703460958128e-04
1.798640243983680964e+09 1.256930572059426821e+00 2.233575273668471416e-04
1.826510203667497396e+09 1.278649010404283137e+00 2.625056172711733114e-04
1.854812008827570677e+09 1.302097416015869591e+00 3.079771984680945750e-04
1.883552350916542530e+09 1.327403812793378712e+00 3.607212863554948084e-04
1.912738025071222544e+09 1.354705563629468479e+00 4.218230988823006120e-04
1.942375931719174385e+09 1.384149230118592699e+00 4.925226013931965387e-04
1.972473078210198879e+09 1.415890839963136916e+00 5.742359973305679374e-04
2.003036580473095179e+09 1.450098473669145349e+00 6.685832786680551490e-04
2.034073664698094368e+09 1.486950437780990564e+00 7.774139581045335550e-04
2.065591669045362234e+09 1.526637533143626158e+00 9.028418171687482884e-04
2.097598045379975080e+09 1.569364238746050022e+00 1.047283303870229091e-03
2.130100361033778667e+09 1.615348198080229780e+00 1.213498487165217375e-03
2.163106300594548702e+09 1.664821648867319759e+00 1.404640678452762689e-03
2.196623667722872734e+09 1.718033660102345594e+00 1.624314695179732539e-03
2.230660386997185230e+09 1.775249266579453034e+00 1.876637097215883357e-03
2.265224505787391663e+09 1.836751107783084702e+00 2.166309139317945578e-03
2.300324196157525063e+09 1.902842616341791526e+00 2.498703566705312573e-03
2.335967756797881126e+09 1.973846095058909844e+00 2.879950734747515478e-03
2.372163614987098217e+09 2.050105300341081627e+00 3.317046260306324382e-03
2.408920328584632397e+09 2.131989602032804410e+00 3.817978407653339987e-03
2.446246588054110050e+09 2.219891426399977608e+00 4.391851948102859678e-03
2.484151218518033028e+09 2.314228826253042381e+00 5.049041612813592178e-03
2.522643181844318390e+09 2.415451061415793355e+00 5.801377313549502257e-03
2.561731578765172005e+09 2.524035539789915461e+00 6.662320455346731028e-03
2.601425651028792858e+09 2.640490854084140526e+00 7.647182351072561411e-03
2.641734783584417343e+09 2.765363683518692550e+00 8.773389452851642831e-03
2.682668506801221371e+09 2.899234920275910898e+00 1.006072973139661778e-02
2.724236498721607208e+09 3.042723449595917451e+00 1.153166078648577494e-02
2.766448587349399090e+09 3.196494677523030958e+00 1.321168623469670851e-02
2.809314752973500729e+09 3.361255646783305462e+00 1.512969504340585386e-02
2.852845130527552605e+09 3.537759735459184984e+00 1.731839172833706322e-02
2.897050011986157894e+09 3.726817187315099478e+00 1.981482614722614513e-02
2.941939848798230648e+09 3.929288981516197321e+00 2.266085437426607757e-02
2.987525254358056068e+09 4.146092683276854096e+00 2.590373400773180249e-02
3.033817006514635563e+09 4.378215392878209045e+00 2.959686412288992097e-02
3.080826050119915485e+09 4.626705423689092100e+00 3.380039525036359488e-02
3.128563499616498947e+09 4.892680711130841686e+00 3.858205734796325836e-02
3.177040641665457726e+09 5.177345114339298782e+00 4.401819361923308555e-02
3.226268937814860821e+09 5.481977486679876499e+00 5.019456168331559720e-02
3.276260027209647655e+09 5.807939904850069723e+00 5.720743159610863077e-02
3.327025729343498230e+09 6.156700065101132324e+00 6.516504196612316058e-02
3.378578046853338718e+09 6.529819033319529176e+00 7.418866839283118353e-02
3.430929168357147217e+09 6.928958687492094981e+00 8.441406497062223235e-02
3.484091471335736275e+09 7.355910283136366523e+00 9.599348497706568228e-02
3.538077525059182644e+09 7.812579904145048104e+00 1.090970739521601313e-01
3.592900093558606625e+09 8.300994655041046499e+00 1.239147305117587750e-01
3.648572138643998146e+09 8.823346326466166900e+00 1.406590801416397751e-01
3.705106822968801022e+09 9.381958137246630969e+00 1.595668886136994979e-01
3.762517513141988754e+09 9.979313940189863175e+00 1.809020761009952349e-01
3.820817782888371944e+09 1.061808641044872381e+01 2.049591295784968792e-01
3.880021416257783890e+09 1.130112029034025412e+01 2.320654813583096221e-01
3.940142410884243965e+09 1.203144986136526029e+01 2.625850349129237316e-01
4.001194981295209408e+09 1.281234768513327005e+01 2.969232161697917260e-01
4.063193562272600174e+09 1.364729012594998991e+01 3.355295007972607935e-01
4.126152812265383244e+09 1.453999709535550267e+01 3.789027712619877364e-01
4.190087616855565071e+09 1.549446514221242310e+01 4.275970903162349956e-01
4.255013092277347565e+09 1.651496159689383703e+01 4.822262980894029272e-01
4.320944588991366386e+09 1.760603365388812236e+01 5.434694504603435616e-01
4.387897695313753128e+09 1.877258457456616725e+01 6.120801238800228639e-01
4.455888241101989746e+09 2.001983981807283897e+01 6.888910371026940593e-01
4.524932301497314453e+09 2.135337242511617717e+01 7.748217862990142146e-01
4.595046200725684166e+09 2.277919625519260904e+01 8.708914093801340961e-01
4.666246515957053185e+09 2.430371760945025983e+01 9.782236654295878298e-01
4.738550081225043297e+09 2.593377625729752012e+01 1.098057741993260228e+00
4.811973991406744957e+09 2.767674627927826592e+01 1.231764243128078862e+00
4.886535606264802933e+09 2.954049146219915656e+01 1.380852502585586894e+00
4.962252554551527023e+09 3.153341066421943850e+01 1.546984309655316636e+00
5.039142738177108765e+09 3.366456221601976750e+01 1.731995314056972157e+00
5.117224336442107201e+09 3.594359341800607410e+01 1.937902594429372849e+00
5.196515810335638046e+09 3.838082835318056141e+01 2.166925155589031426e+00
5.277035906900142670e+09 4.098740088064624842e+01 2.421510881299770546e+00
5.358803663663785934e+09 4.377517334576972985e+01 2.704345870399210483e+00
5.441838413141543388e+09 4.675683022236589181e+01 3.018379933634888879e+00
5.526159787406021118e+09 4.994606005334120624e+01 3.366863955082249671e+00
5.611787722729105949e+09 5.335745931318181334e+01 3.753361300142374457e+00
5.698742464295544624e+09 5.700663780380769197e+01 4.181780179068284475e+00
5.787044570989544868e+09 6.091044511851214338e+01 4.656423374791033076e+00
5.876714920255559921e+09 6.508684260897997831e+01 5.182000245746696265e+00
5.967774713034382820e+09 6.955505078931906837e+01 5.763670889005705789e+00
6.060245478775726318e+09 7.433582042879594098e+01 6.407110952727325781e+00
6.154149080528474808e+09 7.945127220556716452e+01 7.118524610912521311e+00
6.249507720109809875e+09 8.492509369361764016e+01 7.904704189240599810e+00
6.346343943354429245e+09 9.078285927831731783e+01 8.773113683617676628e+00
6.444680645445102692e+09 9.705184382444470259e+01 9.731904317800252002e+00
6.544541076325830460e+09 1.037612504301717848e+02 1.078998998796076947e+01
6.645948846198868752e+09 1.109426182487346608e+02 1.195715884688048192e+01
6.748927931106939316e+09 1.186295930823609410e+02 1.324408999145837029e+01
6.853502678601936340e+09 1.268582092663088190e+02 1.466245166412248579e+01
6.959697813501462936e+09 1.356673897997526410e+02 1.622504706143713094e+01
7.067538443734570503e+09 1.450986679281556349e+02 1.794583214767093793e+01
7.177050066278079033e+09 1.551965374306145122e+02 1.984004348887114233e+01
7.288258573184876442e+09 1.660090662189323609e+02 2.192438833723456426e+01
7.401190257705627441e+09 1.775875583473206802e+02 2.421706297393997431e+01
7.515871820505343437e+09 1.899869893831485399e+02 2.673791887522444100e+01
7.632330375976270676e+09 2.032667600997069712e+02 2.950871007372996502e+01
7.750593458648603439e+09 2.174902856648466525e+02 3.255311099886900905e+01
7.870689029700525284e+09 2.327255362416521791e+02 3.589693202167288888e+01
7.992645483569128990e+09 2.490459647978497912e+02 3.956844101855373452e+01
8.116491654663769722e+09 2.665300066890141011e+02 4.359837900619122308e+01
8.242256824183441162e+09 2.852617526540910262e+02 4.802023971981008543e+01
8.369970727039791107e+09 3.053320888917909883e+02 5.287068621017788672e+01
8.499663558887403488e+09 3.268380891835118405e+02 5.818956238165111472e+01
8.631365983263017654e+09 3.498838519465633681e+02 6.402025492761090675e+01
8.765109138835369110e+09 3.745819039267958601e+02 7.041023254763629780e+01
8.900924646767377853e+09 4.010524599151271445e+02 7.741104993709636517e+01
9.038844618192382812e+09 4.294244641990672449e+02 8.507881575758038650e+01
9.178901661806262970e+09 4.598373199736945480e+02 9.347488939606090241e+01
9.321128891577163696e+09 4.924399878447804326e+02 1.026658729911021908e+02
9.465559934574703217e+09 5.273922684745112974e+02 1.127242117791845857e+02
9.612228938920488358e+09 5.648669726850076813e+02 1.237291040936809452e+02
9.761170581861820221e+09 6.050487881141417574e+02 1.357664651791601784e+02
9.912420077970510483e+09 6.481359048209857292e+02 1.489297102112592484e+02
1.006601318746877289e+10 6.943426417455356159e+02 1.633209111455558968e+02
1.022198622468387222e+10 7.438981087109794998e+02 1.790507441406090265e+02
1.038037606663446045e+10 7.970482223467970471e+02 1.962394961452747282e+02
1.054122016174884987e+10 8.540589438640140543e+02 2.150185516917683231e+02
1.070455653871969604e+10 9.152146480368031689e+02 2.355303024892961616e+02
1.087042381549451637e+10 9.808206366535318921e+02 2.579294438622926009e+02
1.103886120840690231e+10 1.051207117493311671e+03 2.823848776018735975e+02
1.120990854144781494e+10 1.126727247094889208e+03 3.090795796260028396e+02
1.138360625568195534e+10 1.207760267230494037e+03 3.382122691830822419e+02
1.155999541880861473e+10 1.294716407519214272e+03 3.699998451464034588e+02
1.173911773487212181e+10 1.388034471161679903e+03 4.046771736326829796e+02
1.192101555412126160e+10 1.488185757192109804e+03 4.424992366140323838e+02
1.210573188302300262e+10 1.595680139360084240e+03 4.837442600610079353e+02
1.229331039442981911e+10 1.711063111769574107e+03 5.287134000160547203e+02
1.248379543790613937e+10 1.834920647277119997e+03 5.777334872322808224e+02
1.267723205021320915e+10 1.967886788648203947e+03 6.311610594163558972e+02
1.287366596595802307e+10 2.110640017523057850e+03 6.893819042466300289e+02
1.307314362840569115e+10 2.263909304120622437e+03 7.528145749692677100e+02
1.327571220046068001e+10 2.428483471611453751e+03 8.219155327146719401e+02
1.348141957581736374e+10 2.605206747407183684e+03 8.971785002637604975e+02
1.369031439028369331e+10 2.794986382386417517e+03 9.791389967698941064e+02
1.390244603328024483e+10 2.998804164982592283e+03 1.068380869751070350e+03
1.411786465951747131e+10 3.217711070249667955e+03 1.165535441823709107e+03
1.433662120085387230e+10 3.452836792491330016e+03 1.271287328497205408e+03
1.455876737833791733e+10 3.705403939426605575e+03 1.386382741165789412e+03
1.478435571443656158e+10 3.976721438017038508e+03 1.511628294880405974e+03
1.501343954545323753e+10 4.268196468616453785e+03 1.647898465307922606e+03
1.524607303413825607e+10 4.581352118348215299e+03 1.796146201275647172e+03
1.548231118249462509e+10 4.917819219572962538e+03 1.957401265417567629e+03
1.572220984478227997e+10 5.279351456327894084e+03 2.132779867281599763e+03
1.596582574072381401e+10 5.667847089619345752e+03 2.323498100074409649e+03
1.621321646891484261e+10 6.085339033424312220e+03 2.530869748911190982e+03
1.646444052044215012e+10 6.534013497656814252e+03 2.756318481472875646e+03
1.671955729271285820e+10 7.016237217054745088e+03 3.001395086920964332e+03
1.697862710349787521e+10 7.534545130140688343e+03 3.267774467347954669e+03
1.724171120519293976e+10 8.091663991709258880e+03 3.557271369538405906e+03
1.750887179930065918e+10 8.690545828016880478e+03 3.871862129647304755e+03
1.778017205113692856e+10 9.334353001532917915e+03 4.213680775745411665e+03
1.805567610476523209e+10 1.002648748322334541e+04 4.585038969284440100e+03
1.833544909816236115e+10 1.077063260254168563e+04 4.988453748080333753e+03
1.861955717861910248e+10 1.157073474558818452e+04 5.426642391288032741e+03
1.890806751837959671e+10 1.243104018054385961e+04 5.902547978537306335e+03
1.920104833052298355e+10 1.335614654197179152e+04 6.419374409323636428e+03
1.949856888509117508e+10 1.435098043600190249e+04 6.980579687079308314e+03
1.980069952546649170e+10 1.542084348750757817e+04 7.589908486860830635e+03
2.010751168500311661e+10 1.657147640744809178e+04 8.251436645626314203e+03
2.041907790391620255e+10 1.780903179095381347e+04 8.969562543561836719e+03
2.073547184643270874e+10 1.914013137797704258e+04 9.749048387426382760e+03
2.105676831820799255e+10 2.057194594293926275e+04 1.059507678282310007e+04
2.138304328401224136e+10 2.211216129972224735e+04 1.151323912457896586e+04
2.171437388569099045e+10 2.376905056087699268e+04 1.250958851902184688e+04
2.205083846040391541e+10 2.555157355250973706e+04 1.359071153644731385e+04
2.239251655914625931e+10 2.746933483850859557e+04 1.476371299312148585e+04
2.273948896555720901e+10 2.953267424869328897e+04 1.603628334966339025e+04
2.309183771501976013e+10 3.175279043814894976e+04 1.741678953809533050e+04
2.344964611405649185e+10 3.414168914014619804e+04 1.891425513954156486e+04
2.381299876002589035e+10 3.671229698664385796e+04 2.053844641942153612e+04
2.418198156112389374e+10 3.947861531963455491e+04 2.229998737000711117e+04
2.455668175669531250e+10 4.245565609770181618e+04 2.421033379093118128e+04
2.493718793786003494e+10 4.565958498698419862e+04 2.628188304096390857e+04
2.532359006845876312e+10 4.910791195664323459e+04 2.852811905045883032e+04
2.571597950632338333e+10 5.281941307790817518e+04 3.096357933172700723e+04
2.611444902487685776e+10 5.681431030079089396e+04 3.360399483537590277e+04
2.651909283506784439e+10 6.111450816980941454e+04 3.646647297186005744e+04
2.693000660764516449e+10 6.574349755309709872e+04 3.956945513708330691e+04
2.734728749577756119e+10 7.072658089963353996e+04 4.293289439704782126e+04
2.777103415802324677e+10 7.609116731613076990e+04 4.657848705049377168e+04
2.820134678165718460e+10 8.186665414933465945e+04 5.052961815620740526e+04
2.863832710635686874e+10 8.808470937803544803e+04 5.481158725815801154e+04
2.908207844825865936e+10 9.477963931408278586e+04 5.945190108701560530e+04
2.953270572438319778e+10 1.019882419443189574e+05 6.448020314282386971e+04
2.999031547744300079e+10 1.097501618445629283e+05 6.992856092002964579e+04
3.045501590103067017e+10 1.181083487361597508e+05 7.583183591351415089e+04
3.092691686520127106e+10 1.271088756514992856e+05 8.222759267713423469e+04
3.140612994244713593e+10 1.368013859318617324e+05 8.915646481482188392e+04
3.189276843407919312e+10 1.472396625130693428e+05 9.666262052911074716e+04
3.238694739701298904e+10 1.584814051034656877e+05 1.047936473780002998e+05
3.288878367097387695e+10 1.705887912270876404e+05 1.136010169846990611e+05
3.339839590611959457e+10 1.836291859279763012e+05 1.231406726435601304e+05
3.391590459109505844e+10 1.976748658971622644e+05 1.334728814101610915e+05
3.444143208151760101e+10 2.128037248722637305e+05 1.446628247746160778e+05
3.497510262890793610e+10 2.291001586721990607e+05 1.567813401222386747e+05
3.551704241006510925e+10 2.466547233457615075e+05 1.699047310449754004e+05
3.606737955690029144e+10 2.655650221863774350e+05 1.841155178720320982e+05
3.662624418673052979e+10 2.859368089984520338e+05 1.995033724433156312e+05
3.719376843304282379e+10 3.078835665817951085e+05 2.161648769227235753e+05
3.777008647673467255e+10 3.315276212522746646e+05 2.342044763810687873e+05
3.835533457783876801e+10 3.570015168546758941e+05 2.537356556557954173e+05
3.894965110773921204e+10 3.844474944833879126e+05 2.748806327061342890e+05
3.955317658188692474e+10 4.140188946460372536e+05 2.977715685259636957e+05
4.016605369302202606e+10 4.458818724859217182e+05 3.225520512714452343e+05
4.078842734491096497e+10 4.802147509423792944e+05 3.493767032788909273e+05
4.142044468660636902e+10 5.172097849840380368e+05 3.784127173502320074e+05
4.206225514723783875e+10 5.570752998702942859e+05 4.098417251257135067e+05
4.271401047134175110e+10 6.000348933551949449e+05 4.438592994276555255e+05
4.337586475473851776e+10 6.463296579398412723e+05 4.806769062750603189e+05
4.404797448096579742e+10 6.962208401786588365e+05 5.205242507794722333e+05
4.473049855827618408e+10 7.499888570042158244e+05 5.636486479382003890e+05
4.542359835720822906e+10 8.079360911417669849e+05 6.103174988257074729e+05
4.612743774873957062e+10 8.703902125749198021e+05 6.608212464430308901e+05
4.684218314303132629e+10 9.377029634671179811e+05 7.154725793919862481e+05
4.756800352877272034e+10 1.010253658222710015e+06 7.746095582326338626e+05
4.830507051313546753e+10 1.088453346992545063e+06 8.385993508679710794e+05
4.905355836234719086e+10 1.172743296322835144e+06 9.078372102899203310e+05
4.981364404289352417e+10 1.263599416253137868e+06 9.827504581849564565e+05
5.058550726335865021e+10 1.361537438726571854e+06 1.063803169536015252e+06
5.136933051691418457e+10 1.467111029686452588e+06 1.151494872252712259e+06
5.216529912446638489e+10 1.580917374410053249e+06 1.246365609301424818e+06
5.297360127847194672e+10 1.703603633720867336e+06 1.349001824568645330e+06
5.379442808743273926e+10 1.835864626666374272e+06 1.460034735358519945e+06
5.462797362107994080e+10 1.978449831440604059e+06 1.580146723919422831e+06
5.547443495625836945e+10 2.132171453117819037e+06 1.710078745720241917e+06
5.633401222352174377e+10 2.297901550218206830e+06 1.850628268770259339e+06
5.720690865444994354e+10 2.476580866202464327e+06 2.002657389932348626e+06
5.809333062969945526e+10 2.669228905217568390e+06 2.167102151596092153e+06
5.899348772779840851e+10 2.876940330462394282e+06 2.344969901244078297e+06
5.990759277469759369e+10 3.100896117983977776e+06 2.537349606499739923e+06
6.083586189408935547e+10 3.342376112858227920e+06 2.745423543606938794e+06
6.177851455850615692e+10 3.602754606953214388e+06 2.970463999797926750e+06
6.273577364121088409e+10 3.883514379457519855e+06 3.213846338849721011e+06
6.370786546889126587e+10 4.186262306114769075e+06 3.477063626545546576e+06
6.469501987517070007e+10 4.512723939487960190e+06 3.761722523695983458e+06
6.569747025494829559e+10 4.864761149307365529e+06 4.069559800285526086e+06
6.671545361958090973e+10 5.244391719556543045e+06 4.402460803326910362e+06
6.774921065292021179e+10 5.653782532046903856e+06 4.762454188835876994e+06
6.879898576821803284e+10 6.095271764375782572e+06 5.151732820448421873e+06
6.986502716591351318e+10 6.571393418834364042e+06 5.572677014883242548e+06
7.094758689231559753e+10 7.084868847926838323e+06 6.027847880969787948e+06
7.204692089919517517e+10 7.638634811914143153e+06 6.520013874536623247e+06
7.316328910429875183e+10 8.235873971881958656e+06 7.052179859764581546e+06
7.429695545280467224e+10 8.880004418154688552e+06 7.627578751763094217e+06
7.544818797972360229e+10 9.574715011978661641e+06 8.249705138528469950e+06
7.661725887327552795e+10 1.032400355971018225e+07 8.922351848411323503e+06
7.780444453923883057e+10 1.113216386861689202e+07 9.649599467795649543e+06
7.901002566630638123e+10 1.200383000703233294e+07 1.043585866431073099e+07
8.023428729244435120e+10 1.294402420840511657e+07 1.128591629287898540e+07
8.147751887228942871e+10 1.395814064029872790e+07 1.220492204079394415e+07
8.274001434557991028e+10 1.505200152061024308e+07 1.319844233151629381e+07
8.402207220665780640e+10 1.623191674539283104e+07 1.427251799377764948e+07
8.532399557503701782e+10 1.750466356950191781e+07 1.543364729103423283e+07
8.664609226707601929e+10 1.887755754052873328e+07 1.668885436051920056e+07
8.798867486874992371e+10 2.035852687903483957e+07 1.804576147603145242e+07
8.935206080956144714e+10 2.195608764543859661e+07 1.951256806955729797e+07
9.073657243758566284e+10 2.367943260902034864e+07 2.109813686100656912e+07
9.214253709568925476e+10 2.553852437887675315e+07 2.281208471597291902e+07
9.357028719891931152e+10 2.754406448684098199e+07 2.466475618323928863e+07
9.502016031310092163e+10 2.970760566825534403e+07 2.666733275844026357e+07
9.649249923464677429e+10 3.204166843224091083e+07 2.883194706681323051e+07
9.798765207160548401e+10 3.455970179941064119e+07 3.117164876843909547e+07
9.950597232596549988e+10 3.727622550137607008e+07 3.370054346782037616e+07
1.010478189772343445e+11 4.020697522913704813e+07 3.643393554766164720e+07
1.026135565673127899e+11 4.336885478946403414e+07 3.938828621172807366e+07
1.042035552866842499e+11 4.678011468839455396e+07 4.258138861627659947e+07
1.058181910619396820e+11 5.046053318624573201e+07 4.603254657782613486e+07
1.074578456446586761e+11 5.443135744064329565e+07 4.976252241533393413e+07
1.091229067016676788e+11 5.871552850357441604e+07 5.379375840100847930e+07
1.108137679066969299e+11 6.333790858580867201e+07 5.815060183934535831e+07
1.125308290334574432e+11 6.832520640991896391e+07 6.285923808582518995e+07
1.142744960501604004e+11 7.370626124270014465e+07 6.794797106183731556e+07
1.160451812155009613e+11 7.951232715593264997e+07 7.344750571034924686e+07
