# T[K] Gamma_nTOp[1/tau_n] Gamma_pTOn[1/tau_n]
# fingerprint_hash: 1f5a0436f87305e6
# fingerprint: {"QED_corrections":true,"T_end_MeV":0.001,"T_start_cosmo_MeV":40.0,"analytic_distortions":false,"finite_mass_corrections":true,"format_version":1,"incomplete_decoupling":false,"munuOverTnu":0.03,"nevo_file":null,"nevo_file_prefix":"NEVOPRIMAT","nevo_spectral_file":null,"radiative_corrections":true,"sampling_nTOp_per_decade":80,"spectral_distortions":false,"y_SZ":0.0,"y_gray":0.0}
1.160451812155007198e+07 9.999983399677693230e-01 0.000000000000000000e+00
1.194445382843508385e+07 9.999982914117038213e-01 0.000000000000000000e+00
1.229434740548801981e+07 9.999982414399654074e-01 0.000000000000000000e+00
1.265449055251050368e+07 9.999981900118050104e-01 0.000000000000000000e+00
1.302518351418111660e+07 9.999981370853235907e-01 0.000000000000000000e+00
1.340673533036361635e+07 9.999980826174440507e-01 0.000000000000000000e+00
1.379946409374797717e+07 9.999980265638869215e-01 0.000000000000000000e+00
1.420369721503815055e+07 9.999979688791428289e-01 0.000000000000000000e+00
1.461977169590851478e+07 9.999979095164510667e-01 0.000000000000000000e+00
1.504803440995584987e+07 9.999978484277737278e-01 0.000000000000000000e+00
1.548884239188134670e+07 9.999977855637752766e-01 0.000000000000000000e+00
1.594256313514404185e+07 9.999977208737993450e-01 0.000000000000000000e+00
1.640957489833307080e+07 9.999976543058468614e-01 0.000000000000000000e+00
1.689026702051510662e+07 9.999975858065534018e-01 0.000000000000000000e+00
1.738504024581887946e+07 9.999975153211697609e-01 0.000000000000000000e+00
1.789430705752837285e+07 9.999974427935396371e-01 0.000000000000000000e+00
1.841849202196240798e+07 9.999973681660779823e-01 0.000000000000000000e+00
1.895803214242760837e+07 9.999972913797517959e-01 0.000000000000000000e+00
1.951337722354025394e+07 9.999972123740618057e-01 0.000000000000000000e+00
2.008499024621973559e+07 9.999971310870241492e-01 0.000000000000000000e+00
2.067334775366751477e+07 9.999970474551553856e-01 0.000000000000000000e+00
2.127894024865204096e+07 9.999969614134596174e-01 0.000000000000000000e+00
2.190227260243212804e+07 9.999968728954193864e-01 0.000000000000000000e+00
2.254386447565865889e+07 9.999967818329895675e-01 0.000000000000000000e+00
2.320425075160592049e+07 9.999966881565957033e-01 0.000000000000000000e+00
2.388398198209420219e+07 9.999965917951392225e-01 0.000000000000000000e+00
2.458362484647430480e+07 9.999964926760052109e-01 0.000000000000000000e+00
2.530376262405800447e+07 9.999963907250796202e-01 0.000000000000000000e+00
2.604499568038682267e+07 9.999962858667733601e-01 0.000000000000000000e+00
2.680794196774604172e+07 9.999961780240517184e-01 0.000000000000000000e+00
2.759323754033992812e+07 9.999960671184775496e-01 0.000000000000000000e+00
2.840153708455819264e+07 9.999959530702614563e-01 0.000000000000000000e+00
2.923351446477630734e+07 9.999958357983239621e-01 0.000000000000000000e+00
3.008986328514331579e+07 9.999957152203715616e-01 0.000000000000000000e+00
3.097129746782724559e+07 9.999955912529876478e-01 0.000000000000000000e+00
3.187855184819832072e+07 9.999954638117375394e-01 0.000000000000000000e+00
3.281238278744807094e+07 9.999953328112950457e-01 0.000000000000000000e+00
3.377356880315344781e+07 9.999951981655870181e-01 0.000000000000000000e+00
3.476291121831235290e+07 9.999950597879634362e-01 0.000000000000000000e+00
3.578123482939223200e+07 9.999949175913920296e-01 0.000000000000000000e+00
3.682938859394711256e+07 9.999947714886832095e-01 0.000000000000000000e+00
3.790824633837836981e+07 9.999946213927483063e-01 0.000000000000000000e+00
3.901870748642701656e+07 9.999944672168926685e-01 0.000000000000000000e+00
4.016169780900728703e+07 9.999943088751526155e-01 0.000000000000000000e+00
4.133817019600404054e+07 9.999941462826775762e-01 0.000000000000000000e+00
4.254910545068005472e+07 9.999939793561644086e-01 0.000000000000000000e+00
4.379551310735325515e+07 9.999938080143473407e-01 0.000000000000000000e+00
4.507843227302657813e+07 9.999936321785581894e-01 0.000000000000000000e+00
4.639893249367284775e+07 9.999934517733526373e-01 0.000000000000000000e+00
4.775811464589476585e+07 9.999932667272218856e-01 0.000000000000000000e+00
4.915711185470598191e+07 9.999930769733941238e-01 0.000000000000000000e+00
5.059709043819620460e+07 9.999928824507362535e-01 0.000000000000000000e+00
5.207925087986870110e+07 9.999926831047708520e-01 0.000000000000000000e+00
5.360482882946188748e+07 9.999924788888179261e-01 0.000000000000000000e+00
5.517509613308683038e+07 9.999922697652789960e-01 0.000000000000000000e+00
5.679136189354267716e+07 9.999920557070820504e-01 0.000000000000000000e+00
5.845497356169053912e+07 9.999918366992990304e-01 0.000000000000000000e+00
6.016731805979927629e+07 9.999916127409651523e-01 0.000000000000000000e+00
6.192982293779598922e+07 9.999913838471172767e-01 0.000000000000000000e+00
6.374395756338880956e+07 9.999911500510811901e-01 0.000000000000000000e+00
6.561123434705124050e+07 9.999909114070336669e-01 0.000000000000000000e+00
6.753321000289034843e+07 9.999906679928750597e-01 0.000000000000000000e+00
6.951148684645150602e+07 9.999904199134452831e-01 0.000000000000000000e+00
7.154771413053803146e+07 9.999901673041303729e-01 0.000000000000000000e+00
7.364358942016379535e+07 9.999899103348935947e-01 0.000000000000000000e+00
7.580086000778134167e+07 9.999896492147966054e-01 0.000000000000000000e+00
7.802132436996677518e+07 9.999893841970548536e-01 0.000000000000000000e+00
8.030683366677752137e+07 9.999891155846983848e-01 0.000000000000000000e+00
8.265929328502891958e+07 9.999888437369079952e-01 0.000000000000000000e+00
8.508066442678131163e+07 9.999885690761028956e-01 0.000000000000000000e+00
8.757296574435649812e+07 9.999882920958739208e-01 0.000000000000000000e+00
9.013827502325230837e+07 9.999880133698592077e-01 0.000000000000000000e+00
9.277873091435243189e+07 9.999877335616742524e-01 0.000000000000000000e+00
9.549653471688136458e+07 9.999874534360220224e-01 0.000000000000000000e+00
9.829395221358637512e+07 9.999871738711223479e-01 0.000000000000000000e+00
1.011733155596781969e+08 9.999868958726171320e-01 0.000000000000000000e+00
1.041370252271060497e+08 9.999866205891264626e-01 0.000000000000000000e+00
1.071875520057871491e+08 9.999863493296521355e-01 0.000000000000000000e+00
1.103274390634579509e+08 9.999860835830471917e-01 0.000000000000000000e+00
1.135593040658666492e+08 9.999858250397971604e-01 0.000000000000000000e+00
1.168858413590708673e+08 9.999855756163902321e-01 0.000000000000000000e+00
1.203098242156668752e+08 9.999853374825790064e-01 0.000000000000000000e+00
1.238341071468138248e+08 9.999851130918856468e-01 0.000000000000000000e+00
1.274616282819872946e+08 9.999849052157304685e-01 0.000000000000000000e+00
1.311954118184435666e+08 9.999847169816198367e-01 0.000000000000000000e+00
1.350385705424373746e+08 9.999845519158769847e-01 0.000000000000000000e+00
1.389943084242920876e+08 9.999844139914551011e-01 0.000000000000000000e+00
1.430659232894937396e+08 9.999843076814467491e-01 0.000000000000000000e+00
1.472568095680249631e+08 9.999842380189633007e-01 0.000000000000000000e+00
1.515704611242395937e+08 9.999842106641503303e-01 0.000000000000000000e+00
1.560104741696303487e+08 9.999842319791913958e-01 0.000000000000000000e+00
1.605805502609273791e+08 9.999843091122597727e-01 0.000000000000000000e+00
1.652844993860153258e+08 9.999844500914853995e-01 0.000000000000000000e+00
1.701262431402502060e+08 9.999846639301427365e-01 0.000000000000000000e+00
1.751098179958217144e+08 9.999849607444022404e-01 0.000000000000000000e+00
1.802393786668825150e+08 9.999853518851554712e-01 0.000000000000000000e+00
1.855192015732608140e+08 9.999858500856034782e-01 0.000000000000000000e+00
1.909536884056296647e+08 9.999864696265011732e-01 0.000000000000000000e+00
1.965473697951165140e+08 9.999872265211835476e-01 0.000000000000000000e+00
2.023049090904033780e+08 9.999881387227569363e-01 0.000000000000000000e+00
2.082311062454790771e+08 9.999892263560946626e-01 0.000000000000000000e+00
2.143309018212690055e+08 9.999905119776889562e-01 0.000000000000000000e+00
2.206093811044900417e+08 9.999920208666422949e-01 0.000000000000000000e+00
2.270717783471610248e+08 9.999937813506064588e-01 0.000000000000000000e+00
2.337234811302981079e+08 9.999958251708731538e-01 0.000000000000000000e+00
2.405700348554467559e+08 9.999981878913630773e-01 0.000000000000000000e+00
2.476171473677769899e+08 1.000000909356832501e+00 0.000000000000000000e+00
2.548706937146100700e+08 1.000004034206304571e+00 1.838794055545441209e-28
2.623367210433326662e+08 1.000007612448486904e+00 1.062909927919679350e-27
2.700214536427979469e+08 1.000011700106806067e+00 5.856441011615006610e-27
2.779312981323959827e+08 1.000016359942748512e+00 3.079858327867834540e-26
2.860728488031346798e+08 1.000021662267420730e+00 1.547947346116697306e-25
2.944528931151782870e+08 1.000027685852709514e+00 7.444962521865327770e-25
3.030784173564286828e+08 1.000034518954850293e+00 3.430727369347733723e-24
3.119566124668592215e+08 1.000042260466210697e+00 1.516520428271188778e-23
3.210948800334758162e+08 1.000051021213216984e+00 6.438055261648048138e-23
3.305008384608782530e+08 1.000060925420536595e+00 2.627828305377364157e-22
3.401823293225855827e+08 1.000072112368738608e+00 1.032410765196089180e-21
3.501474238984055519e+08 1.000084738276719065e+00 3.908275034431376755e-21
3.604044299033194184e+08 1.000098978446762876e+00 1.427070586026271923e-20
3.709618984134646654e+08 1.000115029711506898e+00 5.031199588209369592e-20
3.818286309950104952e+08 1.000133113258042217e+00 1.714309590155382419e-19
3.930136870418622494e+08 1.000153477898444887e+00 5.650837708030805135e-19
4.045263913283039927e+08 1.000176403837070405e+00 1.803621182008510955e-18
4.163763417829000354e+08 1.000202207114742725e+00 5.579292648679029774e-18
4.285734174901039600e+08 1.000231244850144696e+00 1.674158785464828295e-17
4.411277869262718558e+08 1.000263921417439583e+00 4.877200891579448097e-17
4.540499164369260669e+08 1.000300695741294321e+00 1.380590013723435764e-16
4.673505789623640776e+08 1.000342090179644705e+00 3.800441086025764497e-16
4.810408630188527703e+08 1.000388701272939551e+00 1.018182993500254688e-15
4.951321819429209232e+08 1.000441212065857455e+00 2.656925611691216774e-15
5.096362834064487815e+08 1.000500407909033385e+00 6.758134677802160917e-15
5.245652592104764581e+08 1.000567195563060618e+00 1.676849549098814161e-14
5.399315553659272194e+08 1.000642624702326788e+00 4.061621911044154960e-14
5.557479824696080685e+08 1.000727916192584166e+00 9.610705316169886622e-14
5.720277263841720819e+08 1.000824496635764005e+00 2.223149229608113767e-13
5.887843592309185266e+08 1.000934034834263908e+00 5.030814182581724878e-13
6.060318507046331167e+08 1.001058494517609532e+00 1.114444139776624613e-12
6.237845797198551893e+08 1.001200190749720997e+00 2.418331979134369653e-12
6.420573463983147144e+08 1.001361858187659104e+00 5.143875083758751028e-12
6.608653844075227976e+08 1.001546740874314168e+00 1.073139039752348204e-11
6.802243736607878208e+08 1.001758682027775960e+00 2.197233657558227224e-11
7.001504533892848492e+08 1.002002255823278176e+00 4.417835283745629098e-11
7.206602355970234871e+08 1.002282895366458870e+00 8.727765082917711171e-11
7.417708189099742174e+08 1.002607063213308614e+00 1.695097610426731902e-10
7.634998028308640718e+08 1.002982459245509439e+00 3.238286713821670815e-10
7.858653024115747213e+08 1.003418223321894009e+00 6.088092350320001994e-10
8.088859633553140163e+08 1.003925223199404693e+00 1.126936987799771194e-09
8.325809775611968040e+08 1.004516359783782731e+00 2.054784261173317405e-09
8.569700991241761446e+08 1.005206930417704925e+00 3.692031338007885102e-09
8.820736608036700487e+08 1.006015045700695332e+00 6.539878856144902681e-09
9.079125909745934010e+08 1.006962111290702566e+00 1.142457812406374040e-08
9.345084310749771595e+08 1.008073381490149911e+00 1.968912233934952049e-08
9.618833535646533966e+08 1.009378604636535171e+00 3.348633944019650293e-08
9.900601804100320339e+08 1.010912778398936451e+00 5.622057889600865245e-08
1.019062402110335708e+09 1.012716916171914727e+00 9.320274607511041759e-08
1.048914197281219006e+09 1.014839066486413532e+00 1.526094001429588149e-07
1.079640452812016487e+09 1.017335387002088032e+00 2.468655345967402026e-07
1.111266784613485813e+09 1.020271366169103411e+00 3.946103610027530659e-07
1.143819558973324299e+09 1.023723207509362965e+00 6.234529917526048521e-07
1.177325914537234783e+09 1.027779444097877803e+00 9.737852952468472308e-07
1.211813784933942080e+09 1.032542718458560493e+00 1.503986113779401858e-06
1.247311922062922478e+09 1.038131797600207795e+00 2.297436939683710249e-06
1.283849920064341068e+09 1.044683854242020038e+00 3.471869050147976147e-06
1.321458239991118431e+09 1.052357001677925563e+00 5.191676965392800485e-06
1.360168235203776360e+09 1.061333266814509901e+00 7.683999466770190972e-06
1.400012177509135485e+09 1.071821778772686029e+00 1.125951244658952136e-05
1.441023284064728022e+09 1.084062414896959314e+00 1.633913761189387910e-05
1.483235745071326971e+09 1.098329836858897846e+00 2.348812503776917678e-05
1.526684752276691675e+09 1.114938313697432015e+00 3.345952036051549975e-05
1.571406528314249754e+09 1.134246728647198443e+00 4.724923393624016533e-05
1.617438356901275635e+09 1.156664403912086359e+00 6.616595086991026325e-05
1.664818613921616554e+09 1.182657513777782166e+00 9.191983575262557837e-05
1.713586799418937206e+09 1.212756846816815282e+00 1.267356579154741065e-04
1.763783570527214289e+09 1.247565725929467018e+00 1.734967042634902518e-04
1.815450775365811586e+09 1.287769351810131857e+00 2.359290180098089868e-04
1.868631487927488089e+09 1.334144927091023947e+00 3.188373288091194010e-04
1.923370043988390207e+09 1.387574243569863253e+00 4.284091372047970953e-04
1.979712078069975138e+09 1.449056708297459917e+00 5.726050632641629078e-04
2.037704561483635664e+09 1.519724001213283104e+00 7.616608508106813974e-04
2.097395841489860296e+09 1.600856922427621454e+00 1.008732855017964013e-03
2.158835681604428291e+09 1.693905760644644376e+00 1.330728310724387832e-03
2.222075303085304260e+09 1.800509555232511660e+00 1.749362529212350340e-03
2.287167427634904385e+09 1.922523656615704901e+00 2.292516327200621283e-03
2.354166321353172302e+09 2.062045515875573720e+00 2.995952650458098918e-03
2.423127839978229046e+09 2.221444423811375302e+00 3.905487162544683897e-03
2.494109475452268600e+09 2.403404024053881205e+00 5.079746407823619928e-03
2.567170403851538181e+09 2.610952793828815288e+00 6.593579928465299889e-03
2.642371534720295429e+09 2.847517564046628813e+00 8.542371720929925125e-03
2.719775561850031853e+09 3.116970972505705095e+00 1.104735891179825340e-02
2.799447015546083927e+09 3.423698518386305345e+00 1.426227214165352170e-02
2.881452316425378323e+09 3.772648896202409841e+00 1.838138581673685878e-02
2.965859830790022850e+09 4.169426982587784103e+00 2.364958661893916750e-02
3.052739927623100281e+09 4.620377274725977479e+00 3.037459240367273994e-02
3.142165037253938198e+09 5.132674887388280816e+00 3.894178760836471132e-02
3.234209711741948128e+09 5.714435330417794390e+00 4.983226096169997982e-02
3.328950687029297352e+09 6.374853152773197529e+00 6.364482250138442376e-02
3.426466946914258480e+09 7.124346317076631685e+00 8.112250853902895631e-02
3.526839788898484230e+09 7.974710341966333438e+00 1.031843320204413605e-01
3.630152891963314533e+09 8.939308165340023038e+00 1.309636046111902208e-01
3.736492386331355095e+09 1.003328155082132156e+01 1.658538154960696454e-01
3.845946925271603107e+09 1.127380999579253817e+01 2.095639953554962187e-01
3.958607759008128166e+09 1.268037110187245808e+01 2.641841090346058740e-01
4.074568810793635368e+09 1.427505598256024300e+01 3.322633528505535838e-01
4.193926755211558819e+09 1.608292176582639854e+01 4.169031129787472700e-01
4.316781098771873474e+09 1.813243804787350655e+01 5.218691813544434899e-01
4.443234262867848396e+09 2.045589871907499457e+01 6.517214068199460586e-01
4.573391669162797928e+09 2.309000129527142775e+01 8.119715324693770331e-01
4.707361827478274345e+09 2.607641906776166962e+01 1.009266467392935462e+00
4.845256426256653786e+09 2.946254116061630768e+01 1.251609345884229674e+00
4.987190425673658371e+09 3.330220172480360219e+01 1.548614513135501802e+00
5.133282153478646278e+09 3.765661246608263468e+01 1.911813700860282017e+00
5.283653403642189980e+09 4.259540907144041455e+01 2.355016696286241995e+00
5.438429537893475533e+09 4.819783224302886993e+01 2.894735657923904970e+00
5.597739590232056618e+09 5.455402194602556420e+01 3.550679726820221482e+00
5.761716374501134872e+09 6.176664748235580049e+01 4.346349683732182889e+00
5.930496595111913681e+09 6.995246958721862995e+01 5.309709047496345313e+00
6.104220961011671066e+09 7.924467384088238475e+01 6.474025774662711008e+00
6.283034302990117073e+09 8.979493628509520420e+01 7.878802177768907455e+00
6.467085694422193527e+09 1.017759583894919047e+02 9.570877155229338129e+00
6.656528575547679901e+09 1.153847652749515618e+02 1.160576840278542754e+01
6.851520881391641617e+09 1.308459040147782275e+02 1.404917639857356981e+01
7.052225173431834221e+09 1.484156893946069147e+02 1.697882268265911421e+01
7.258808775123225212e+09 1.683861267313368444e+02 2.048646656312828185e+01
7.471443911392463684e+09 1.910906923986828474e+02 2.468045257274151894e+01
7.690307852218645096e+09 2.169099191400032964e+02 2.968853828887499446e+01
7.915583060419889450e+09 2.462784721714260172e+02 3.566130839283781029e+01
8.147457343769403458e+09 2.796921277808718855e+02 4.277595957463790199e+01
8.386124011567255020e+09 3.177175676488761837e+02 5.124104619867144805e+01
8.631782035798656464e+09 3.610021340875366604e+02 6.130175748165410710e+01
8.884636217013431549e+09 4.102857684802835934e+02 7.324621907672661791e+01
9.144897355064310074e+09 4.664135961645882276e+02 8.741260366337975540e+01
9.412782424846891403e+09 5.303518221579029159e+02 1.041977314505209193e+02
9.688514757187610626e+09 6.032061123996726337e+02 1.240671662730714360e+02
9.972324225030553818e+09 6.862402041893845990e+02 1.475663828783482927e+02
1.026444743507811546e+10 7.808998723945086340e+02 1.753343888065323313e+02
1.056512792504586601e+10 8.888386459419637049e+02 2.081191434650438623e+02
1.087461636669533730e+10 1.011950422708014344e+03 2.467963533364784325e+02
1.119317077481427765e+10 1.152402209584885441e+03 2.923900798932368730e+02
1.152105672231908607e+10 1.312673678127842322e+03 3.460971935008655009e+02
1.185854756165785217e+10 1.495604835296079727e+03 4.093165048474181162e+02
1.220592465269928932e+10 1.704449614320498767e+03 4.836823677852587480e+02
1.256347759729724312e+10 1.942934125306440137e+03 5.711026919525758103e+02
1.293150448072645378e+10 2.215326283282191071e+03 6.738039244334868272e+02
1.331031212019052696e+10 2.526515897501703421e+03 7.943833701307729598e+02
1.370021632061007500e+10 2.882110552260470286e+03 9.358713801898419433e+02
1.410154213790321732e+10 3.288535894816181099e+03 1.101800175549108417e+03
1.451462414997881317e+10 3.753155015195627129e+03 1.296285050786629199e+03
1.493980673566762352e+10 4.284411842185908426e+03 1.524120968987813512e+03
1.537744436182493210e+10 4.891994455132015901e+03 1.790894334464775739e+03
1.582790187884276772e+10 5.587009569892608852e+03 2.103107581631551966e+03
1.629155482481897926e+10 6.382195058925675767e+03 2.468328163104865780e+03
1.676878973863648033e+10 7.292164795323355065e+03 2.895361721550287257e+03
1.726000448221327972e+10 8.333693727339021279e+03 3.394454594270255257e+03
1.776560857219301224e+10 9.526028067163379092e+03 3.977521359594262776e+03
1.828602352135112762e+10 1.089124748535470644e+04 4.658410623733274406e+03
1.882168319000241089e+10 1.245469795621848243e+04 5.453220210097962990e+03
1.937303414770203400e+10 1.424549043654744855e+04 6.380663353615399501e+03
1.994053604554274368e+10 1.629703647998832457e+04 7.462476139724388304e+03
2.052466199935720444e+10 1.864768422254700636e+04 8.723897904619303517e+03
2.112589898414597702e+10 2.134147913683819206e+04 1.019424141310292362e+04
2.174474824005956650e+10 2.442902650785318110e+04 1.190754815920822148e+04
2.238172569027315521e+10 2.796843123747642312e+04 1.390332231710804081e+04
2.303736237110184479e+10 3.202641359250462119e+04 1.622739622522173522e+04
2.371220487471634674e+10 3.667963417595146166e+04 1.893295283574173664e+04
2.440681580482650757e+10 4.201620083623447135e+04 2.208170173307598088e+04
2.512177424571330261e+10 4.813731822629329690e+04 2.574519817450321716e+04
2.585767624500127792e+10 5.515923149917608680e+04 3.000639112244875287e+04
2.661513531057204056e+10 6.321555525178529206e+04 3.496146190066718555e+04
2.739478292203451920e+10 7.245989597691690142e+04 4.072192358916589001e+04
2.819726905717783356e+10 8.306874981227725220e+04 4.741698694811453606e+04
2.902326273384587479e+10 9.524489060806644557e+04 5.519632289893338020e+04
2.987345256768461609e+10 1.092214695953935152e+05 6.423336368687729555e+04
3.074854734622896576e+10 1.252665743922931724e+05 7.472903822049312294e+04
3.164927661980533600e+10 1.436883184412179107e+05 8.691600561466359068e+04
3.257639130974450684e+10 1.648407622809585300e+05 1.010635813368760719e+05
3.353066433441031647e+10 1.891311051075417781e+05 1.174836364765009348e+05
3.451289125356819153e+10 2.170276430282190850e+05 1.365372455540288647e+05
3.552389093162808228e+10 2.490686793648898602e+05 1.586422305390781548e+05
3.656450622031669617e+10 2.858729006278509623e+05 1.842819412720455730e+05
3.763560466134754944e+10 3.281519560476707993e+05 2.140157537418088468e+05
3.873807920967382812e+10 3.767243704175067251e+05 2.484908871371343848e+05
3.987284897792932892e+10 4.325311392182595446e+05 2.884558177168312832e+05
4.104086000267502594e+10 4.966539136168353143e+05 3.347758993715660181e+05
4.224308603309262085e+10 5.703369550941016059e+05 3.884519778800994973e+05
4.348052934278048706e+10 6.550115102749648504e+05 4.506413839302454144e+05
4.475422156533167267e+10 7.523230881050628377e+05 5.226817293111592298e+05
4.606522455438705444e+10 8.641630966183007695e+05 6.061185108184438432e+05
4.741463126888324738e+10 9.927076305773601634e+05 7.027383129970161244e+05
4.880356668423223877e+10 1.140459657098747324e+06 8.146057387571018189e+05
5.023318873019279480e+10 1.310296845986798173e+06 9.441056154988105409e+05
5.170468925621424103e+10 1.505526742850938579e+06 1.093991766529030399e+06
5.321929502506053925e+10 1.729954953625204740e+06 1.267445916911233217e+06
5.477826873553909302e+10 1.987958147659788607e+06 1.468142548236846924e+06
5.638291007518873596e+10 2.284568037644209806e+06 1.700323685464434559e+06
5.803455680380647278e+10 2.625567365626494866e+06 1.968884788014546735e+06
5.973458586871220398e+10 3.017609386260953732e+06 2.279478822099968325e+06
6.148441455268445587e+10 3.468344409616329242e+06 2.638630092856859323e+06
6.328550165552282715e+10 3.986566830849920399e+06 3.053866278692664579e+06
6.513934871022261047e+10 4.582381966807424091e+06 3.533869355262628756e+06
6.704750123477406311e+10 5.267414723329640925e+06 4.088658678755066358e+06
6.901155002063371277e+10 6.055029427217087708e+06 4.729790727564052679e+06
7.103313245893699646e+10 6.960585630063256249e+06 5.470590874509993941e+06
7.311393390556010437e+10 8.001729355622577481e+06 6.326418805715464987e+06
7.525568908617167664e+10 9.198753979648370296e+06 7.314987983889989555e+06
7.746018354244035339e+10 1.057498411276955530e+07 8.456716578454624861e+06
7.972925512060813904e+10 1.215721839842629619e+07 9.775132332806797698e+06
8.206479550366879272e+10 1.397623641189789213e+07 1.129733755981474929e+07
8.446875178842932129e+10 1.606742242532949708e+07 1.305456525214052014e+07
8.694312810876712036e+10 1.847143363791275397e+07 1.508279314082922228e+07
8.948998730644142151e+10 2.123496360941987485e+07 1.742344798751059547e+07
9.211145265084492493e+10 2.441162064391171932e+07 2.012421644968067110e+07
9.480970960913493347e+10 2.806301036305131391e+07 2.324001304927359149e+07
9.758700766821530151e+10 3.225988561178696156e+07 2.683404535324718803e+07
1.004456622100944519e+11 3.708346471149966121e+07 3.097903751918427646e+07
1.033880564421748657e+11 4.262693893047420681e+07 3.575863377455934882e+07
1.064166433840895081e+11 4.899736542021608353e+07 4.126908458508347720e+07
1.095339479127387848e+11 5.631761029905123264e+07 4.762107329876766354e+07
1.127425688672342987e+11 6.472864295040359348e+07 5.494184401374559850e+07
1.160451812155009613e+11 7.439208581414081156e+07 6.337760785391124338e+07
