# T[K] L_nTOpCCRTh L_pTOnCCRTh
# fingerprint_hash: 0eccbdd5dbb5dd93
# fingerprint: {"QED_corrections":true,"T_start_cosmo_MeV":40.0,"format_version":1,"incomplete_decoupling":true,"nevo_file":null,"nevo_file_prefix":"NEVOPRIMAT","sampling_nTOp_thermal_per_decade":20}
# provenance: backend=python algorithm=vegas vegas_n_eval=20000 vegas_n_itn=20
1.584893192461110950e+08 2.206646609886373827e-07 1.923236059003797652e-46
1.783011135732713044e+08 3.783914009517672329e-07 9.378168622441506214e-42
2.005894608715007603e+08 6.109217729677653604e-07 1.412115230697369152e-37
2.256639400975164175e+08 9.696683599422852993e-07 7.469838192290355261e-34
2.538728288070835173e+08 1.490138204697848659e-06 1.556890859546577227e-30
2.856079406335778236e+08 2.293065725217234499e-06 1.415747238699834938e-27
3.213100674705891013e+08 3.463013492317361169e-06 6.152005961681117741e-25
3.614751019489566088e+08 5.233241495584413345e-06 1.386344223700593997e-22
4.066609252477573752e+08 7.902252775048803528e-06 1.739614778655310181e-20
4.574951559090070128e+08 1.195192559135212859e-05 1.298215933752469445e-18
5.146838672849866748e+08 1.813859516654106252e-05 6.107115844977112616e-17
5.790213947010961771e+08 2.755237462606406355e-05 1.914206607649259797e-15
6.514013685530252457e+08 4.207408703137847309e-05 4.181058488415658008e-14
7.328291265848643780e+08 6.481383160934523369e-05 6.669080194996759500e-13
8.244356777512959242e+08 1.006725489022701817e-04 8.060858429725110463e-12
9.274934116180050373e+08 1.570262108067834036e-04 7.638598643303404309e-11
1.043433771499526024e+09 2.460575480031353753e-04 5.858424032780697789e-10
1.173867136809529066e+09 3.844542967380827300e-04 3.733790564042737503e-09
1.320605190783809423e+09 5.939029531461635517e-04 2.035468696748157676e-08
1.485686084257525444e+09 9.018005204924436522e-04 9.698530506589664786e-08
1.671402745014494658e+09 1.335075805606152338e-03 4.128589341088615778e-07
1.880334725917622328e+09 1.920693170284557948e-03 1.589792133302881994e-06
2.115384034182041407e+09 2.671690846731296625e-03 5.510661372407089627e-06
2.379815439449759007e+09 3.570797043458764052e-03 1.716295200001635810e-05
2.677301820533663750e+09 4.572051713831359193e-03 4.794994075572636243e-05
3.011975180684689045e+09 5.555401818224555560e-03 1.203507545827774318e-04
3.388484039969858170e+09 6.285580658741660859e-03 2.723213656021948505e-04
3.812058001925625801e+09 6.338427214008264012e-03 5.576904428372682744e-04
4.288580391299249172e+09 5.099363130519531800e-03 1.038827459700891482e-03
4.824669971796293259e+09 1.707160543471796313e-03 1.756134867642234441e-03
5.427772878871209145e+09 -4.812458223958000075e-03 2.709014513007547507e-03
6.106266044481631279e+09 -1.516620687872450093e-02 3.797455249784077898e-03
6.869573550347902298e+09 -2.901057511427448943e-02 5.025117065455390192e-03
7.728297525831991196e+09 -4.102067037536019645e-02 6.920447352828053809e-03
8.694365408571296692e+09 -3.843485528057143802e-02 1.267912166460522828e-02
9.781195613276195526e+09 1.815095911964885456e-02 3.226399355277762004e-02
1.100388390978551674e+10 2.127311933992276638e-01 9.449343697569687062e-02
1.237941309911894608e+10 7.355666724532710088e-01 2.727986780060442373e-01
1.392688889986894226e+10 1.983260937086485765e+00 7.480043491651031662e-01
1.566780532132795143e+10 4.778527943991885074e+00 1.927990649506693188e+00
1.762634320931091309e+10 1.076915999086237008e+01 4.715310350664251970e+00
1.982970611139097595e+10 2.326269218185066023e+01 1.108031186281269775e+01
2.230849812662348175e+10 4.881976719757450667e+01 2.510059860583940861e+01
2.509714898798648071e+10 1.003407232249254548e+02 5.535262117393261150e+01
2.823439228181358719e+10 2.025986775068876682e+02 1.192690816092516570e+02
3.176380344655600739e+10 4.035478418502740396e+02 2.518917917190121045e+02
3.573440502352600861e+10 7.965743647423108769e+02 5.234717357428534115e+02
4.020134756638687897e+10 1.559371890144793269e+03 1.073662895787947946e+03
4.522667566703415680e+10 3.030929920742426020e+03 2.174369527719871712e+03
5.088018973775251007e+10 5.858853609019232863e+03 4.359557167968726390e+03
5.724041551956611633e+10 1.126980528681488977e+04 8.672636460089193861e+03
6.439569478298348236e+10 2.158098099975230434e+04 1.711215764831965498e+04
7.244541237066476440e+10 4.122196822275005252e+04 3.350345274775197322e+04
8.150137662529786682e+10 7.838208667627623072e+04 6.524211964299594547e+04
9.168937237644023132e+10 1.487816172093260102e+05 1.263103016134968639e+05
1.031509080568829041e+11 2.818944984411490150e+05 2.437175088857466471e+05
1.160451812155009613e+11 5.320816204108025413e+05 4.680695812442953466e+05
