# T[K] L_nTOpCCRTh L_pTOnCCRTh
# fingerprint_hash: a76b4e267077eae2
# fingerprint: {"QED_corrections":true,"T_start_cosmo_MeV":40.0,"format_version":1,"incomplete_decoupling":false,"nevo_file":null,"nevo_file_prefix":"NEVOPRIMAT","sampling_nTOp_thermal_per_decade":20}
# provenance: backend=python algorithm=vegas vegas_n_eval=20000 vegas_n_itn=20
1.584893192461110950e+08 2.154213231462475581e-07 1.878950055177990862e-46
1.783011135732713044e+08 3.745621984411292196e-07 9.179460500285098407e-42
2.005894608715007603e+08 6.032836002931271026e-07 1.383957213041126990e-37
2.256639400975164175e+08 9.522877098150791193e-07 7.324687946761574947e-34
2.538728288070835173e+08 1.486908070766004034e-06 1.528630397150453768e-30
2.856079406335778236e+08 2.255333076962115873e-06 1.390636109001860463e-27
3.213100674705891013e+08 3.420104497024841981e-06 6.053598098676302458e-25
3.614751019489566088e+08 5.180732944431326410e-06 1.365000488879691365e-22
4.066609252477573752e+08 7.838035231497839133e-06 1.716534928924756575e-20
4.574951559090070128e+08 1.185718233022148452e-05 1.283103959599072783e-18
5.146838672849866748e+08 1.792791209802544017e-05 6.048985491596241286e-17
5.790213947010961771e+08 2.734550414235176617e-05 1.897905574859537121e-15
6.514013685530252457e+08 4.165088796746183085e-05 4.153907862024440563e-14
7.328291265848643780e+08 6.440699288979312193e-05 6.638875607940273474e-13
8.244356777512959242e+08 9.959657556643961517e-05 8.032372647654778121e-12
9.274934116180050373e+08 1.558386535667555055e-04 7.624665266369398793e-11
1.043433771499526024e+09 2.442269330712684185e-04 5.853622847240065125e-10
1.173867136809529066e+09 3.808276748701123538e-04 3.734824608192670946e-09
1.320605190783809423e+09 5.880272545611133720e-04 2.036509594681833980e-08
1.485686084257525444e+09 8.913031643720461129e-04 9.703637810093832648e-08
1.671402745014494658e+09 1.319194437244180194e-03 4.132802605376126544e-07
1.880334725917622328e+09 1.895169720981383903e-03 1.591550860452302230e-06
2.115384034182041407e+09 2.627319342947070403e-03 5.521134250607825660e-06
2.379815439449759007e+09 3.503117817351902342e-03 1.722548886410380889e-05
2.677301820533663750e+09 4.475565471086019077e-03 4.825652041264194878e-05
3.011975180684689045e+09 5.393144285868614260e-03 1.216830064091057022e-04
3.388484039969858170e+09 6.008715561826060911e-03 2.768931268122523290e-04
3.812058001925625801e+09 5.897875057340599622e-03 5.714921265822536268e-04
4.288580391299249172e+09 4.389752567970989922e-03 1.074281851297018836e-03
4.824669971796293259e+09 5.778066381238690027e-04 1.845875285965527159e-03
5.427772878871209145e+09 -6.623081329057148997e-03 2.904920581747266750e-03
6.106266044481631279e+09 -1.820276973836959175e-02 4.241358641742977095e-03
6.869573550347902298e+09 -3.340400591933549712e-02 5.871717091173638339e-03
7.728297525831991196e+09 -4.854845254255418796e-02 8.613448875621600512e-03
8.694365408571296692e+09 -4.902649801559672005e-02 1.552746285751316693e-02
9.781195613276195526e+09 7.269266001029006663e-04 3.716913794900042478e-02
1.100388390978551674e+10 1.842781563940531497e-01 1.029831340953515778e-01
1.237941309911894608e+10 6.935754240394687020e-01 2.878482452739511976e-01
1.392688889986894226e+10 1.910022022885188075e+00 7.698166349368715800e-01
1.566780532132795143e+10 4.664741202109992102e+00 1.961136096032326304e+00
1.762634320931091309e+10 1.060396003570691370e+01 4.759478180087948651e+00
1.982970611139097595e+10 2.300354654545369826e+01 1.112096476498865094e+01
2.230849812662348175e+10 4.845572370384766003e+01 2.516852590633698128e+01
2.509714898798648071e+10 9.966223521346421421e+01 5.536879094249041344e+01
2.823439228181358719e+10 2.015842561435463836e+02 1.192910593250934710e+02
3.176380344655600739e+10 4.025632338808482018e+02 2.519186038155925758e+02
3.573440502352600861e+10 7.940847808054846837e+02 5.234936784620222170e+02
4.020134756638687897e+10 1.556023593280678369e+03 1.072854541844552614e+03
4.522667566703415680e+10 3.026840337878267746e+03 2.174332849438049379e+03
5.088018973775251007e+10 5.851549191324832464e+03 4.362263607500286525e+03
5.724041551956611633e+10 1.126341311182080608e+04 8.663957890805279021e+03
6.439569478298348236e+10 2.157483623900468956e+04 1.708313267761914176e+04
7.244541237066476440e+10 4.116187429936319677e+04 3.348468079187266267e+04
8.150137662529786682e+10 7.841521726515314367e+04 6.522097736164312664e+04
9.168937237644023132e+10 1.488484149411660619e+05 1.264740009274386102e+05
1.031509080568829041e+11 2.815853593413782655e+05 2.436151224808586121e+05
1.160451812155009613e+11 5.324307703620106913e+05 4.676761464022307191e+05
