# T[K] Gamma_nTOp[1/tau_n] Gamma_pTOn[1/tau_n]
# fingerprint_hash: 2218248995f018af
# fingerprint: {"QED_corrections":true,"T_end_MeV":0.001,"T_start_cosmo_MeV":40.0,"analytic_distortions":false,"finite_mass_corrections":true,"format_version":1,"incomplete_decoupling":true,"munuOverTnu":0.0,"nevo_file":null,"nevo_file_prefix":"NEVOPRIMAT","nevo_spectral_file":null,"radiative_corrections":true,"sampling_nTOp_per_decade":80,"spectral_distortions":true,"y_SZ":0.0,"y_gray":0.0}
1.160451812155007198e+07 9.999983390280320350e-01 0.000000000000000000e+00
1.194445382843508385e+07 9.999982903869299999e-01 0.000000000000000000e+00
1.229434740548801981e+07 9.999982403224687566e-01 0.000000000000000000e+00
1.265449055251050368e+07 9.999981887932004598e-01 0.000000000000000000e+00
1.302518351418111660e+07 9.999981357564629025e-01 0.000000000000000000e+00
1.340673533036361635e+07 9.999980811683488735e-01 0.000000000000000000e+00
1.379946409374797717e+07 9.999980249836724067e-01 0.000000000000000000e+00
1.420369721503815055e+07 9.999979671559378058e-01 0.000000000000000000e+00
1.461977169590851478e+07 9.999979076373083364e-01 0.000000000000000000e+00
1.504803440995584987e+07 9.999978463785746952e-01 0.000000000000000000e+00
1.548884239188134670e+07 9.999977833291232576e-01 0.000000000000000000e+00
1.594256313514404185e+07 9.999977184369051031e-01 0.000000000000000000e+00
1.640957489833307080e+07 9.999976516484032629e-01 0.000000000000000000e+00
1.689026702051510662e+07 9.999975829085989698e-01 0.000000000000000000e+00
1.738504024581887946e+07 9.999975121609385731e-01 0.000000000000000000e+00
1.789430705752837285e+07 9.999974393472982337e-01 0.000000000000000000e+00
1.841849202196240798e+07 9.999973644079477308e-01 0.000000000000000000e+00
1.895803214242760837e+07 9.999972872815152680e-01 0.000000000000000000e+00
1.951337722354025394e+07 9.999972079049505025e-01 0.000000000000000000e+00
2.008499024621973559e+07 9.999971262134879080e-01 0.000000000000000000e+00
2.067334775366751477e+07 9.999970421406103593e-01 0.000000000000000000e+00
2.127894024865204096e+07 9.999969556180146046e-01 0.000000000000000000e+00
2.190227260243212804e+07 9.999968665755759600e-01 0.000000000000000000e+00
2.254386447565865889e+07 9.999967749413166684e-01 0.000000000000000000e+00
2.320425075160592049e+07 9.999966806413735920e-01 0.000000000000000000e+00
2.388398198209420219e+07 9.999965835999723440e-01 0.000000000000000000e+00
2.458362484647430480e+07 9.999964837393999773e-01 0.000000000000000000e+00
2.530376262405800447e+07 9.999963809799833347e-01 0.000000000000000000e+00
2.604499568038682267e+07 9.999962752400721744e-01 0.000000000000000000e+00
2.680794196774604172e+07 9.999961664360241809e-01 0.000000000000000000e+00
2.759323754033992812e+07 9.999960544821968611e-01 0.000000000000000000e+00
2.840153708455819264e+07 9.999959392909454348e-01 0.000000000000000000e+00
2.923351446477630734e+07 9.999958207726260540e-01 0.000000000000000000e+00
3.008986328514331579e+07 9.999956988356069054e-01 0.000000000000000000e+00
3.097129746782724559e+07 9.999955733862907481e-01 0.000000000000000000e+00
3.187855184819832072e+07 9.999954443291428907e-01 0.000000000000000000e+00
3.281238278744807094e+07 9.999953115667356007e-01 0.000000000000000000e+00
3.377356880315344781e+07 9.999951749998017281e-01 0.000000000000000000e+00
3.476291121831235290e+07 9.999950345273067587e-01 0.000000000000000000e+00
3.578123482939223200e+07 9.999948900465365220e-01 0.000000000000000000e+00
3.682938859394711256e+07 9.999947414532036616e-01 0.000000000000000000e+00
3.790824633837836981e+07 9.999945886415797514e-01 0.000000000000000000e+00
3.901870748642701656e+07 9.999944315046498389e-01 0.000000000000000000e+00
4.016169780900728703e+07 9.999942699342969643e-01 0.000000000000000000e+00
4.133817019600404054e+07 9.999941038215193201e-01 0.000000000000000000e+00
4.254910545068005472e+07 9.999939330566842699e-01 0.000000000000000000e+00
4.379551310735325515e+07 9.999937575298254444e-01 0.000000000000000000e+00
4.507843227302657813e+07 9.999935771309844679e-01 0.000000000000000000e+00
4.639893249367284775e+07 9.999933917506075298e-01 0.000000000000000000e+00
4.775811464589476585e+07 9.999932012800039072e-01 0.000000000000000000e+00
4.915711185470598191e+07 9.999930056118681021e-01 0.000000000000000000e+00
5.059709043819620460e+07 9.999928046408832483e-01 0.000000000000000000e+00
5.207925087986870110e+07 9.999925982644072286e-01 0.000000000000000000e+00
5.360482882946188748e+07 9.999923863832588244e-01 0.000000000000000000e+00
5.517509613308683038e+07 9.999921689026115557e-01 0.000000000000000000e+00
5.679136189354267716e+07 9.999919457330117556e-01 0.000000000000000000e+00
5.845497356169053912e+07 9.999917167915365335e-01 0.000000000000000000e+00
6.016731805979927629e+07 9.999914820031060581e-01 0.000000000000000000e+00
6.192982293779598922e+07 9.999912413019749202e-01 0.000000000000000000e+00
6.374395756338880956e+07 9.999909946334182287e-01 0.000000000000000000e+00
6.561123434705124050e+07 9.999907419556433030e-01 0.000000000000000000e+00
6.753321000289034843e+07 9.999904832419512779e-01 0.000000000000000000e+00
6.951148684645150602e+07 9.999902184831798158e-01 0.000000000000000000e+00
7.154771413053803146e+07 9.999899476904637874e-01 0.000000000000000000e+00
7.364358942016379535e+07 9.999896708983515570e-01 0.000000000000000000e+00
7.580086000778134167e+07 9.999893881683218355e-01 0.000000000000000000e+00
7.802132436996677518e+07 9.999890995927520621e-01 0.000000000000000000e+00
8.030683366677752137e+07 9.999888052993908261e-01 0.000000000000000000e+00
8.265929328502891958e+07 9.999885054563992792e-01 0.000000000000000000e+00
8.508066442678131163e+07 9.999882002780324797e-01 0.000000000000000000e+00
8.757296574435649812e+07 9.999878900310372742e-01 0.000000000000000000e+00
9.013827502325230837e+07 9.999875750418577569e-01 0.000000000000000000e+00
9.277873091435243189e+07 9.999872557047450039e-01 0.000000000000000000e+00
9.549653471688136458e+07 9.999869324908863266e-01 0.000000000000000000e+00
9.829395221358637512e+07 9.999866059586757228e-01 0.000000000000000000e+00
1.011733155596781969e+08 9.999862767652699658e-01 0.000000000000000000e+00
1.041370252271060497e+08 9.999859456795858748e-01 0.000000000000000000e+00
1.071875520057871491e+08 9.999856135969172888e-01 0.000000000000000000e+00
1.103274390634579509e+08 9.999852815553708085e-01 0.000000000000000000e+00
1.135593040658666492e+08 9.999849507543455696e-01 0.000000000000000000e+00
1.168858413590708673e+08 9.999846225753047380e-01 0.000000000000000000e+00
1.203098242156668752e+08 9.999842986051258320e-01 0.000000000000000000e+00
1.238341071468138248e+08 9.999839806623419536e-01 0.000000000000000000e+00
1.274616282819872946e+08 9.999836708266320873e-01 0.000000000000000000e+00
1.311954118184435666e+08 9.999833714719600364e-01 0.000000000000000000e+00
1.350385705424373746e+08 9.999830853038061962e-01 0.000000000000000000e+00
1.389943084242920876e+08 9.999828154010024228e-01 0.000000000000000000e+00
1.430659232894937396e+08 9.999825652627274408e-01 0.000000000000000000e+00
1.472568095680249631e+08 9.999823388613013897e-01 0.000000000000000000e+00
1.515704611242395937e+08 9.999821407014900521e-01 0.000000000000000000e+00
1.560104741696303487e+08 9.999819758871189013e-01 0.000000000000000000e+00
1.605805502609273791e+08 9.999818501958924744e-01 0.000000000000000000e+00
1.652844993860153258e+08 9.999817702256079688e-01 0.000000000000000000e+00
1.701262431402502060e+08 9.999817432501523218e-01 0.000000000000000000e+00
1.751098179958217144e+08 9.999817776610571141e-01 0.000000000000000000e+00
1.802393786668825150e+08 9.999818828915209012e-01 0.000000000000000000e+00
1.855192015732608140e+08 9.999820695897274625e-01 0.000000000000000000e+00
1.909536884056296647e+08 9.999823497132448447e-01 0.000000000000000000e+00
1.965473697951165140e+08 9.999827368245105541e-01 0.000000000000000000e+00
2.023049090904033780e+08 9.999832461452068388e-01 0.000000000000000000e+00
2.082311062454790771e+08 9.999838948567331132e-01 0.000000000000000000e+00
2.143309018212690055e+08 9.999847022833960875e-01 0.000000000000000000e+00
2.206093811044900417e+08 9.999856902808096359e-01 0.000000000000000000e+00
2.270717783471610248e+08 9.999868833188815254e-01 0.000000000000000000e+00
2.337234811302981079e+08 9.999883089837386940e-01 0.000000000000000000e+00
2.405700348554467559e+08 9.999899983814977134e-01 0.000000000000000000e+00
2.476171473677769899e+08 9.999919863678249365e-01 0.000000000000000000e+00
2.548706937146100700e+08 9.999943123649398524e-01 1.990990173709334157e-28
2.623367210433326662e+08 9.999970203398759194e-01 1.150237462052875987e-27
2.700214536427979469e+08 1.000000160765720514e+00 6.334981552544644979e-27
2.779312981323959827e+08 1.000003787752750339e+00 3.329274439103810989e-26
2.860728488031346798e+08 1.000007965978482849e+00 1.672116956747349607e-25
2.944528931151782870e+08 1.000012765938555592e+00 8.037248443377933756e-25
3.030784173564286828e+08 1.000018265379301496e+00 3.701152285837420535e-24
3.119566124668592215e+08 1.000024554974855207e+00 1.634986888322307561e-23
3.210948800334758162e+08 1.000031734931096095e+00 6.935847595291382136e-23
3.305008384608782530e+08 1.000039917694313996e+00 2.828837584692718462e-22
3.401823293225855827e+08 1.000049230113930765e+00 1.110471378794034231e-21
3.501474238984055519e+08 1.000059814964272098e+00 4.200229180211975935e-21
3.604044299033194184e+08 1.000071832881818557e+00 1.532245882228459901e-20
3.709618984134646654e+08 1.000085464549165692e+00 5.396956113741819499e-20
3.818286309950104952e+08 1.000100913731325258e+00 1.837240932284978387e-19
3.930136870418622494e+08 1.000118410193038265e+00 6.050530037448569426e-19
4.045263913283039927e+08 1.000138213309147428e+00 1.929446565521472861e-18
4.163763417829000354e+08 1.000160616488916299e+00 5.963150098995335712e-18
4.285734174901039600e+08 1.000185952227545361e+00 1.787737988386539884e-17
4.411277869262718558e+08 1.000214597597288035e+00 5.203435112457198251e-17
4.540499164369260669e+08 1.000246982046594901e+00 1.471625001938491100e-16
4.673505789623640776e+08 1.000283595602309061e+00 4.047430743938743691e-16
4.810408630188527703e+08 1.000324998553160372e+00 1.083389213066003541e-15
4.951321819429209232e+08 1.000371835312995339e+00 2.824560575359986601e-15
5.096362834064487815e+08 1.000424848167651426e+00 7.178134383676168091e-15
5.245652592104764581e+08 1.000484896691185899e+00 1.779479858491766404e-14
5.399315553659272194e+08 1.000552978681833238e+00 4.306388420820592321e-14
5.557479824696080685e+08 1.000630251040466323e+00 1.018084680365784659e-13
5.720277263841720819e+08 1.000718091323236969e+00 2.352944720262963592e-13
5.887843592309185266e+08 1.000818071532751707e+00 5.319811868789159001e-13
6.060318507046331167e+08 1.000932092595983702e+00 1.177418433473034314e-12
6.237845797198551893e+08 1.001062378645479756e+00 2.552716547747917256e-12
6.420573463983147144e+08 1.001211550467857148e+00 5.424894701355376437e-12
6.608653844075227976e+08 1.001382760287385265e+00 1.130776788081116915e-11
6.802243736607878208e+08 1.001579723349893980e+00 2.313243456034601646e-11
7.001504533892848492e+08 1.001806859127433835e+00 4.647062241918068295e-11
7.206602355970234871e+08 1.002069440313098747e+00 9.172668531730748659e-11
7.417708189099742174e+08 1.002373747087160316e+00 1.779962290672368270e-10
7.634998028308640718e+08 1.002727273390268126e+00 3.397463559141929164e-10
7.858653024115747213e+08 1.003138996840487351e+00 6.382022831334338327e-10
8.088859633553140163e+08 1.003619464564274422e+00 1.180353853389563794e-09
8.325809775611968040e+08 1.004181273483669701e+00 2.150359316809803305e-09
8.569700991241761446e+08 1.004839420679582318e+00 3.860504666591353694e-09
8.820736608036700487e+08 1.005611749846691660e+00 6.832738916964814463e-09
9.079125909745934010e+08 1.006519116042028372e+00 1.192630010867278864e-08
9.345084310749771595e+08 1.007586338207032917e+00 2.053669634349759493e-08
9.618833535646533966e+08 1.008842847545682764e+00 3.489981171752919732e-08
9.900601804100320339e+08 1.010322803229281918e+00 5.854547988535353468e-08
1.019062402110335708e+09 1.012066769353435314e+00 9.697817853731412627e-08
1.048914197281219006e+09 1.014122055317652871e+00 1.586626234147590049e-07
1.079640452812016487e+09 1.016543952000262152e+00 2.564480815267430791e-07
1.111266784613485813e+09 1.019397216958086716e+00 4.095962486244611273e-07
1.143819558973324299e+09 1.022756940675395576e+00 6.466018924882647977e-07
1.177325914537234783e+09 1.026710692724254637e+00 1.009120938825773202e-06
1.211813784933942080e+09 1.031359863543621858e+00 1.557290286791109948e-06
1.247311922062922478e+09 1.036821846449843987e+00 2.376913464248715753e-06
1.283849920064341068e+09 1.043232448730538886e+00 3.589033315386111187e-06
1.321458239991118431e+09 1.050748022349310862e+00 5.362469878992460996e-06
1.360168235203776360e+09 1.059548809042060169e+00 7.930257646625826063e-06
1.400012177509135485e+09 1.069842149075373117e+00 1.161085747896886275e-05
1.441023284064728022e+09 1.081864845935344155e+00 1.683507942430815469e-05
1.483235745071326971e+09 1.095890826856859235e+00 2.418157628647090671e-05
1.526684752276691675e+09 1.112228656203518407e+00 3.441913254631755328e-05
1.571406528314249754e+09 1.131237064345529175e+00 4.856565083169896559e-05
1.617438356901275635e+09 1.153319885154132862e+00 6.795575481683889757e-05
1.664818613921616554e+09 1.178939886198651754e+00 9.433341281072807154e-05
1.713586799418937206e+09 1.208625454626549578e+00 1.299671500793672392e-04
1.763783570527214289e+09 1.242969428433834622e+00 1.777906304095945795e-04
1.815450775365811586e+09 1.282660174602090475e+00 2.416044673049085002e-04
1.868631487927488089e+09 1.328456991800688547e+00 3.262919040092906943e-04
1.923370043988390207e+09 1.381247175547513306e+00 4.381639098533615293e-04
1.979712078069975138e+09 1.442010839476475015e+00 5.853163292861046814e-04
2.037704561483635664e+09 1.511879738198091072e+00 7.781848943990568937e-04
2.097395841489860296e+09 1.592117271718381799e+00 1.030166462957448096e-03
2.158835681604428291e+09 1.684167520462080958e+00 1.358502921530866303e-03
2.222075303085304260e+09 1.789651634102076505e+00 1.785333052436835315e-03
2.287167427634904385e+09 1.910416182535135121e+00 2.339117221875037806e-03
2.354166321353172302e+09 2.048530893773062189e+00 3.056342120440952870e-03
2.423127839978229046e+09 2.206365767984427961e+00 3.983855347129795083e-03
2.494109475452268600e+09 2.386549732110943900e+00 5.181473805797178790e-03
2.567170403851538181e+09 2.592138347232721074e+00 6.725897368672837696e-03
2.642371534720295429e+09 2.826453803528865105e+00 8.714389757436498407e-03
2.719775561850031853e+09 3.093416380978838198e+00 1.127133244942437988e-02
2.799447015546083927e+09 3.397319454219385637e+00 1.455380240042252783e-02
2.881452316425378323e+09 3.743088711724953388e+00 1.876076367064888339e-02
2.965859830790022850e+09 4.136329734211242837e+00 2.414337541015678518e-02
3.052739927623100281e+09 4.583209071093805598e+00 3.101572500952777880e-02
3.142165037253938198e+09 5.090956505360573203e+00 3.977354532739930948e-02
3.234209711741948128e+09 5.667613647867638882e+00 5.090975714431410920e-02
3.328950687029297352e+09 6.322184064543767690e+00 6.503625932086062877e-02
3.426466946914258480e+09 7.065118551628271959e+00 8.291591458837817286e-02
3.526839788898484230e+09 7.908114831841611014e+00 1.054905894497980834e-01
3.630152891963314533e+09 8.864238153530575204e+00 1.339175014112066742e-01
3.736492386331355095e+09 9.948678731746658954e+00 1.696276500394503228e-01
3.845946925271603107e+09 1.117846802179494325e+01 2.143721368208161004e-01
3.958607759008128166e+09 1.257278039739950337e+01 2.702878473181142827e-01
4.074568810793635368e+09 1.415351840500793479e+01 3.399849499449707491e-01
4.193926755211558819e+09 1.594563263844230327e+01 4.266432871606973820e-01
4.316781098771873474e+09 1.797732749550597831e+01 5.341190576826464476e-01
4.443234262867848396e+09 2.028041875465650534e+01 6.670718862810601779e-01
4.573391669162797928e+09 2.289132082798921530e+01 8.311449315199818111e-01
4.707361827478274345e+09 2.585143709699329406e+01 1.033146945351838486e+00
4.845256426256653786e+09 2.920769859970016213e+01 1.281267492255313778e+00
4.987190425673658371e+09 3.301337324336822121e+01 1.585340209490124552e+00
5.133282153478646278e+09 3.732882694514600530e+01 1.957141389284406063e+00
5.283653403642189980e+09 4.222332155679536214e+01 2.410815995232598041e+00
5.438429537893475533e+09 4.777531303736024881e+01 2.963249688648646352e+00
5.597739590232056618e+09 5.407407880270721989e+01 3.634597627348490345e+00
5.761716374501134872e+09 6.122121582446788324e+01 4.448881260893100098e+00
5.930496595111913681e+09 6.933190721870879258e+01 5.434635963518434920e+00
6.104220961011671066e+09 7.853836999321106305e+01 6.625898532377619610e+00
6.283034302990117073e+09 8.899069750385665145e+01 8.063027936503880611e+00
6.467085694422193527e+09 1.008599184836208309e+02 9.793889890412245336e+00
6.656528575547679901e+09 1.143409682954068671e+02 1.187519052219291815e+01
6.851520881391641617e+09 1.296560524190638546e+02 1.437403336515751562e+01
7.052225173431834221e+09 1.470578978891676627e+02 1.736964093722099278e+01
7.258808775123225212e+09 1.668362153150503389e+02 2.095582036579878249e+01
7.471443911392463684e+09 1.893208232703025544e+02 2.524316034983160151e+01
7.690307852218645096e+09 2.148881194845478149e+02 3.036205821413329531e+01
7.915583060419889450e+09 2.439677625185408374e+02 3.646613961700384010e+01
8.147457343769403458e+09 2.770503243785830136e+02 4.373626018532633708e+01
8.386124011567255020e+09 3.146959874775938033e+02 5.238514983206164999e+01
8.631782035798656464e+09 3.575436895535514168e+02 6.266266264851003598e+01
8.884636217013431549e+09 4.063255869489418615e+02 7.486276957853007730e+01
9.144897355064310074e+09 4.618773140565304516e+02 8.933036335719198462e+01
9.412782424846891403e+09 5.251540623593203918e+02 1.064700761204847907e+02
9.688514757187610626e+09 5.972479163269144919e+02 1.267563455457826365e+02
9.972324225030553818e+09 6.794077389326756702e+02 1.507451989719538119e+02
1.026444743507811546e+10 7.730619755048033994e+02 1.790878062012756686e+02
1.056512792504586601e+10 8.798447995868710905e+02 2.125465177183174319e+02
1.087461636669533730e+10 1.001624233138189425e+03 2.520126665137402426e+02
1.119317077481427765e+10 1.140541954100275461e+03 2.985297936974254753e+02
1.152105672231908607e+10 1.299047678231414693e+03 3.533172736908509250e+02
1.185854756165785217e+10 1.479946109780001052e+03 4.177997057270160326e+02
1.220592465269928932e+10 1.686448969851868242e+03 4.936409855900432717e+02
1.256347759729724312e+10 1.922234720602924654e+03 5.827836335746812892e+02
1.293150448072645378e+10 2.191517129018453943e+03 6.874944001847733261e+02
1.331031212019052696e+10 2.499123986398432862e+03 8.104177097454157774e+02
1.370021632061007500e+10 2.850587537157431598e+03 9.546370782917368842e+02
1.410154213790321732e+10 3.252245282613326253e+03 1.123745672327225975e+03
1.451462414997881317e+10 3.711367219009377550e+03 1.321933052158046394e+03
1.493980673566762352e+10 4.236286144836080894e+03 1.554078549249912840e+03
1.537744436182493210e+10 4.836556212834512735e+03 1.825864251032807715e+03
1.582790187884276772e+10 5.523134086981416658e+03 2.143905267608117811e+03
1.629155482481897926e+10 6.308586678462872442e+03 2.515900213858425559e+03
1.676878973863648033e+10 7.207329765562319153e+03 2.950806535114814324e+03
1.726000448221327972e+10 8.235902202180001041e+03 3.459043362046091715e+03
1.776560857219301224e+10 9.413281102039229154e+03 4.052726387027390956e+03
1.828602352135112762e+10 1.076124401893475624e+04 4.745940858278541782e+03
1.882168319000241089e+10 1.230477931119112691e+04 5.555054730242923142e+03
1.937303414770203400e+10 1.407258069388068725e+04 6.499091753206991598e+03
1.994053604554274368e+10 1.609758371483082556e+04 7.600149897036810216e+03
2.052466199935720444e+10 1.841760075842629158e+04 8.883893772906201775e+03
2.112589898414597702e+10 2.107604879082558909e+04 1.038012342889178763e+04
2.174474824005956650e+10 2.412278513435674904e+04 1.212343358336312303e+04
2.238172569027315521e+10 2.761506837782179718e+04 1.415397668015425552e+04
2.303736237110184479e+10 3.161866342309268293e+04 1.651834508489122163e+04
2.371220487471634674e+10 3.620911204355422524e+04 1.927059361457814157e+04
2.440681580482650757e+10 4.147319393068388308e+04 2.247342273452389054e+04
2.512177424571330261e+10 4.751060388808581774e+04 2.619954468292417005e+04
2.585767624500127792e+10 5.443588346739140252e+04 3.053326586156984558e+04
2.661513531057204056e+10 6.238066385355121747e+04 3.557233210641534242e+04
2.739478292203451920e+10 7.149619658355640422e+04 4.143003231267723459e+04
2.819726905717783356e+10 8.195630275441832782e+04 4.823765250477704831e+04
2.902326273384587479e+10 9.396075375617756799e+04 5.614731010675932339e+04
2.987345256768461609e+10 1.077391600895874435e+05 6.533522909018332575e+04
3.074854734622896576e+10 1.235554438595772808e+05 7.600552610578609165e+04
3.164927661980533600e+10 1.417129828543277108e+05 8.839458574070026225e+04
3.257639130974450684e+10 1.625605264829139051e+05 1.027761180481535412e+05
3.353066433441031647e+10 1.864990002051939082e+05 1.194670013740591967e+05
3.451289125356819153e+10 2.139893255066505808e+05 1.388340281330909638e+05
3.552389093162808228e+10 2.455614191650065186e+05 1.613017018463360728e+05
3.656450622031669617e+10 2.818245807936075144e+05 1.873612697007472743e+05
3.763560466134754944e+10 3.234793526938175783e+05 2.175810882902086014e+05
3.873807920967382812e+10 3.713312263820321532e+05 2.526186475312809343e+05
3.987284897792932892e+10 4.263063883072621538e+05 2.932344338886283804e+05
4.104086000267502594e+10 4.894698257012005779e+05 3.403079347311622696e+05
4.224308603309262085e+10 5.620461483142448124e+05 3.948561109254272887e+05
4.348052934278048706e+10 6.454435312144747004e+05 4.580547143255578121e+05
4.475422156533167267e+10 7.412812453909617616e+05 5.312628841138990829e+05
4.606522455438705444e+10 8.514213120107002323e+05 6.160515238857216900e+05
4.741463126888324738e+10 9.780048937591338763e+05 7.142360327673427528e+05
4.880356668423223877e+10 1.123494103511387017e+06 8.279140372634102823e+05
5.023318873019279480e+10 1.290720212995237438e+06 9.595089961546356790e+05
5.170468925621424103e+10 1.482938836076718988e+06 1.111820323088499019e+06
5.321929502506053925e+10 1.703893518877113704e+06 1.288081275714398595e+06
5.477826873553909302e+10 1.957888786572946003e+06 1.492025651139803929e+06
5.638291007518873596e+10 2.249874095331690274e+06 1.727964650793664390e+06
5.803455680380647278e+10 2.585540298891189042e+06 2.000875443579448387e+06
5.973458586871220398e+10 2.971430492799067404e+06 2.316503193947449327e+06
6.148441455268445587e+10 3.415067393181366846e+06 2.681478599335554056e+06
6.328550165552282715e+10 3.925099628826475237e+06 3.103453230151301250e+06
6.513934871022261047e+10 4.511469783469646238e+06 3.591255363588019740e+06
6.704750123477406311e+10 5.185607386835644022e+06 4.155069357304830570e+06
6.901155002063371277e+10 5.960650768179073930e+06 4.806642297736612149e+06
7.103313245893699646e+10 6.851701443307642825e+06 5.559521538286480121e+06
7.311393390556010437e+10 7.876116344515697099e+06 6.429328124801156111e+06
7.525568908617167664e+10 9.053843297285534441e+06 7.434071336170678027e+06
7.746018354244035339e+10 1.040780604435253516e+07 8.594510420088749379e+06
7.972925512060813904e+10 1.196434608298842423e+07 9.934570525741016492e+06
8.206479550366879272e+10 1.375372965301548876e+07 1.148182086996397935e+07
8.446875178842932129e+10 1.581072918067859299e+07 1.326802420937043242e+07
8.694312810876712036e+10 1.817529027474058419e+07 1.532976827311091125e+07
8.948998730644142151e+10 2.089329660145777836e+07 1.770919111948260292e+07
9.211145265084492493e+10 2.401744667812907696e+07 2.045481408412820846e+07
9.480970960913493347e+10 2.760825910095040128e+07 2.362249832817128673e+07
9.758700766821530151e+10 3.173522430962906778e+07 2.727654265668565035e+07
1.004456622100944519e+11 3.647812399544117600e+07 3.149094310826439038e+07
1.033880564421748657e+11 4.192854256978015602e+07 3.635083814233759046e+07
1.064166433840895081e+11 4.819159772926121950e+07 4.195416585438220203e+07
1.095339479127387848e+11 5.538792161003650725e+07 4.841356391744363308e+07
1.127425688672342987e+11 6.365592803646489978e+07 5.585854700677850097e+07
1.160451812155009613e+11 7.315440630298620462e+07 6.443800134357737750e+07
