# T[K] L_nTOpCCRTh L_pTOnCCRTh
# fingerprint_hash: e87eaa48ded545f7
# fingerprint: {"QED_corrections":false,"T_start_cosmo_MeV":40.0,"format_version":1,"incomplete_decoupling":false,"nevo_file":null,"nevo_file_prefix":"NEVOPRIMAT","sampling_nTOp_thermal_per_decade":20}
# provenance: backend=python algorithm=vegas vegas_n_eval=20000 vegas_n_itn=20
1.584893192461110950e+08 2.169571707142001119e-07 1.869900716211836119e-46
1.783011135732713044e+08 3.638379559044595584e-07 9.132514450834685466e-42
2.005894608715007603e+08 6.066455197454398092e-07 1.375347032994025475e-37
2.256639400975164175e+08 9.525083444826410398e-07 7.284533931764300490e-34
2.538728288070835173e+08 1.471302584948111985e-06 1.520173706160849830e-30
2.856079406335778236e+08 2.256701140419463670e-06 1.384473101338428849e-27
3.213100674705891013e+08 3.423927782496294533e-06 6.026625889533114356e-25
3.614751019489566088e+08 5.174669524268895447e-06 1.360299020704919837e-22
4.066609252477573752e+08 7.819639624954971427e-06 1.710598111372145446e-20
4.574951559090070128e+08 1.182636980916697733e-05 1.278878520877322387e-18
5.146838672849866748e+08 1.792142326510657121e-05 6.034000218426137832e-17
5.790213947010961771e+08 2.725019216230274116e-05 1.893715812281181718e-15
6.514013685530252457e+08 4.163070384312145337e-05 4.148040502126411804e-14
7.328291265848643780e+08 6.403338433924665523e-05 6.632509033198059239e-13
8.244356777512959242e+08 9.951394642904871880e-05 8.026237842374808299e-12
9.274934116180050373e+08 1.558727458776994895e-04 7.621975887053407783e-11
1.043433771499526024e+09 2.436982936359736735e-04 5.850213865550580676e-10
1.173867136809529066e+09 3.802427833296115529e-04 3.735775430534495376e-09
1.320605190783809423e+09 5.873158150119842623e-04 2.036900642647779399e-08
1.485686084257525444e+09 8.908669201139361379e-04 9.704092779739847266e-08
1.671402745014494658e+09 1.316634284802624313e-03 4.136172376441066204e-07
1.880334725917622328e+09 1.889774289306786308e-03 1.591793707273647217e-06
2.115384034182041407e+09 2.619471424106786534e-03 5.522987100134456846e-06
2.379815439449759007e+09 3.498076134346670644e-03 1.723839809946108405e-05
2.677301820533663750e+09 4.463917333591879352e-03 4.831497547272843633e-05
3.011975180684689045e+09 5.367341801173105588e-03 1.218357720446830412e-04
3.388484039969858170e+09 5.980071270256317323e-03 2.773611862341647028e-04
3.812058001925625801e+09 5.848761047388042339e-03 5.731735394484872457e-04
4.288580391299249172e+09 4.346925566689748693e-03 1.077572535854305754e-03
4.824669971796293259e+09 4.942633821339546818e-04 1.857024059173059986e-03
5.427772878871209145e+09 -6.792837569398069847e-03 2.925978941225123101e-03
6.106266044481631279e+09 -1.828738117151387094e-02 4.265453744911431797e-03
6.869573550347902298e+09 -3.394541867662998619e-02 5.923768311935416996e-03
7.728297525831991196e+09 -4.907280028080433787e-02 8.638842429718183655e-03
8.694365408571296692e+09 -5.034764170837323360e-02 1.570453243046641967e-02
9.781195613276195526e+09 -1.339598305431649594e-03 3.739637021096225977e-02
1.100388390978551674e+10 1.853690134278776769e-01 1.030992157021063949e-01
1.237941309911894608e+10 6.901806467963028657e-01 2.887378562322592268e-01
1.392688889986894226e+10 1.908483632419825327e+00 7.699542775876083711e-01
1.566780532132795143e+10 4.665373330408502106e+00 1.961950662689150970e+00
1.762634320931091309e+10 1.058518638196647821e+01 4.761849519173905421e+00
1.982970611139097595e+10 2.303807851428469888e+01 1.112096496425581194e+01
2.230849812662348175e+10 4.840898120050519537e+01 2.512241071988457009e+01
2.509714898798648071e+10 9.967381627801182731e+01 5.540578671910307662e+01
2.823439228181358719e+10 2.015610503416719439e+02 1.192640132305795362e+02
3.176380344655600739e+10 4.023100191974336894e+02 2.520398856412021757e+02
3.573440502352600861e+10 7.943558529399167583e+02 5.234267356659192956e+02
4.020134756638687897e+10 1.555637960222805987e+03 1.073262696987505251e+03
4.522667566703415680e+10 3.024284420470386522e+03 2.174764840229408037e+03
5.088018973775251007e+10 5.851352859722032008e+03 4.358462081788906289e+03
5.724041551956611633e+10 1.125286169705253815e+04 8.671216092264818144e+03
6.439569478298348236e+10 2.156757089172357155e+04 1.708155298042131108e+04
7.244541237066476440e+10 4.119269637494009658e+04 3.350243153083189827e+04
8.150137662529786682e+10 7.838084387936028361e+04 6.521000606527933269e+04
9.168937237644023132e+10 1.488962903025230044e+05 1.263390148934929748e+05
1.031509080568829041e+11 2.816636351274755434e+05 2.435760994993986387e+05
1.160451812155009613e+11 5.324046758350133896e+05 4.678633571649470832e+05
