# C14 + p > N15 + g   [C14_p__N15_g]   ref=Iliadis et al. 2010
# detailed balance: alpha=9.0059e+09 beta=1.5 gamma=-118.452  Q=10.2074
# T9                 rate                error
1.000000e-03   1.000000e-35   1.000000e+02
1.018629e-03   1.005075e-35   9.993989e+01
1.037605e-03   1.009725e-35   9.988510e+01
1.056935e-03   1.013961e-35   9.983545e+01
1.076624e-03   1.017789e-35   9.979076e+01
1.096681e-03   1.021221e-35   9.975087e+01
1.117111e-03   1.024267e-35   9.971559e+01
1.137921e-03   1.026937e-35   9.968475e+01
1.159120e-03   1.029243e-35   9.965819e+01
1.180713e-03   1.031198e-35   9.963573e+01
1.202708e-03   1.032814e-35   9.961720e+01
1.225114e-03   1.034105e-35   9.960242e+01
1.247936e-03   1.035083e-35   9.959124e+01
1.271184e-03   1.035762e-35   9.958347e+01
1.294865e-03   1.036157e-35   9.957896e+01
1.318987e-03   1.036283e-35   9.957753e+01
1.343558e-03   1.036153e-35   9.957902e+01
1.368587e-03   1.035782e-35   9.958325e+01
1.394083e-03   1.035185e-35   9.959006e+01
1.420053e-03   1.034379e-35   9.959929e+01
1.446507e-03   1.033376e-35   9.961076e+01
1.473454e-03   1.032194e-35   9.962431e+01
1.500903e-03   1.030846e-35   9.963977e+01
1.528864e-03   1.029350e-35   9.965697e+01
1.557345e-03   1.027718e-35   9.967575e+01
1.586357e-03   1.025968e-35   9.969593e+01
1.615909e-03   1.024113e-35   9.971736e+01
1.646012e-03   1.022170e-35   9.973986e+01
1.676675e-03   1.020152e-35   9.976327e+01
1.707910e-03   1.018076e-35   9.978742e+01
1.739726e-03   1.015955e-35   9.981214e+01
1.772136e-03   1.013805e-35   9.983726e+01
1.805149e-03   1.011640e-35   9.986262e+01
1.838777e-03   1.009475e-35   9.988804e+01
1.873032e-03   1.007323e-35   9.991337e+01
1.907924e-03   1.005199e-35   9.993842e+01
1.943467e-03   1.003118e-35   9.996303e+01
1.979672e-03   1.001092e-35   9.998704e+01
2.016551e-03   9.991363e-36   1.000103e+02
2.054117e-03   9.972644e-36   1.000325e+02
2.092383e-03   9.954898e-36   1.000537e+02
2.131362e-03   9.938262e-36   1.000736e+02
2.171068e-03   9.922872e-36   1.000920e+02
2.211512e-03   9.908862e-36   1.001088e+02
2.252711e-03   9.896366e-36   1.001238e+02
2.294676e-03   9.885520e-36   1.001369e+02
2.337424e-03   9.876459e-36   1.001478e+02
2.380968e-03   9.869317e-36   1.001564e+02
2.425323e-03   9.864231e-36   1.001625e+02
2.470504e-03   9.861337e-36   1.001660e+02
2.516527e-03   9.860773e-36   1.001667e+02
2.563407e-03   9.862680e-36   1.001644e+02
2.611161e-03   9.867198e-36   1.001589e+02
2.659804e-03   9.874472e-36   1.001502e+02
2.709354e-03   9.884647e-36   1.001379e+02
2.759826e-03   9.897874e-36   1.001220e+02
2.811239e-03   9.914305e-36   1.001023e+02
2.863610e-03   9.934098e-36   1.000786e+02
2.916956e-03   9.957412e-36   1.000507e+02
2.971296e-03   9.984416e-36   1.000185e+02
3.026648e-03   1.001525e-35   9.998190e+01
3.083031e-03   1.004929e-35   9.994161e+01
3.140465e-03   1.008509e-35   9.989940e+01
3.198969e-03   1.012114e-35   9.985707e+01
3.258562e-03   1.015591e-35   9.981640e+01
3.319266e-03   1.018785e-35   9.977916e+01
3.381101e-03   1.021541e-35   9.974716e+01
3.444087e-03   1.023699e-35   9.972216e+01
3.508247e-03   1.025101e-35   9.970594e+01
3.573602e-03   1.025591e-35   9.970028e+01
3.640175e-03   1.025012e-35   9.970697e+01
3.707988e-03   1.023212e-35   9.972779e+01
3.777064e-03   1.020043e-35   9.976454e+01
3.847427e-03   1.015366e-35   9.981902e+01
3.919100e-03   1.009049e-35   9.989305e+01
3.992109e-03   1.000973e-35   9.998845e+01
4.066478e-03   9.911497e-36   1.001057e+02
4.142232e-03   9.802556e-36   1.002372e+02
4.219398e-03   9.691651e-36   1.003727e+02
4.298001e-03   9.587160e-36   1.005021e+02
4.378069e-03   9.497106e-36   1.006148e+02
4.459628e-03   9.429251e-36   1.007005e+02
4.542706e-03   9.391241e-36   1.007489e+02
4.627332e-03   9.390832e-36   1.007494e+02
4.713535e-03   9.436172e-36   1.006918e+02
4.801343e-03   9.536164e-36   1.005658e+02
4.890787e-03   9.700923e-36   1.003613e+02
4.981898e-03   9.942354e-36   1.000687e+02
5.074705e-03   1.027007e-35   9.968380e+01
5.169242e-03   1.065968e-35   9.924243e+01
5.265540e-03   1.106669e-35   9.879733e+01
5.363631e-03   1.143950e-35   9.840043e+01
5.463550e-03   1.171994e-35   9.810287e+01
5.565331e-03   1.184638e-35   9.795538e+01
5.669007e-03   1.175984e-35   9.800894e+01
5.774615e-03   1.141263e-35   9.831569e+01
5.882190e-03   1.077833e-35   9.893015e+01
5.991770e-03   9.860798e-36   9.991072e+01
6.103390e-03   8.730360e-36   1.012803e+02
6.217090e-03   7.607474e-36   1.028572e+02
6.332908e-03   6.672506e-36   1.043834e+02
6.450884e-03   6.024629e-36   1.055857e+02
6.571058e-03   5.726867e-36   1.061811e+02
6.693470e-03   5.861409e-36   1.058881e+02
6.818162e-03   6.605988e-36   1.044470e+02
6.945178e-03   8.384496e-36   1.016446e+02
7.074559e-03   1.220764e-35   9.738675e+01
7.206351e-03   1.943070e-35   9.236802e+01
7.340598e-03   3.049965e-35   8.774843e+01
7.477346e-03   4.251936e-35   8.449364e+01
7.616642e-03   4.741330e-35   8.345385e+01
7.758532e-03   3.808653e-35   8.556129e+01
7.903066e-03   1.984889e-35   9.214839e+01
8.050292e-03   6.066955e-36   1.054538e+02
8.200261e-03   1.221189e-36   1.265553e+02
8.353023e-03   2.529275e-37   1.513917e+02
8.508632e-03   8.659699e-38   1.710468e+02
8.667139e-03   7.874017e-38   1.729443e+02
8.828599e-03   3.054709e-37   1.482733e+02
8.993067e-03   8.122995e-36   1.021346e+02
9.160598e-03   1.953233e-33   5.478546e+01
9.331251e-03   2.292862e-30   2.458080e+01
9.505083e-03   5.507542e-27   1.020149e+01
9.682153e-03   1.134637e-23   4.330796e+00
9.862522e-03   8.403070e-21   2.079732e+00
1.004625e-02   9.413707e-19   1.248776e+00
1.023340e-02   1.076851e-17   9.807616e-01
1.042404e-02   2.126278e-17   9.469334e-01
1.061823e-02   1.361308e-17   1.043485e+00
1.081604e-02   5.308439e-18   1.218423e+00
1.101753e-02   2.368180e-18   1.399566e+00
1.122277e-02   1.904338e-18   1.499033e+00
1.143184e-02   2.525198e-18   1.512986e+00
1.164481e-02   4.548768e-18   1.472369e+00
1.186174e-02   9.169874e-18   1.413539e+00
1.208271e-02   1.707943e-17   1.369459e+00
1.230780e-02   2.682648e-17   1.353488e+00
1.253708e-02   3.731566e-17   1.356972e+00
1.277063e-02   4.878083e-17   1.370602e+00
1.300854e-02   6.359612e-17   1.385125e+00
1.325087e-02   8.649600e-17   1.393166e+00
1.349772e-02   1.219258e-16   1.395140e+00
1.374917e-02   1.749220e-16   1.393325e+00
1.400531e-02   2.508173e-16   1.390033e+00
1.426621e-02   3.544803e-16   1.387190e+00
1.453198e-02   4.948048e-16   1.385279e+00
1.480269e-02   6.861151e-16   1.384448e+00
1.507845e-02   9.505683e-16   1.384843e+00
1.535935e-02   1.320021e-15   1.386365e+00
1.564548e-02   1.834843e-15   1.388479e+00
1.593694e-02   2.548256e-15   1.390601e+00
1.623382e-02   3.530099e-15   1.392199e+00
1.653624e-02   4.875617e-15   1.393153e+00
1.684430e-02   6.714524e-15   1.393538e+00
1.715809e-02   9.221236e-15   1.393429e+00
1.747773e-02   1.262981e-14   1.392905e+00
1.780332e-02   1.725376e-14   1.392043e+00
1.813498e-02   2.351231e-14   1.390919e+00
1.847281e-02   3.196574e-14   1.389613e+00
1.881694e-02   4.336246e-14   1.388209e+00
1.916748e-02   5.870104e-14   1.386788e+00
1.952456e-02   7.931277e-14   1.385433e+00
1.988828e-02   1.069716e-13   1.384225e+00
2.025878e-02   1.440394e-13   1.383240e+00
2.063618e-02   1.936410e-13   1.382493e+00
2.102061e-02   2.599015e-13   1.381962e+00
2.141220e-02   3.482626e-13   1.381625e+00
2.181109e-02   4.658892e-13   1.381461e+00
2.221741e-02   6.221964e-13   1.381448e+00
2.263130e-02   8.295311e-13   1.381564e+00
2.305289e-02   1.104052e-12   1.381787e+00
2.348235e-02   1.466861e-12   1.382097e+00
2.391980e-02   1.945462e-12   1.382471e+00
2.436540e-02   2.575621e-12   1.382888e+00
2.481930e-02   3.403751e-12   1.383327e+00
2.528166e-02   4.489955e-12   1.383765e+00
2.575263e-02   5.911988e-12   1.384185e+00
2.623238e-02   7.770280e-12   1.384573e+00
2.672106e-02   1.019426e-11   1.384912e+00
2.721885e-02   1.335043e-11   1.385189e+00
2.772591e-02   1.745259e-11   1.385387e+00
2.824241e-02   2.277474e-11   1.385492e+00
2.876854e-02   2.966749e-11   1.385489e+00
2.930447e-02   3.857858e-11   1.385362e+00
2.985038e-02   5.007883e-11   1.385097e+00
3.040646e-02   6.489473e-11   1.384682e+00
3.097291e-02   8.394991e-11   1.384129e+00
3.154990e-02   1.084168e-10   1.383464e+00
3.213764e-02   1.397812e-10   1.382712e+00
3.273634e-02   1.799231e-10   1.381901e+00
3.334618e-02   2.312178e-10   1.381057e+00
3.396739e-02   2.966618e-10   1.380204e+00
3.460016e-02   3.800305e-10   1.379370e+00
3.524473e-02   4.860732e-10   1.378580e+00
3.590130e-02   6.207569e-10   1.377860e+00
3.657011e-02   7.915678e-10   1.377236e+00
3.725137e-02   1.007886e-09   1.376733e+00
3.794533e-02   1.281451e-09   1.376377e+00
3.865221e-02   1.626934e-09   1.376193e+00
3.937226e-02   2.062646e-09   1.376209e+00
4.010573e-02   2.611423e-09   1.376449e+00
4.085286e-02   3.301655e-09   1.376925e+00
4.161391e-02   4.168490e-09   1.377608e+00
4.238913e-02   5.255410e-09   1.378463e+00
4.317880e-02   6.616120e-09   1.379458e+00
4.398317e-02   8.316817e-09   1.380556e+00
4.480254e-02   1.043893e-08   1.381724e+00
4.563716e-02   1.308243e-08   1.382927e+00
4.648734e-02   1.636976e-08   1.384130e+00
4.735335e-02   2.045059e-08   1.385298e+00
4.823549e-02   2.550746e-08   1.386396e+00
4.913407e-02   3.176250e-08   1.387389e+00
5.004939e-02   3.948536e-08   1.388241e+00
5.098176e-02   4.900355e-08   1.388926e+00
5.193150e-02   6.071702e-08   1.389439e+00
5.289893e-02   7.511248e-08   1.389783e+00
5.388438e-02   9.278113e-08   1.389961e+00
5.488820e-02   1.144406e-07   1.389973e+00
5.591071e-02   1.409617e-07   1.389824e+00
5.695227e-02   1.734001e-07   1.389514e+00
5.801323e-02   2.130355e-07   1.389048e+00
5.909396e-02   2.614186e-07   1.388427e+00
6.019482e-02   3.204275e-07   1.387653e+00
6.131619e-02   3.923277e-07   1.386741e+00
6.245845e-02   4.798292e-07   1.385727e+00
6.362198e-02   5.861818e-07   1.384653e+00
6.480720e-02   7.152783e-07   1.383560e+00
6.601449e-02   8.717743e-07   1.382489e+00
6.724427e-02   1.061228e-06   1.381481e+00
6.849697e-02   1.290262e-06   1.380576e+00
6.977300e-02   1.566755e-06   1.379816e+00
7.107280e-02   1.900080e-06   1.379231e+00
7.239681e-02   2.301508e-06   1.378794e+00
7.374549e-02   2.784569e-06   1.378451e+00
7.511929e-02   3.365451e-06   1.378149e+00
7.651869e-02   4.063524e-06   1.377834e+00
7.794416e-02   4.901981e-06   1.377453e+00
7.939618e-02   5.908600e-06   1.376952e+00
8.087525e-02   7.116554e-06   1.376287e+00
8.238187e-02   8.563519e-06   1.375535e+00
8.391656e-02   1.029143e-05   1.374873e+00
8.547985e-02   1.234756e-05   1.374478e+00
8.707225e-02   1.478461e-05   1.374529e+00
8.869432e-02   1.766051e-05   1.375204e+00
9.034660e-02   2.103793e-05   1.376682e+00
9.202967e-02   2.499101e-05   1.378934e+00
9.374409e-02   2.962159e-05   1.381475e+00
9.549045e-02   3.505722e-05   1.383756e+00
9.726934e-02   4.145648e-05   1.385226e+00
9.908137e-02   4.901781e-05   1.385331e+00
1.009272e-01   5.798993e-05   1.383551e+00
1.028073e-01   6.864982e-05   1.380042e+00
1.047225e-01   8.128793e-05   1.375632e+00
1.066734e-01   9.623069e-05   1.371170e+00
1.086606e-01   1.138422e-04   1.367496e+00
1.106848e-01   1.345232e-04   1.365433e+00
1.127468e-01   1.587366e-04   1.365320e+00
1.148472e-01   1.870441e-04   1.366765e+00
1.169866e-01   2.200950e-04   1.369314e+00
1.191660e-01   2.586354e-04   1.372515e+00
1.213859e-01   3.035250e-04   1.375907e+00
1.236472e-01   3.558135e-04   1.378950e+00
1.259506e-01   4.167918e-04   1.381046e+00
1.282970e-01   4.880147e-04   1.381592e+00
1.306870e-01   5.713610e-04   1.379995e+00
1.331216e-01   6.688885e-04   1.376305e+00
1.356015e-01   7.825429e-04   1.371684e+00
1.381276e-01   9.143103e-04   1.367398e+00
1.407008e-01   1.066185e-03   1.364688e+00
1.433219e-01   1.240862e-03   1.363951e+00
1.459919e-01   1.443011e-03   1.364051e+00
1.487115e-01   1.678919e-03   1.363691e+00
1.514819e-01   1.956761e-03   1.361629e+00
1.543038e-01   2.284817e-03   1.357668e+00
1.571784e-01   2.670489e-03   1.352565e+00
1.601064e-01   3.121473e-03   1.347106e+00
1.630891e-01   3.646376e-03   1.341888e+00
1.661273e-01   4.257531e-03   1.336859e+00
1.692220e-01   4.970391e-03   1.331826e+00
1.723745e-01   5.803651e-03   1.326596e+00
1.755856e-01   6.780036e-03   1.320982e+00
1.788566e-01   7.927283e-03   1.314799e+00
1.821885e-01   9.279178e-03   1.307887e+00
1.855825e-01   1.087400e-02   1.300308e+00
1.890397e-01   1.275496e-02   1.292276e+00
1.925614e-01   1.497247e-02   1.283999e+00
1.961486e-01   1.758514e-02   1.275683e+00
1.998026e-01   2.066096e-02   1.267528e+00
2.035248e-01   2.427891e-02   1.259697e+00
2.073162e-01   2.853257e-02   1.252204e+00
2.111783e-01   3.353165e-02   1.245022e+00
2.151123e-01   3.940404e-02   1.238122e+00
2.191197e-01   4.629862e-02   1.231478e+00
2.232016e-01   5.438840e-02   1.225063e+00
2.273597e-01   6.387412e-02   1.218851e+00
2.315951e-01   7.498831e-02   1.212818e+00
2.359095e-01   8.799979e-02   1.206940e+00
2.403043e-01   1.032188e-01   1.201191e+00
2.447809e-01   1.210025e-01   1.195549e+00
2.493409e-01   1.417613e-01   1.189990e+00
2.539859e-01   1.659657e-01   1.184498e+00
2.587174e-01   1.941523e-01   1.179100e+00
2.635371e-01   2.269322e-01   1.173837e+00
2.684465e-01   2.649990e-01   1.168751e+00
2.734474e-01   3.091382e-01   1.163882e+00
2.785414e-01   3.602358e-01   1.159269e+00
2.837304e-01   4.192880e-01   1.154952e+00
2.890160e-01   4.874105e-01   1.150970e+00
2.944000e-01   5.658479e-01   1.147360e+00
2.998844e-01   6.559829e-01   1.144162e+00
3.054710e-01   7.593585e-01   1.141395e+00
3.111616e-01   8.777487e-01   1.139001e+00
3.169582e-01   1.013163e+00   1.136900e+00
3.228628e-01   1.167859e+00   1.135016e+00
3.288774e-01   1.344376e+00   1.133270e+00
3.350041e-01   1.545562e+00   1.131587e+00
3.412449e-01   1.774616e+00   1.129890e+00
3.476019e-01   2.035125e+00   1.128103e+00
3.540774e-01   2.331102e+00   1.126159e+00
3.606735e-01   2.666901e+00   1.124071e+00
3.673925e-01   3.047212e+00   1.121913e+00
3.742366e-01   3.477148e+00   1.119762e+00
3.812083e-01   3.962261e+00   1.117690e+00
3.883098e-01   4.508551e+00   1.115773e+00
3.955436e-01   5.122471e+00   1.114084e+00
4.029122e-01   5.810935e+00   1.112693e+00
4.104181e-01   6.581882e+00   1.111605e+00
4.180637e-01   7.444841e+00   1.110734e+00
4.258518e-01   8.410643e+00   1.109988e+00
4.337850e-01   9.491581e+00   1.109275e+00
4.418660e-01   1.070165e+01   1.108506e+00
4.500975e-01   1.205682e+01   1.107588e+00
4.584824e-01   1.357478e+01   1.106461e+00
4.670234e-01   1.527303e+01   1.105178e+00
4.757236e-01   1.716985e+01   1.103820e+00
4.845859e-01   1.928472e+01   1.102465e+00
4.936132e-01   2.163826e+01   1.101194e+00
5.028087e-01   2.425216e+01   1.100085e+00
5.121755e-01   2.715023e+01   1.099182e+00
5.217169e-01   3.035993e+01   1.098471e+00
5.314359e-01   3.391125e+01   1.097930e+00
5.413360e-01   3.783684e+01   1.097539e+00
5.514206e-01   4.217213e+01   1.097280e+00
5.616930e-01   4.695566e+01   1.097131e+00
5.721568e-01   5.222928e+01   1.097072e+00
5.828155e-01   5.803841e+01   1.097085e+00
5.936727e-01   6.443243e+01   1.097148e+00
6.047322e-01   7.146485e+01   1.097243e+00
6.159978e-01   7.919172e+01   1.097357e+00
6.274732e-01   8.767038e+01   1.097485e+00
6.391624e-01   9.696108e+01   1.097627e+00
6.510694e-01   1.071271e+02   1.097777e+00
6.631981e-01   1.182344e+02   1.097934e+00
6.755528e-01   1.303518e+02   1.098094e+00
6.881377e-01   1.435505e+02   1.098254e+00
7.009570e-01   1.579036e+02   1.098411e+00
7.140151e-01   1.734859e+02   1.098567e+00
7.273165e-01   1.903719e+02   1.098732e+00
7.408657e-01   2.086357e+02   1.098922e+00
7.546673e-01   2.283510e+02   1.099151e+00
7.687260e-01   2.495897e+02   1.099435e+00
7.830465e-01   2.724212e+02   1.099786e+00
7.976339e-01   2.969113e+02   1.100221e+00
8.124930e-01   3.231255e+02   1.100751e+00
8.276289e-01   3.511568e+02   1.101363e+00
8.430468e-01   3.811178e+02   1.102036e+00
8.587519e-01   4.131314e+02   1.102750e+00
8.747496e-01   4.473330e+02   1.103483e+00
8.910453e-01   4.838716e+02   1.104213e+00
9.076446e-01   5.229099e+02   1.104920e+00
9.245531e-01   5.645696e+02   1.105589e+00
9.417766e-01   6.089034e+02   1.106216e+00
9.593209e-01   6.559385e+02   1.106796e+00
9.771921e-01   7.056760e+02   1.107323e+00
9.953962e-01   7.580864e+02   1.107792e+00
1.013939e+00   8.131163e+02   1.108200e+00
1.032828e+00   8.707748e+02   1.108550e+00
1.052069e+00   9.311134e+02   1.108850e+00
1.071668e+00   9.941853e+02   1.109108e+00
1.091632e+00   1.060045e+03   1.109332e+00
1.111968e+00   1.128752e+03   1.109530e+00
1.132683e+00   1.200366e+03   1.109710e+00
1.153783e+00   1.274955e+03   1.109880e+00
1.175277e+00   1.352590e+03   1.110048e+00
1.197171e+00   1.433350e+03   1.110223e+00
1.219473e+00   1.517321e+03   1.110411e+00
1.242191e+00   1.604597e+03   1.110622e+00
1.265332e+00   1.695280e+03   1.110862e+00
1.288904e+00   1.789420e+03   1.111123e+00
1.312915e+00   1.887021e+03   1.111391e+00
1.337373e+00   1.988081e+03   1.111648e+00
1.362287e+00   2.092582e+03   1.111878e+00
1.387665e+00   2.200496e+03   1.112064e+00
1.413516e+00   2.311783e+03   1.112191e+00
1.439848e+00   2.426389e+03   1.112242e+00
1.466671e+00   2.544249e+03   1.112200e+00
1.493993e+00   2.665279e+03   1.112049e+00
1.521825e+00   2.789397e+03   1.111776e+00
1.550175e+00   2.916589e+03   1.111391e+00
1.579053e+00   3.046888e+03   1.110915e+00
1.608469e+00   3.180338e+03   1.110371e+00
1.638434e+00   3.316993e+03   1.109779e+00
1.668956e+00   3.456919e+03   1.109160e+00
1.700047e+00   3.600199e+03   1.108537e+00
1.731717e+00   3.746929e+03   1.107930e+00
1.763977e+00   3.897219e+03   1.107360e+00
1.796838e+00   4.051126e+03   1.106831e+00
1.830312e+00   4.208626e+03   1.106327e+00
1.864409e+00   4.369686e+03   1.105830e+00
1.899141e+00   4.534264e+03   1.105323e+00
1.934520e+00   4.702315e+03   1.104789e+00
1.970558e+00   4.873786e+03   1.104210e+00
2.007267e+00   5.048619e+03   1.103568e+00
2.044661e+00   5.226780e+03   1.102854e+00
2.082751e+00   5.408311e+03   1.102072e+00
2.121550e+00   5.593270e+03   1.101227e+00
2.161073e+00   5.781726e+03   1.100327e+00
2.201331e+00   5.973760e+03   1.099377e+00
2.242340e+00   6.169467e+03   1.098385e+00
2.284112e+00   6.368953e+03   1.097356e+00
2.326663e+00   6.572337e+03   1.096296e+00
2.370006e+00   6.779756e+03   1.095213e+00
2.414157e+00   6.991361e+03   1.094111e+00
2.459130e+00   7.207318e+03   1.092998e+00
2.504942e+00   7.427812e+03   1.091880e+00
2.551606e+00   7.652977e+03   1.090762e+00
2.599140e+00   7.882744e+03   1.089646e+00
2.647559e+00   8.116992e+03   1.088535e+00
2.696881e+00   8.355584e+03   1.087431e+00
2.747121e+00   8.598358e+03   1.086336e+00
2.798297e+00   8.845137e+03   1.085252e+00
2.850426e+00   9.095720e+03   1.084181e+00
2.903527e+00   9.349885e+03   1.083126e+00
2.957617e+00   9.607387e+03   1.082087e+00
3.012714e+00   9.867960e+03   1.081068e+00
3.068838e+00   1.013137e+04   1.080065e+00
3.126007e+00   1.039751e+04   1.079061e+00
3.184242e+00   1.066627e+04   1.078040e+00
3.243561e+00   1.093754e+04   1.076985e+00
3.303985e+00   1.121122e+04   1.075877e+00
3.365535e+00   1.148719e+04   1.074701e+00
3.428231e+00   1.176533e+04   1.073439e+00
3.492096e+00   1.204554e+04   1.072075e+00
3.557150e+00   1.232768e+04   1.070597e+00
3.623416e+00   1.261154e+04   1.069028e+00
3.690917e+00   1.289686e+04   1.067403e+00
3.759675e+00   1.318336e+04   1.065755e+00
3.829714e+00   1.347076e+04   1.064118e+00
3.901058e+00   1.375877e+04   1.062527e+00
3.973730e+00   1.404707e+04   1.061014e+00
4.047757e+00   1.433535e+04   1.059612e+00
4.123163e+00   1.462331e+04   1.058326e+00
4.199973e+00   1.491068e+04   1.057144e+00
4.278214e+00   1.519716e+04   1.056054e+00
4.357913e+00   1.548247e+04   1.055045e+00
4.439097e+00   1.576630e+04   1.054104e+00
4.521792e+00   1.604837e+04   1.053220e+00
4.606029e+00   1.632835e+04   1.052382e+00
4.691835e+00   1.660595e+04   1.051577e+00
4.779239e+00   1.688085e+04   1.050794e+00
4.868271e+00   1.715272e+04   1.050022e+00
4.958962e+00   1.742126e+04   1.049249e+00
5.051342e+00   1.768614e+04   1.048463e+00
5.145444e+00   1.794716e+04   1.047665e+00
5.241298e+00   1.820423e+04   1.046863e+00
5.338938e+00   1.845724e+04   1.046066e+00
5.438397e+00   1.870614e+04   1.045283e+00
5.539709e+00   1.895086e+04   1.044522e+00
5.642908e+00   1.919134e+04   1.043792e+00
5.748030e+00   1.942756e+04   1.043102e+00
5.855110e+00   1.965948e+04   1.042460e+00
5.964185e+00   1.988710e+04   1.041876e+00
6.075292e+00   2.011039e+04   1.041357e+00
6.188468e+00   2.032922e+04   1.040901e+00
6.303753e+00   2.054337e+04   1.040500e+00
6.421186e+00   2.075264e+04   1.040147e+00
6.540806e+00   2.095680e+04   1.039834e+00
6.662655e+00   2.115564e+04   1.039554e+00
6.786773e+00   2.134895e+04   1.039297e+00
6.913204e+00   2.153654e+04   1.039057e+00
7.041990e+00   2.171820e+04   1.038826e+00
7.173175e+00   2.189369e+04   1.038599e+00
7.306804e+00   2.206274e+04   1.038380e+00
7.442922e+00   2.222507e+04   1.038170e+00
7.581576e+00   2.238039e+04   1.037974e+00
7.722814e+00   2.252842e+04   1.037793e+00
7.866682e+00   2.266890e+04   1.037630e+00
8.013230e+00   2.280155e+04   1.037488e+00
8.162509e+00   2.292616e+04   1.037369e+00
8.314568e+00   2.304265e+04   1.037270e+00
8.469460e+00   2.315100e+04   1.037188e+00
8.627237e+00   2.325119e+04   1.037120e+00
8.787954e+00   2.334322e+04   1.037063e+00
8.951665e+00   2.342707e+04   1.037013e+00
9.118425e+00   2.350277e+04   1.036968e+00
9.288292e+00   2.357033e+04   1.036925e+00
9.461324e+00   2.362979e+04   1.036879e+00
9.637579e+00   2.368119e+04   1.036828e+00
9.817117e+00   2.372457e+04   1.036770e+00
1.000000e+01   2.376000e+04   1.036700e+00
