# B11 + t > Be10 + a   [B11_t__Be10_a]   ref=TALYS2, Koning et al. 2023
# detailed balance: alpha=6.0324 beta=0 gamma=-99.6373  Q=8.5861
# T9                 rate                error
1.000000e-03   1.000000e-35   1.000000e+02
1.018629e-03   1.031883e-35   1.000000e+02
1.037605e-03   1.063332e-35   1.000000e+02
1.056935e-03   1.094362e-35   1.000000e+02
1.076624e-03   1.125000e-35   1.000000e+02
1.096681e-03   1.155284e-35   1.000000e+02
1.117111e-03   1.185267e-35   1.000000e+02
1.137921e-03   1.215011e-35   1.000000e+02
1.159120e-03   1.244592e-35   1.000000e+02
1.180713e-03   1.274094e-35   1.000000e+02
1.202708e-03   1.303618e-35   1.000000e+02
1.225114e-03   1.333272e-35   1.000000e+02
1.247936e-03   1.363179e-35   1.000000e+02
1.271184e-03   1.393472e-35   1.000000e+02
1.294865e-03   1.424298e-35   1.000000e+02
1.318987e-03   1.455814e-35   1.000000e+02
1.343558e-03   1.488195e-35   1.000000e+02
1.368587e-03   1.521627e-35   1.000000e+02
1.394083e-03   1.556312e-35   1.000000e+02
1.420053e-03   1.592470e-35   1.000000e+02
1.446507e-03   1.630337e-35   1.000000e+02
1.473454e-03   1.670171e-35   1.000000e+02
1.500903e-03   1.712253e-35   1.000000e+02
1.528864e-03   1.756887e-35   1.000000e+02
1.557345e-03   1.804407e-35   1.000000e+02
1.586357e-03   1.855179e-35   1.000000e+02
1.615909e-03   1.909605e-35   1.000000e+02
1.646012e-03   1.968127e-35   1.000000e+02
1.676675e-03   2.031238e-35   1.000000e+02
1.707910e-03   2.099482e-35   1.000000e+02
1.739726e-03   2.173466e-35   1.000000e+02
1.772136e-03   2.253870e-35   1.000000e+02
1.805149e-03   2.341455e-35   1.000000e+02
1.838777e-03   2.437078e-35   1.000000e+02
1.873032e-03   2.541708e-35   1.000000e+02
1.907924e-03   2.656440e-35   1.000000e+02
1.943467e-03   2.782522e-35   1.000000e+02
1.979672e-03   2.921373e-35   1.000000e+02
2.016551e-03   3.074616e-35   1.000000e+02
2.054117e-03   3.244115e-35   1.000000e+02
2.092383e-03   3.432012e-35   1.000000e+02
2.131362e-03   3.640778e-35   1.000000e+02
2.171068e-03   3.873275e-35   1.000000e+02
2.211512e-03   4.132824e-35   1.000000e+02
2.252711e-03   4.423293e-35   1.000000e+02
2.294676e-03   4.749201e-35   1.000000e+02
2.337424e-03   5.115842e-35   1.000000e+02
2.380968e-03   5.529442e-35   1.000000e+02
2.425323e-03   5.997342e-35   1.000000e+02
2.470504e-03   6.528229e-35   1.000000e+02
2.516527e-03   7.132419e-35   1.000000e+02
2.563407e-03   7.822200e-35   1.000000e+02
2.611161e-03   8.612266e-35   1.000000e+02
2.659804e-03   9.520245e-35   1.000000e+02
2.709354e-03   1.056737e-34   1.000000e+02
2.759826e-03   1.177929e-34   1.000000e+02
2.811239e-03   1.318715e-34   1.000000e+02
2.863610e-03   1.482887e-34   1.000000e+02
2.916956e-03   1.675083e-34   1.000000e+02
2.971296e-03   1.900997e-34   1.000000e+02
3.026648e-03   2.167651e-34   1.000000e+02
3.083031e-03   2.483792e-34   1.000000e+02
3.140465e-03   2.860379e-34   1.000000e+02
3.198969e-03   3.311154e-34   1.000000e+02
3.258562e-03   3.853431e-34   1.000000e+02
3.319266e-03   4.509133e-34   1.000000e+02
3.381101e-03   5.306164e-34   1.000000e+02
3.444087e-03   6.280229e-34   1.000000e+02
3.508247e-03   7.477258e-34   1.000000e+02
3.573602e-03   8.956663e-34   1.000000e+02
3.640175e-03   1.079573e-33   1.000000e+02
3.707988e-03   1.309558e-33   1.000000e+02
3.777064e-03   1.598930e-33   1.000000e+02
3.847427e-03   1.965308e-33   1.000000e+02
3.919100e-03   2.432168e-33   1.000000e+02
3.992109e-03   3.030981e-33   1.000000e+02
4.066478e-03   3.804607e-33   1.000000e+02
4.142232e-03   4.814319e-33   1.000000e+02
4.219398e-03   6.147607e-33   1.000000e+02
4.298001e-03   7.929966e-33   1.000000e+02
4.378069e-03   1.034376e-32   1.000000e+02
4.459628e-03   1.365761e-32   1.000000e+02
4.542706e-03   1.827295e-32   1.000000e+02
4.627332e-03   2.479864e-32   1.000000e+02
4.713535e-03   3.417274e-32   1.000000e+02
4.801343e-03   4.786439e-32   1.000000e+02
4.890787e-03   6.821403e-32   1.000000e+02
4.981898e-03   9.901735e-32   1.000000e+02
5.074705e-03   1.465183e-31   1.000000e+02
5.169242e-03   2.208963e-31   1.000000e+02
5.265540e-03   3.389312e-31   1.000000e+02
5.363631e-03   5.286516e-31   1.000000e+02
5.463550e-03   8.372815e-31   1.000000e+02
5.565331e-03   1.345012e-30   1.000000e+02
5.669007e-03   2.188982e-30   1.000000e+02
5.774615e-03   3.605194e-30   1.000000e+02
5.882190e-03   6.001975e-30   1.000000e+02
5.991770e-03   1.008899e-29   1.000000e+02
6.103390e-03   1.710930e-29   1.000000e+02
6.217090e-03   2.929289e-29   1.000000e+02
6.332908e-03   5.069467e-29   1.000000e+02
6.450884e-03   8.878846e-29   1.000000e+02
6.571058e-03   1.575685e-28   1.000000e+02
6.693470e-03   2.836778e-28   1.000000e+02
6.818162e-03   5.187385e-28   1.000000e+02
6.945178e-03   9.646355e-28   1.000000e+02
7.074559e-03   1.826234e-27   1.000000e+02
7.206351e-03   3.518745e-27   1.000000e+02
7.340598e-03   6.889712e-27   1.000000e+02
7.477346e-03   1.368751e-26   1.000000e+02
7.616642e-03   2.754775e-26   1.000000e+02
7.758532e-03   5.608079e-26   1.000000e+02
7.903066e-03   1.153020e-25   1.000000e+02
8.050292e-03   2.390628e-25   1.000000e+02
8.200261e-03   5.010815e-25   1.000000e+02
8.353023e-03   1.070785e-24   1.000000e+02
8.508632e-03   2.353906e-24   1.000000e+02
8.667139e-03   5.371123e-24   1.000000e+02
8.828599e-03   1.283588e-23   1.000000e+02
8.993067e-03   3.241656e-23   1.000000e+02
9.160598e-03   8.671510e-23   1.000000e+02
9.331251e-03   2.389537e-22   1.000000e+02
9.505083e-03   6.540585e-22   1.000000e+02
9.682153e-03   1.714731e-21   1.000000e+02
9.862522e-03   4.151876e-21   1.000000e+02
1.004625e-02   8.954418e-21   1.000000e+02
1.023340e-02   1.697821e-20   1.000000e+02
1.042404e-02   2.921639e-20   1.000000e+02
1.061823e-02   4.734796e-20   1.000000e+02
1.081604e-02   7.498516e-20   1.000000e+02
1.101753e-02   1.204221e-19   1.000000e+02
1.122277e-02   2.014055e-19   1.000000e+02
1.143184e-02   3.489731e-19   1.000000e+02
1.164481e-02   6.193227e-19   1.000000e+02
1.186174e-02   1.113002e-18   1.000000e+02
1.208271e-02   2.002778e-18   1.000000e+02
1.230780e-02   3.588954e-18   1.000000e+02
1.253708e-02   6.422251e-18   1.000000e+02
1.277063e-02   1.151439e-17   1.000000e+02
1.300854e-02   2.075288e-17   1.000000e+02
1.325087e-02   3.769538e-17   1.000000e+02
1.349772e-02   6.896932e-17   1.000000e+02
1.374917e-02   1.269625e-16   1.000000e+02
1.400531e-02   2.348771e-16   1.000000e+02
1.426621e-02   4.362570e-16   1.000000e+02
1.453198e-02   8.134657e-16   1.000000e+02
1.480269e-02   1.522915e-15   1.000000e+02
1.507845e-02   2.862833e-15   1.000000e+02
1.535935e-02   5.403730e-15   1.000000e+02
1.564548e-02   1.023937e-14   1.000000e+02
1.593694e-02   1.947287e-14   1.000000e+02
1.623382e-02   3.715799e-14   1.000000e+02
1.653624e-02   7.111766e-14   1.000000e+02
1.684430e-02   1.364642e-13   1.000000e+02
1.715809e-02   2.624157e-13   1.000000e+02
1.747773e-02   5.054793e-13   1.000000e+02
1.780332e-02   9.749286e-13   1.000000e+02
1.813498e-02   1.881974e-12   1.000000e+02
1.847281e-02   3.635161e-12   1.000000e+02
1.881694e-02   7.025985e-12   1.000000e+02
1.916748e-02   1.358862e-11   1.000000e+02
1.952456e-02   2.629898e-11   1.000000e+02
1.988828e-02   5.093418e-11   1.000000e+02
2.025878e-02   9.871061e-11   1.000000e+02
2.063618e-02   1.912625e-10   1.000000e+02
2.102061e-02   3.700207e-10   1.000000e+02
2.141220e-02   7.137862e-10   1.000000e+02
2.181109e-02   1.371110e-09   1.000000e+02
2.221741e-02   2.619112e-09   1.000000e+02
2.263130e-02   4.968550e-09   1.000000e+02
2.305289e-02   9.347916e-09   1.000000e+02
2.348235e-02   1.741909e-08   1.000000e+02
2.391980e-02   3.210534e-08   1.000000e+02
2.436540e-02   5.845027e-08   1.000000e+02
2.481930e-02   1.049709e-07   1.000000e+02
2.528166e-02   1.857322e-07   1.000000e+02
2.575263e-02   3.238845e-07   1.000000e+02
2.623238e-02   5.574992e-07   1.000000e+02
2.672106e-02   9.486994e-07   1.000000e+02
2.721885e-02   1.598537e-06   1.000000e+02
2.772591e-02   2.671197e-06   1.000000e+02
2.824241e-02   4.433608e-06   1.000000e+02
2.876854e-02   7.320761e-06   1.000000e+02
2.930447e-02   1.204432e-05   1.000000e+02
2.985038e-02   1.977490e-05   1.000000e+02
3.040646e-02   3.243158e-05   1.000000e+02
3.097291e-02   5.288053e-05   1.000000e+02
3.154990e-02   8.505633e-05   1.000000e+02
3.213764e-02   1.339048e-04   1.000000e+02
3.273634e-02   2.047200e-04   1.000000e+02
3.334618e-02   3.015745e-04   1.000000e+02
3.396739e-02   4.247124e-04   1.000000e+02
3.460016e-02   5.673576e-04   1.000000e+02
3.524473e-02   7.133065e-04   1.000000e+02
3.590130e-02   8.374300e-04   1.000000e+02
3.657011e-02   9.108979e-04   1.000000e+02
3.725137e-02   9.108258e-04   1.000000e+02
3.794533e-02   8.306942e-04   1.000000e+02
3.865221e-02   6.856192e-04   1.000000e+02
3.937226e-02   5.081084e-04   1.000000e+02
4.010573e-02   3.354780e-04   1.000000e+02
4.085286e-02   1.973645e-04   1.000000e+02
4.161391e-02   1.056602e-04   1.000000e+02
4.238913e-02   5.274749e-05   1.000000e+02
4.317880e-02   2.516228e-05   1.000000e+02
4.398317e-02   1.175347e-05   1.000000e+02
4.480254e-02   5.508847e-06   1.000000e+02
4.563716e-02   2.654872e-06   1.000000e+02
4.648734e-02   1.348110e-06   1.000000e+02
4.735335e-02   7.391210e-07   1.000000e+02
4.823549e-02   4.483579e-07   1.000000e+02
4.913407e-02   3.083638e-07   1.000000e+02
5.004939e-02   2.464000e-07   1.000000e+02
5.098176e-02   2.322534e-07   1.000000e+02
5.193150e-02   2.540877e-07   1.000000e+02
5.289893e-02   3.153231e-07   1.000000e+02
5.388438e-02   4.338394e-07   1.000000e+02
5.488820e-02   6.467754e-07   1.000000e+02
5.591071e-02   1.021127e-06   1.000000e+02
5.695227e-02   1.668624e-06   1.000000e+02
5.801323e-02   2.758289e-06   1.000000e+02
5.909396e-02   4.507899e-06   1.000000e+02
6.019482e-02   7.119078e-06   1.000000e+02
6.131619e-02   1.070349e-05   1.000000e+02
6.245845e-02   1.538581e-05   1.000000e+02
6.362198e-02   2.129430e-05   1.000000e+02
6.480720e-02   2.857654e-05   1.000000e+02
6.601449e-02   3.744675e-05   1.000000e+02
6.724427e-02   4.825386e-05   1.000000e+02
6.849697e-02   6.157700e-05   1.000000e+02
6.977300e-02   7.836616e-05   1.000000e+02
7.107280e-02   1.000780e-04   1.000000e+02
7.239681e-02   1.282722e-04   1.000000e+02
7.374549e-02   1.646295e-04   1.000000e+02
7.511929e-02   2.110857e-04   1.000000e+02
7.651869e-02   2.697612e-04   1.000000e+02
7.794416e-02   3.428184e-04   1.000000e+02
7.939618e-02   4.322217e-04   1.000000e+02
8.087525e-02   5.393469e-04   1.000000e+02
8.238187e-02   6.637380e-04   1.000000e+02
8.391656e-02   8.019245e-04   1.000000e+02
8.547985e-02   9.469105e-04   1.000000e+02
8.707225e-02   1.087811e-03   1.000000e+02
8.869432e-02   1.210311e-03   1.000000e+02
9.034660e-02   1.298330e-03   1.000000e+02
9.202967e-02   1.345432e-03   1.000000e+02
9.374409e-02   1.368594e-03   1.000000e+02
9.549045e-02   1.391157e-03   1.000000e+02
9.726934e-02   1.438528e-03   1.000000e+02
9.908137e-02   1.540468e-03   1.000000e+02
1.009272e-01   1.737918e-03   1.000000e+02
1.028073e-01   2.067999e-03   1.000000e+02
1.047225e-01   2.557225e-03   1.000000e+02
1.066734e-01   3.235471e-03   1.000000e+02
1.086606e-01   4.123891e-03   1.000000e+02
1.106848e-01   5.214166e-03   1.000000e+02
1.127468e-01   6.487846e-03   1.000000e+02
1.148472e-01   7.971534e-03   1.000000e+02
1.169866e-01   9.714458e-03   1.000000e+02
1.191660e-01   1.179343e-02   1.000000e+02
1.213859e-01   1.432239e-02   1.000000e+02
1.236472e-01   1.741680e-02   1.000000e+02
1.259506e-01   2.117959e-02   1.000000e+02
1.282970e-01   2.571926e-02   1.000000e+02
1.306870e-01   3.114493e-02   1.000000e+02
1.331216e-01   3.755856e-02   1.000000e+02
1.356015e-01   4.504471e-02   1.000000e+02
1.381276e-01   5.365549e-02   1.000000e+02
1.407008e-01   6.339451e-02   1.000000e+02
1.433219e-01   7.435810e-02   1.000000e+02
1.459919e-01   8.700475e-02   1.000000e+02
1.487115e-01   1.020892e-01   1.000000e+02
1.514819e-01   1.207325e-01   1.000000e+02
1.543038e-01   1.439809e-01   1.000000e+02
1.571784e-01   1.725257e-01   1.000000e+02
1.601064e-01   2.069364e-01   1.000000e+02
1.630891e-01   2.476996e-01   1.000000e+02
1.661273e-01   2.957266e-01   1.000000e+02
1.692220e-01   3.521680e-01   1.000000e+02
1.723745e-01   4.183324e-01   1.000000e+02
1.755856e-01   4.957050e-01   1.000000e+02
1.788566e-01   5.859667e-01   1.000000e+02
1.821885e-01   6.910273e-01   1.000000e+02
1.855825e-01   8.132018e-01   1.000000e+02
1.890397e-01   9.553146e-01   1.000000e+02
1.925614e-01   1.120739e+00   1.000000e+02
1.961486e-01   1.313522e+00   1.000000e+02
1.998026e-01   1.538546e+00   1.000000e+02
2.035248e-01   1.801605e+00   1.000000e+02
2.073162e-01   2.109038e+00   1.000000e+02
2.111783e-01   2.468001e+00   1.000000e+02
2.151123e-01   2.886703e+00   1.000000e+02
2.191197e-01   3.374541e+00   1.000000e+02
2.232016e-01   3.942239e+00   1.000000e+02
2.273597e-01   4.602004e+00   1.000000e+02
2.315951e-01   5.367682e+00   1.000000e+02
2.359095e-01   6.254925e+00   1.000000e+02
2.403043e-01   7.281370e+00   1.000000e+02
2.447809e-01   8.466806e+00   1.000000e+02
2.493409e-01   9.833354e+00   1.000000e+02
2.539859e-01   1.140580e+01   1.000000e+02
2.587174e-01   1.321292e+01   1.000000e+02
2.635371e-01   1.528775e+01   1.000000e+02
2.684465e-01   1.766780e+01   1.000000e+02
2.734474e-01   2.039567e+01   1.000000e+02
2.785414e-01   2.351974e+01   1.000000e+02
2.837304e-01   2.709498e+01   1.000000e+02
2.890160e-01   3.118382e+01   1.000000e+02
2.944000e-01   3.585722e+01   1.000000e+02
2.998844e-01   4.119582e+01   1.000000e+02
3.054710e-01   4.729058e+01   1.000000e+02
3.111616e-01   5.424098e+01   1.000000e+02
3.169582e-01   6.215706e+01   1.000000e+02
3.228628e-01   7.116101e+01   1.000000e+02
3.288774e-01   8.138813e+01   1.000000e+02
3.350041e-01   9.298782e+01   1.000000e+02
3.412449e-01   1.061245e+02   1.000000e+02
3.476019e-01   1.209787e+02   1.000000e+02
3.540774e-01   1.377484e+02   1.000000e+02
3.606735e-01   1.566628e+02   1.000000e+02
3.673925e-01   1.779876e+02   1.000000e+02
3.742366e-01   2.020233e+02   1.000000e+02
3.812083e-01   2.291099e+02   1.000000e+02
3.883098e-01   2.596334e+02   1.000000e+02
3.955436e-01   2.940320e+02   1.000000e+02
4.029122e-01   3.328038e+02   1.000000e+02
4.104181e-01   3.764781e+02   1.000000e+02
4.180637e-01   4.255878e+02   1.000000e+02
4.258518e-01   4.806984e+02   1.000000e+02
4.337850e-01   5.424084e+02   1.000000e+02
4.418660e-01   6.113454e+02   1.000000e+02
4.500975e-01   6.881600e+02   1.000000e+02
4.584824e-01   7.735584e+02   1.000000e+02
4.670234e-01   8.684441e+02   1.000000e+02
4.757236e-01   9.738689e+02   1.000000e+02
4.845859e-01   1.091023e+03   1.000000e+02
4.936132e-01   1.221256e+03   1.000000e+02
5.028087e-01   1.366104e+03   1.000000e+02
5.121755e-01   1.527221e+03   1.000000e+02
5.217169e-01   1.706283e+03   1.000000e+02
5.314359e-01   1.905102e+03   1.000000e+02
5.413360e-01   2.125637e+03   1.000000e+02
5.514206e-01   2.370009e+03   1.000000e+02
5.616930e-01   2.640505e+03   1.000000e+02
5.721568e-01   2.939586e+03   1.000000e+02
5.828155e-01   3.269894e+03   1.000000e+02
5.936727e-01   3.634259e+03   1.000000e+02
6.047322e-01   4.035701e+03   1.000000e+02
6.159978e-01   4.477528e+03   1.000000e+02
6.274732e-01   4.963403e+03   1.000000e+02
6.391624e-01   5.497298e+03   1.000000e+02
6.510694e-01   6.083505e+03   1.000000e+02
6.631981e-01   6.726666e+03   1.000000e+02
6.755528e-01   7.431795e+03   1.000000e+02
6.881377e-01   8.204307e+03   1.000000e+02
7.009570e-01   9.050047e+03   1.000000e+02
7.140151e-01   9.975289e+03   1.000000e+02
7.273165e-01   1.098667e+04   1.000000e+02
7.408657e-01   1.209126e+04   1.000000e+02
7.546673e-01   1.329661e+04   1.000000e+02
7.687260e-01   1.461080e+04   1.000000e+02
7.830465e-01   1.604239e+04   1.000000e+02
7.976339e-01   1.760053e+04   1.000000e+02
8.124930e-01   1.929494e+04   1.000000e+02
8.276289e-01   2.113600e+04   1.000000e+02
8.430468e-01   2.313483e+04   1.000000e+02
8.587519e-01   2.530319e+04   1.000000e+02
8.747496e-01   2.765360e+04   1.000000e+02
8.910453e-01   3.019933e+04   1.000000e+02
9.076446e-01   3.295444e+04   1.000000e+02
9.245531e-01   3.593368e+04   1.000000e+02
9.417766e-01   3.915247e+04   1.000000e+02
9.593209e-01   4.262700e+04   1.000000e+02
9.771921e-01   4.637425e+04   1.000000e+02
9.953962e-01   5.041201e+04   1.000000e+02
1.013939e+00   5.475890e+04   1.000000e+02
1.032828e+00   5.943465e+04   1.000000e+02
1.052069e+00   6.446007e+04   1.000000e+02
1.071668e+00   6.985694e+04   1.000000e+02
1.091632e+00   7.564806e+04   1.000000e+02
1.111968e+00   8.185726e+04   1.000000e+02
1.132683e+00   8.850942e+04   1.000000e+02
1.153783e+00   9.563051e+04   1.000000e+02
1.175277e+00   1.032476e+05   1.000000e+02
1.197171e+00   1.113887e+05   1.000000e+02
1.219473e+00   1.200832e+05   1.000000e+02
1.242191e+00   1.293615e+05   1.000000e+02
1.265332e+00   1.392552e+05   1.000000e+02
1.288904e+00   1.497997e+05   1.000000e+02
1.312915e+00   1.610336e+05   1.000000e+02
1.337373e+00   1.729984e+05   1.000000e+02
1.362287e+00   1.857380e+05   1.000000e+02
1.387665e+00   1.992995e+05   1.000000e+02
1.413516e+00   2.137333e+05   1.000000e+02
1.439848e+00   2.290930e+05   1.000000e+02
1.466671e+00   2.454364e+05   1.000000e+02
1.493993e+00   2.628252e+05   1.000000e+02
1.521825e+00   2.813229e+05   1.000000e+02
1.550175e+00   3.009739e+05   1.000000e+02
1.579053e+00   3.218087e+05   1.000000e+02
1.608469e+00   3.438520e+05   1.000000e+02
1.638434e+00   3.671213e+05   1.000000e+02
1.668956e+00   3.916261e+05   1.000000e+02
1.700047e+00   4.173659e+05   1.000000e+02
1.731717e+00   4.443298e+05   1.000000e+02
1.763977e+00   4.724954e+05   1.000000e+02
1.796838e+00   5.018749e+05   1.000000e+02
1.830312e+00   5.325374e+05   1.000000e+02
1.864409e+00   5.645668e+05   1.000000e+02
1.899141e+00   5.980605e+05   1.000000e+02
1.934520e+00   6.331307e+05   1.000000e+02
1.970558e+00   6.699063e+05   1.000000e+02
2.007267e+00   7.085346e+05   1.000000e+02
2.044661e+00   7.491515e+05   1.000000e+02
2.082751e+00   7.918328e+05   1.000000e+02
2.121550e+00   8.366437e+05   1.000000e+02
2.161073e+00   8.836469e+05   1.000000e+02
2.201331e+00   9.329023e+05   1.000000e+02
2.242340e+00   9.844658e+05   1.000000e+02
2.284112e+00   1.038389e+06   1.000000e+02
2.326663e+00   1.094719e+06   1.000000e+02
2.370006e+00   1.153496e+06   1.000000e+02
2.414157e+00   1.214755e+06   1.000000e+02
2.459130e+00   1.278521e+06   1.000000e+02
2.504942e+00   1.344813e+06   1.000000e+02
2.551606e+00   1.413654e+06   1.000000e+02
2.599140e+00   1.485104e+06   1.000000e+02
2.647559e+00   1.559230e+06   1.000000e+02
2.696881e+00   1.636104e+06   1.000000e+02
2.747121e+00   1.715799e+06   1.000000e+02
2.798297e+00   1.798390e+06   1.000000e+02
2.850426e+00   1.883957e+06   1.000000e+02
2.903527e+00   1.972583e+06   1.000000e+02
2.957617e+00   2.064353e+06   1.000000e+02
3.012714e+00   2.159358e+06   1.000000e+02
3.068838e+00   2.257682e+06   1.000000e+02
3.126007e+00   2.359387e+06   1.000000e+02
3.184242e+00   2.464532e+06   1.000000e+02
3.243561e+00   2.573173e+06   1.000000e+02
3.303985e+00   2.685365e+06   1.000000e+02
3.365535e+00   2.801161e+06   1.000000e+02
3.428231e+00   2.920610e+06   1.000000e+02
3.492096e+00   3.043759e+06   1.000000e+02
3.557150e+00   3.170655e+06   1.000000e+02
3.623416e+00   3.301353e+06   1.000000e+02
3.690917e+00   3.435909e+06   1.000000e+02
3.759675e+00   3.574381e+06   1.000000e+02
3.829714e+00   3.716825e+06   1.000000e+02
3.901058e+00   3.863297e+06   1.000000e+02
3.973730e+00   4.013854e+06   1.000000e+02
4.047757e+00   4.168550e+06   1.000000e+02
4.123163e+00   4.327436e+06   1.000000e+02
4.199973e+00   4.490557e+06   1.000000e+02
4.278214e+00   4.657959e+06   1.000000e+02
4.357913e+00   4.829682e+06   1.000000e+02
4.439097e+00   5.005770e+06   1.000000e+02
4.521792e+00   5.186260e+06   1.000000e+02
4.606029e+00   5.371193e+06   1.000000e+02
4.691835e+00   5.560604e+06   1.000000e+02
4.779239e+00   5.754528e+06   1.000000e+02
4.868271e+00   5.952999e+06   1.000000e+02
4.958962e+00   6.156049e+06   1.000000e+02
5.051342e+00   6.363710e+06   1.000000e+02
5.145444e+00   6.576007e+06   1.000000e+02
5.241298e+00   6.792968e+06   1.000000e+02
5.338938e+00   7.014615e+06   1.000000e+02
5.438397e+00   7.240970e+06   1.000000e+02
5.539709e+00   7.472054e+06   1.000000e+02
5.642908e+00   7.707885e+06   1.000000e+02
5.748030e+00   7.948480e+06   1.000000e+02
5.855110e+00   8.193855e+06   1.000000e+02
5.964185e+00   8.444022e+06   1.000000e+02
6.075292e+00   8.698994e+06   1.000000e+02
6.188468e+00   8.958776e+06   1.000000e+02
6.303753e+00   9.223368e+06   1.000000e+02
6.421186e+00   9.492765e+06   1.000000e+02
6.540806e+00   9.766962e+06   1.000000e+02
6.662655e+00   1.004595e+07   1.000000e+02
6.786773e+00   1.032972e+07   1.000000e+02
6.913204e+00   1.061826e+07   1.000000e+02
7.041990e+00   1.091155e+07   1.000000e+02
7.173175e+00   1.120958e+07   1.000000e+02
7.306804e+00   1.151233e+07   1.000000e+02
7.442922e+00   1.181980e+07   1.000000e+02
7.581576e+00   1.213195e+07   1.000000e+02
7.722814e+00   1.244878e+07   1.000000e+02
7.866682e+00   1.277026e+07   1.000000e+02
8.013230e+00   1.309638e+07   1.000000e+02
8.162509e+00   1.342711e+07   1.000000e+02
8.314568e+00   1.376240e+07   1.000000e+02
8.469460e+00   1.410221e+07   1.000000e+02
8.627237e+00   1.444648e+07   1.000000e+02
8.787954e+00   1.479516e+07   1.000000e+02
8.951665e+00   1.514819e+07   1.000000e+02
9.118425e+00   1.550551e+07   1.000000e+02
9.288292e+00   1.586704e+07   1.000000e+02
9.461324e+00   1.623274e+07   1.000000e+02
9.637579e+00   1.660251e+07   1.000000e+02
9.817117e+00   1.697629e+07   1.000000e+02
1.000000e+01   1.735400e+07   1.000000e+02
