# N13 + a > F17 + g   [N13aTOF17g]   ref=TALYS2
# detailed balance: alpha=1.7623e+10 beta=1.5 gamma=-67.5231  Q=5.8187
# T9                 rate                error
1.000000e-03 1.000000e-35 1.000000e+02
1.018629e-03 9.998499e-36 1.000000e+02
1.037605e-03 9.997130e-36 1.000000e+02
1.056935e-03 9.995889e-36 1.000000e+02
1.076624e-03 9.994771e-36 1.000000e+02
1.096681e-03 9.993774e-36 1.000000e+02
1.117111e-03 9.992891e-36 1.000000e+02
1.137921e-03 9.992119e-36 1.000000e+02
1.159120e-03 9.991454e-36 1.000000e+02
1.180713e-03 9.990892e-36 1.000000e+02
1.202708e-03 9.990428e-36 1.000000e+02
1.225114e-03 9.990058e-36 1.000000e+02
1.247936e-03 9.989778e-36 1.000000e+02
1.271184e-03 9.989583e-36 1.000000e+02
1.294865e-03 9.989470e-36 1.000000e+02
1.318987e-03 9.989435e-36 1.000000e+02
1.343558e-03 9.989472e-36 1.000000e+02
1.368587e-03 9.989578e-36 1.000000e+02
1.394083e-03 9.989748e-36 1.000000e+02
1.420053e-03 9.989980e-36 1.000000e+02
1.446507e-03 9.990267e-36 1.000000e+02
1.473454e-03 9.990606e-36 1.000000e+02
1.500903e-03 9.990993e-36 1.000000e+02
1.528864e-03 9.991424e-36 1.000000e+02
1.557345e-03 9.991894e-36 1.000000e+02
1.586357e-03 9.992399e-36 1.000000e+02
1.615909e-03 9.992935e-36 1.000000e+02
1.646012e-03 9.993498e-36 1.000000e+02
1.676675e-03 9.994084e-36 1.000000e+02
1.707910e-03 9.994688e-36 1.000000e+02
1.739726e-03 9.995306e-36 1.000000e+02
1.772136e-03 9.995934e-36 1.000000e+02
1.805149e-03 9.996568e-36 1.000000e+02
1.838777e-03 9.997203e-36 1.000000e+02
1.873032e-03 9.997836e-36 1.000000e+02
1.907924e-03 9.998462e-36 1.000000e+02
1.943467e-03 9.999077e-36 1.000000e+02
1.979672e-03 9.999676e-36 1.000000e+02
2.016551e-03 1.000026e-35 1.000000e+02
2.054117e-03 1.000081e-35 1.000000e+02
2.092383e-03 1.000134e-35 1.000000e+02
2.131362e-03 1.000184e-35 1.000000e+02
2.171068e-03 1.000230e-35 1.000000e+02
2.211512e-03 1.000272e-35 1.000000e+02
2.252711e-03 1.000309e-35 1.000000e+02
2.294676e-03 1.000342e-35 1.000000e+02
2.337424e-03 1.000369e-35 1.000000e+02
2.380968e-03 1.000390e-35 1.000000e+02
2.425323e-03 1.000406e-35 1.000000e+02
2.470504e-03 1.000414e-35 1.000000e+02
2.516527e-03 1.000416e-35 1.000000e+02
2.563407e-03 1.000410e-35 1.000000e+02
2.611161e-03 1.000397e-35 1.000000e+02
2.659804e-03 1.000375e-35 1.000000e+02
2.709354e-03 1.000344e-35 1.000000e+02
2.759826e-03 1.000305e-35 1.000000e+02
2.811239e-03 1.000255e-35 1.000000e+02
2.863610e-03 1.000196e-35 1.000000e+02
2.916956e-03 1.000127e-35 1.000000e+02
2.971296e-03 1.000046e-35 1.000000e+02
3.026648e-03 9.999548e-36 1.000000e+02
3.083031e-03 9.998542e-36 1.000000e+02
3.140465e-03 9.997487e-36 1.000000e+02
3.198969e-03 9.996429e-36 1.000000e+02
3.258562e-03 9.995412e-36 1.000000e+02
3.319266e-03 9.994481e-36 1.000000e+02
3.381101e-03 9.993681e-36 1.000000e+02
3.444087e-03 9.993055e-36 1.000000e+02
3.508247e-03 9.992649e-36 1.000000e+02
3.573602e-03 9.992508e-36 1.000000e+02
3.640175e-03 9.992675e-36 1.000000e+02
3.707988e-03 9.993196e-36 1.000000e+02
3.777064e-03 9.994116e-36 1.000000e+02
3.847427e-03 9.995478e-36 1.000000e+02
3.919100e-03 9.997328e-36 1.000000e+02
3.992109e-03 9.999712e-36 1.000000e+02
4.066478e-03 1.000264e-35 1.000000e+02
4.142232e-03 1.000592e-35 1.000000e+02
4.219398e-03 1.000929e-35 1.000000e+02
4.298001e-03 1.001251e-35 1.000000e+02
4.378069e-03 1.001532e-35 1.000000e+02
4.459628e-03 1.001745e-35 1.000000e+02
4.542706e-03 1.001865e-35 1.000000e+02
4.627332e-03 1.001866e-35 1.000000e+02
4.713535e-03 1.001723e-35 1.000000e+02
4.801343e-03 1.001410e-35 1.000000e+02
4.890787e-03 1.000901e-35 1.000000e+02
4.981898e-03 1.000171e-35 1.000000e+02
5.074705e-03 9.992019e-36 1.000000e+02
5.169242e-03 9.980169e-36 1.000000e+02
5.265540e-03 9.966602e-36 1.000000e+02
5.363631e-03 9.951759e-36 1.000000e+02
5.463550e-03 9.936074e-36 1.000000e+02
5.565331e-03 9.919983e-36 1.000000e+02
5.669007e-03 9.903916e-36 1.000000e+02
5.774615e-03 9.888302e-36 1.000000e+02
5.882190e-03 9.873567e-36 1.000000e+02
5.991770e-03 9.860135e-36 1.000000e+02
6.103390e-03 9.848336e-36 1.000000e+02
6.217090e-03 9.838039e-36 1.000000e+02
6.332908e-03 9.828972e-36 1.000000e+02
6.450884e-03 9.820865e-36 1.000000e+02
6.571058e-03 9.813448e-36 1.000000e+02
6.693470e-03 9.806454e-36 1.000000e+02
6.818162e-03 9.799613e-36 1.000000e+02
6.945178e-03 9.792661e-36 1.000000e+02
7.074559e-03 9.785372e-36 1.000000e+02
7.206351e-03 9.778205e-36 1.000000e+02
7.340598e-03 9.772183e-36 1.000000e+02
7.477346e-03 9.768342e-36 1.000000e+02
7.616642e-03 9.767719e-36 1.000000e+02
7.758532e-03 9.771350e-36 1.000000e+02
7.903066e-03 9.780282e-36 1.000000e+02
8.050292e-03 9.795536e-36 1.000000e+02
8.200261e-03 9.816215e-36 1.000000e+02
8.353023e-03 9.838464e-36 1.000000e+02
8.508632e-03 9.858150e-36 1.000000e+02
8.667139e-03 9.871105e-36 1.000000e+02
8.828599e-03 9.873150e-36 1.000000e+02
8.993067e-03 9.860132e-36 1.000000e+02
9.160598e-03 9.831343e-36 1.000000e+02
9.331251e-03 9.801362e-36 1.000000e+02
9.505083e-03 9.788920e-36 1.000000e+02
9.682153e-03 9.812718e-36 1.000000e+02
9.862522e-03 9.891936e-36 1.000000e+02
1.004625e-02 1.004703e-35 1.000000e+02
1.023340e-02 1.028847e-35 1.000000e+02
1.042404e-02 1.060412e-35 1.000000e+02
1.061823e-02 1.097854e-35 1.000000e+02
1.081604e-02 1.139448e-35 1.000000e+02
1.101753e-02 1.183204e-35 1.000000e+02
1.122277e-02 1.227495e-35 1.000000e+02
1.143184e-02 1.272658e-35 1.000000e+02
1.164481e-02 1.319527e-35 1.000000e+02
1.186174e-02 1.369057e-35 1.000000e+02
1.208271e-02 1.422335e-35 1.000000e+02
1.230780e-02 1.480134e-35 1.000000e+02
1.253708e-02 1.542653e-35 1.000000e+02
1.277063e-02 1.610045e-35 1.000000e+02
1.300854e-02 1.682464e-35 1.000000e+02
1.325087e-02 1.760135e-35 1.000000e+02
1.349772e-02 1.843597e-35 1.000000e+02
1.374917e-02 1.933524e-35 1.000000e+02
1.400531e-02 2.030672e-35 1.000000e+02
1.426621e-02 2.135873e-35 1.000000e+02
1.453198e-02 2.249958e-35 1.000000e+02
1.480269e-02 2.373836e-35 1.000000e+02
1.507845e-02 2.508525e-35 1.000000e+02
1.535935e-02 2.655185e-35 1.000000e+02
1.564548e-02 2.815166e-35 1.000000e+02
1.593694e-02 2.990000e-35 1.000000e+02
1.623382e-02 3.181424e-35 1.000000e+02
1.653624e-02 3.391440e-35 1.000000e+02
1.684430e-02 3.622344e-35 1.000000e+02
1.715809e-02 3.876760e-35 1.000000e+02
1.747773e-02 4.157694e-35 1.000000e+02
1.780332e-02 4.468599e-35 1.000000e+02
1.813498e-02 4.813445e-35 1.000000e+02
1.847281e-02 5.196785e-35 1.000000e+02
1.881694e-02 5.623834e-35 1.000000e+02
1.916748e-02 6.100621e-35 1.000000e+02
1.952456e-02 6.634132e-35 1.000000e+02
1.988828e-02 7.232483e-35 1.000000e+02
2.025878e-02 7.905163e-35 1.000000e+02
2.063618e-02 8.663664e-35 1.000000e+02
2.102061e-02 9.521807e-35 1.000000e+02
2.141220e-02 1.049600e-34 1.000000e+02
2.181109e-02 1.160579e-34 1.000000e+02
2.221741e-02 1.287455e-34 1.000000e+02
2.263130e-02 1.433030e-34 1.000000e+02
2.305289e-02 1.600680e-34 1.000000e+02
2.348235e-02 1.794482e-34 1.000000e+02
2.391980e-02 2.019385e-34 1.000000e+02
2.436540e-02 2.281415e-34 1.000000e+02
2.481930e-02 2.587940e-34 1.000000e+02
2.528166e-02 2.947997e-34 1.000000e+02
2.575263e-02 3.372550e-34 1.000000e+02
2.623238e-02 3.874947e-34 1.000000e+02
2.672106e-02 4.471640e-34 1.000000e+02
2.721885e-02 5.182975e-34 1.000000e+02
2.772591e-02 6.034203e-34 1.000000e+02
2.824241e-02 7.056783e-34 1.000000e+02
2.876854e-02 8.290051e-34 1.000000e+02
2.930447e-02 9.783374e-34 1.000000e+02
2.985038e-02 1.159895e-33 1.000000e+02
3.040646e-02 1.381583e-33 1.000000e+02
3.097291e-02 1.653914e-33 1.000000e+02
3.154990e-02 1.990854e-33 1.000000e+02
3.213764e-02 2.410850e-33 1.000000e+02
3.273634e-02 2.938456e-33 1.000000e+02
3.334618e-02 3.606621e-33 1.000000e+02
3.396739e-02 4.459929e-33 1.000000e+02
3.460016e-02 5.559240e-33 1.000000e+02
3.524473e-02 6.988384e-33 1.000000e+02
3.590130e-02 8.863921e-33 1.000000e+02
3.657011e-02 1.134950e-32 1.000000e+02
3.725137e-02 1.467719e-32 1.000000e+02
3.794533e-02 1.917957e-32 1.000000e+02
3.865221e-02 2.533834e-32 1.000000e+02
3.937226e-02 3.385903e-32 1.000000e+02
4.010573e-02 4.578697e-32 1.000000e+02
4.085286e-02 6.266977e-32 1.000000e+02
4.161391e-02 8.676515e-32 1.000000e+02
4.238913e-02 1.214138e-31 1.000000e+02
4.317880e-02 1.715897e-31 1.000000e+02
4.398317e-02 2.447255e-31 1.000000e+02
4.480254e-02 3.519625e-31 1.000000e+02
4.563716e-02 5.100438e-31 1.000000e+02
4.648734e-02 7.441786e-31 1.000000e+02
4.735335e-02 1.092370e-30 1.000000e+02
4.823549e-02 1.611945e-30 1.000000e+02
4.913407e-02 2.389367e-30 1.000000e+02
5.004939e-02 3.554939e-30 1.000000e+02
5.098176e-02 5.306006e-30 1.000000e+02
5.193150e-02 7.947225e-30 1.000000e+02
5.289893e-02 1.195027e-29 1.000000e+02
5.388438e-02 1.804916e-29 1.000000e+02
5.488820e-02 2.739396e-29 1.000000e+02
5.591071e-02 4.179976e-29 1.000000e+02
5.695227e-02 6.415287e-29 1.000000e+02
5.801323e-02 9.907952e-29 1.000000e+02
5.909396e-02 1.540562e-28 1.000000e+02
6.019482e-02 2.412706e-28 1.000000e+02
6.131619e-02 3.807291e-28 1.000000e+02
6.245845e-02 6.054294e-28 1.000000e+02
6.362198e-02 9.702414e-28 1.000000e+02
6.480720e-02 1.567106e-27 1.000000e+02
6.601449e-02 2.551247e-27 1.000000e+02
6.724427e-02 4.186733e-27 1.000000e+02
6.849697e-02 6.926284e-27 1.000000e+02
6.977300e-02 1.155209e-26 1.000000e+02
7.107280e-02 1.942505e-26 1.000000e+02
7.239681e-02 3.291708e-26 1.000000e+02
7.374549e-02 5.617924e-26 1.000000e+02
7.511929e-02 9.650798e-26 1.000000e+02
7.651869e-02 1.667710e-25 1.000000e+02
7.794416e-02 2.897245e-25 1.000000e+02
7.939618e-02 5.057019e-25 1.000000e+02
8.087525e-02 8.864269e-25 1.000000e+02
8.238187e-02 1.562838e-24 1.000000e+02
8.391656e-02 2.780319e-24 1.000000e+02
8.547985e-02 5.007162e-24 1.000000e+02
8.707225e-02 9.158230e-24 1.000000e+02
8.869432e-02 1.706714e-23 1.000000e+02
9.034660e-02 3.251131e-23 1.000000e+02
9.202967e-02 6.318937e-23 1.000000e+02
9.374409e-02 1.237200e-22 1.000000e+02
9.549045e-02 2.405725e-22 1.000000e+02
9.726934e-02 4.580206e-22 1.000000e+02
9.908137e-02 8.417451e-22 1.000000e+02
1.009272e-01 1.473016e-21 1.000000e+02
1.028073e-01 2.453710e-21 1.000000e+02
1.047225e-01 3.941568e-21 1.000000e+02
1.066734e-01 6.189233e-21 1.000000e+02
1.086606e-01 9.629839e-21 1.000000e+02
1.106848e-01 1.504724e-20 1.000000e+02
1.127468e-01 2.376815e-20 1.000000e+02
1.148472e-01 3.779824e-20 1.000000e+02
1.169866e-01 6.021858e-20 1.000000e+02
1.191660e-01 9.563505e-20 1.000000e+02
1.213859e-01 1.506907e-19 1.000000e+02
1.236472e-01 2.352927e-19 1.000000e+02
1.259506e-01 3.645456e-19 1.000000e+02
1.282970e-01 5.611912e-19 1.000000e+02
1.306870e-01 8.595471e-19 1.000000e+02
1.331216e-01 1.309152e-18 1.000000e+02
1.356015e-01 1.975072e-18 1.000000e+02
1.381276e-01 2.939084e-18 1.000000e+02
1.407008e-01 4.295992e-18 1.000000e+02
1.433219e-01 6.174706e-18 1.000000e+02
1.459919e-01 8.821835e-18 1.000000e+02
1.487115e-01 1.267743e-17 1.000000e+02
1.514819e-01 1.853330e-17 1.000000e+02
1.543038e-01 2.759863e-17 1.000000e+02
1.571784e-01 4.153342e-17 1.000000e+02
1.601064e-01 6.264659e-17 1.000000e+02
1.630891e-01 9.407431e-17 1.000000e+02
1.661273e-01 1.404786e-16 1.000000e+02
1.692220e-01 2.086153e-16 1.000000e+02
1.723745e-01 3.081135e-16 1.000000e+02
1.755856e-01 4.526218e-16 1.000000e+02
1.788566e-01 6.613814e-16 1.000000e+02
1.821885e-01 9.614080e-16 1.000000e+02
1.855825e-01 1.391055e-15 1.000000e+02
1.890397e-01 2.005083e-15 1.000000e+02
1.925614e-01 2.881675e-15 1.000000e+02
1.961486e-01 4.132903e-15 1.000000e+02
1.998026e-01 5.920194e-15 1.000000e+02
2.035248e-01 8.476080e-15 1.000000e+02
2.073162e-01 1.212925e-14 1.000000e+02
2.111783e-01 1.734458e-14 1.000000e+02
2.151123e-01 2.477971e-14 1.000000e+02
2.191197e-01 3.536247e-14 1.000000e+02
2.232016e-01 5.039812e-14 1.000000e+02
2.273597e-01 7.171711e-14 1.000000e+02
2.315951e-01 1.018777e-13 1.000000e+02
2.359095e-01 1.444426e-13 1.000000e+02
2.403043e-01 2.043537e-13 1.000000e+02
2.447809e-01 2.884376e-13 1.000000e+02
2.493409e-01 4.060831e-13 1.000000e+02
2.539859e-01 5.701616e-13 1.000000e+02
2.587174e-01 7.983961e-13 1.000000e+02
2.635371e-01 1.115138e-12 1.000000e+02
2.684465e-01 1.553748e-12 1.000000e+02
2.734474e-01 2.159867e-12 1.000000e+02
2.785414e-01 2.995849e-12 1.000000e+02
2.837304e-01 4.146789e-12 1.000000e+02
2.890160e-01 5.728688e-12 1.000000e+02
2.944000e-01 7.899545e-12 1.000000e+02
2.998844e-01 1.087439e-11 1.000000e+02
3.054710e-01 1.494515e-11 1.000000e+02
3.111616e-01 2.050491e-11 1.000000e+02
3.169582e-01 2.808207e-11 1.000000e+02
3.228628e-01 3.838539e-11 1.000000e+02
3.288774e-01 5.236245e-11 1.000000e+02
3.350041e-01 7.127592e-11 1.000000e+02
3.412449e-01 9.680245e-11 1.000000e+02
3.476019e-01 1.311602e-10 1.000000e+02
3.540774e-01 1.772753e-10 1.000000e+02
3.606735e-01 2.390359e-10 1.000000e+02
3.673925e-01 3.216211e-10 1.000000e+02
3.742366e-01 4.319076e-10 1.000000e+02
3.812083e-01 5.790292e-10 1.000000e+02
3.883098e-01 7.751256e-10 1.000000e+02
3.955436e-01 1.036344e-09 1.000000e+02
4.029122e-01 1.384180e-09 1.000000e+02
4.104181e-01 1.846857e-09 1.000000e+02
4.180637e-01 2.460874e-09 1.000000e+02
4.258518e-01 3.273520e-09 1.000000e+02
4.337850e-01 4.345743e-09 1.000000e+02
4.418660e-01 5.755600e-09 1.000000e+02
4.500975e-01 7.602367e-09 1.000000e+02
4.584824e-01 1.001249e-08 1.000000e+02
4.670234e-01 1.315123e-08 1.000000e+02
4.757236e-01 1.723307e-08 1.000000e+02
4.845859e-01 2.253578e-08 1.000000e+02
4.936132e-01 2.941970e-08 1.000000e+02
5.028087e-01 3.835305e-08 1.000000e+02
5.121755e-01 4.993855e-08 1.000000e+02
5.217169e-01 6.494102e-08 1.000000e+02
5.314359e-01 8.433582e-08 1.000000e+02
5.413360e-01 1.093648e-07 1.000000e+02
5.514206e-01 1.416050e-07 1.000000e+02
5.616930e-01 1.830533e-07 1.000000e+02
5.721568e-01 2.362313e-07 1.000000e+02
5.828155e-01 3.043132e-07 1.000000e+02
5.936727e-01 3.912825e-07 1.000000e+02
6.047322e-01 5.021224e-07 1.000000e+02
6.159978e-01 6.430732e-07 1.000000e+02
6.274732e-01 8.219540e-07 1.000000e+02
6.391624e-01 1.048520e-06 1.000000e+02
6.510694e-01 1.334918e-06 1.000000e+02
6.631981e-01 1.696239e-06 1.000000e+02
6.755528e-01 2.151194e-06 1.000000e+02
6.881377e-01 2.722945e-06 1.000000e+02
7.009570e-01 3.440098e-06 1.000000e+02
7.140151e-01 4.337882e-06 1.000000e+02
7.273165e-01 5.459472e-06 1.000000e+02
7.408657e-01 6.857691e-06 1.000000e+02
7.546673e-01 8.597024e-06 1.000000e+02
7.687260e-01 1.075598e-05 1.000000e+02
7.830465e-01 1.342987e-05 1.000000e+02
7.976339e-01 1.673409e-05 1.000000e+02
8.124930e-01 2.080801e-05 1.000000e+02
8.276289e-01 2.581977e-05 1.000000e+02
8.430468e-01 3.197165e-05 1.000000e+02
8.587519e-01 3.950631e-05 1.000000e+02
8.747496e-01 4.871406e-05 1.000000e+02
8.910453e-01 5.994131e-05 1.000000e+02
9.076446e-01 7.360033e-05 1.000000e+02
9.245531e-01 9.017975e-05 1.000000e+02
9.417766e-01 1.102565e-04 1.000000e+02
9.593209e-01 1.345103e-04 1.000000e+02
9.771921e-01 1.637393e-04 1.000000e+02
9.953962e-01 1.988779e-04 1.000000e+02
1.013939e+00 2.410170e-04 1.000000e+02
1.032828e+00 2.914320e-04 1.000000e+02
1.052069e+00 3.516106e-04 1.000000e+02
1.071668e+00 4.232803e-04 1.000000e+02
1.091632e+00 5.084429e-04 1.000000e+02
1.111968e+00 6.094114e-04 1.000000e+02
1.132683e+00 7.288528e-04 1.000000e+02
1.153783e+00 8.698337e-04 1.000000e+02
1.175277e+00 1.035873e-03 1.000000e+02
1.197171e+00 1.230996e-03 1.000000e+02
1.219473e+00 1.459800e-03 1.000000e+02
1.242191e+00 1.727521e-03 1.000000e+02
1.265332e+00 2.040113e-03 1.000000e+02
1.288904e+00 2.404441e-03 1.000000e+02
1.312915e+00 2.828424e-03 1.000000e+02
1.337373e+00 3.321132e-03 1.000000e+02
1.362287e+00 3.892967e-03 1.000000e+02
1.387665e+00 4.555849e-03 1.000000e+02
1.413516e+00 5.323452e-03 1.000000e+02
1.439848e+00 6.211464e-03 1.000000e+02
1.466671e+00 7.237901e-03 1.000000e+02
1.493993e+00 8.423460e-03 1.000000e+02
1.521825e+00 9.791686e-03 1.000000e+02
1.550175e+00 1.136721e-02 1.000000e+02
1.579053e+00 1.317583e-02 1.000000e+02
1.608469e+00 1.524500e-02 1.000000e+02
1.638434e+00 1.760356e-02 1.000000e+02
1.668956e+00 2.028125e-02 1.000000e+02
1.700047e+00 2.330819e-02 1.000000e+02
1.731717e+00 2.671404e-02 1.000000e+02
1.763977e+00 3.052735e-02 1.000000e+02
1.796838e+00 3.478312e-02 1.000000e+02
1.830312e+00 3.952950e-02 1.000000e+02
1.864409e+00 4.482271e-02 1.000000e+02
1.899141e+00 5.072826e-02 1.000000e+02
1.934520e+00 5.732287e-02 1.000000e+02
1.970558e+00 6.469681e-02 1.000000e+02
2.007267e+00 7.295676e-02 1.000000e+02
2.044661e+00 8.221977e-02 1.000000e+02
2.082751e+00 9.259796e-02 1.000000e+02
2.121550e+00 1.042106e-01 1.000000e+02
2.161073e+00 1.171868e-01 1.000000e+02
2.201331e+00 1.316657e-01 1.000000e+02
2.242340e+00 1.477966e-01 1.000000e+02
2.284112e+00 1.657393e-01 1.000000e+02
2.326663e+00 1.856634e-01 1.000000e+02
2.370006e+00 2.077484e-01 1.000000e+02
2.414157e+00 2.321832e-01 1.000000e+02
2.459130e+00 2.591651e-01 1.000000e+02
2.504942e+00 2.888988e-01 1.000000e+02
2.551606e+00 3.216033e-01 1.000000e+02
2.599140e+00 3.575332e-01 1.000000e+02
2.647559e+00 3.969669e-01 1.000000e+02
2.696881e+00 4.402058e-01 1.000000e+02
2.747121e+00 4.875755e-01 1.000000e+02
2.798297e+00 5.394284e-01 1.000000e+02
2.850426e+00 5.961463e-01 1.000000e+02
2.903527e+00 6.581431e-01 1.000000e+02
2.957617e+00 7.258675e-01 1.000000e+02
3.012714e+00 7.998070e-01 1.000000e+02
3.068838e+00 8.804788e-01 1.000000e+02
3.126007e+00 9.684141e-01 1.000000e+02
3.184242e+00 1.064175e+00 1.000000e+02
3.243561e+00 1.168356e+00 1.000000e+02
3.303985e+00 1.281590e+00 1.000000e+02
3.365535e+00 1.404546e+00 1.000000e+02
3.428231e+00 1.537930e+00 1.000000e+02
3.492096e+00 1.682487e+00 1.000000e+02
3.557150e+00 1.839008e+00 1.000000e+02
3.623416e+00 2.008341e+00 1.000000e+02
3.690917e+00 2.191391e+00 1.000000e+02
3.759675e+00 2.389119e+00 1.000000e+02
3.829714e+00 2.602543e+00 1.000000e+02
3.901058e+00 2.832742e+00 1.000000e+02
3.973730e+00 3.080858e+00 1.000000e+02
4.047757e+00 3.348103e+00 1.000000e+02
4.123163e+00 3.635749e+00 1.000000e+02
4.199973e+00 3.945137e+00 1.000000e+02
4.278214e+00 4.277680e+00 1.000000e+02
4.357913e+00 4.634870e+00 1.000000e+02
4.439097e+00 5.018281e+00 1.000000e+02
4.521792e+00 5.429569e+00 1.000000e+02
4.606029e+00 5.870483e+00 1.000000e+02
4.691835e+00 6.342863e+00 1.000000e+02
4.779239e+00 6.848649e+00 1.000000e+02
4.868271e+00 7.389882e+00 1.000000e+02
4.958962e+00 7.968714e+00 1.000000e+02
5.051342e+00 8.587407e+00 1.000000e+02
5.145444e+00 9.248367e+00 1.000000e+02
5.241298e+00 9.954151e+00 1.000000e+02
5.338938e+00 1.070746e+01 1.000000e+02
5.438397e+00 1.151116e+01 1.000000e+02
5.539709e+00 1.236826e+01 1.000000e+02
5.642908e+00 1.328197e+01 1.000000e+02
5.748030e+00 1.425567e+01 1.000000e+02
5.855110e+00 1.529294e+01 1.000000e+02
5.964185e+00 1.639756e+01 1.000000e+02
6.075292e+00 1.757357e+01 1.000000e+02
6.188468e+00 1.882530e+01 1.000000e+02
6.303753e+00 2.015741e+01 1.000000e+02
6.421186e+00 2.157488e+01 1.000000e+02
6.540806e+00 2.308302e+01 1.000000e+02
6.662655e+00 2.468751e+01 1.000000e+02
6.786773e+00 2.639444e+01 1.000000e+02
6.913204e+00 2.821030e+01 1.000000e+02
7.041990e+00 3.014207e+01 1.000000e+02
7.173175e+00 3.219729e+01 1.000000e+02
7.306804e+00 3.438420e+01 1.000000e+02
7.442922e+00 3.671170e+01 1.000000e+02
7.581576e+00 3.918939e+01 1.000000e+02
7.722814e+00 4.182767e+01 1.000000e+02
7.866682e+00 4.463778e+01 1.000000e+02
8.013230e+00 4.763188e+01 1.000000e+02
8.162509e+00 5.082314e+01 1.000000e+02
8.314568e+00 5.422576e+01 1.000000e+02
8.469460e+00 5.785511e+01 1.000000e+02
8.627237e+00 6.172789e+01 1.000000e+02
8.787954e+00 6.586219e+01 1.000000e+02
8.951665e+00 7.027773e+01 1.000000e+02
9.118425e+00 7.499590e+01 1.000000e+02
9.288292e+00 8.004003e+01 1.000000e+02
9.461324e+00 8.543551e+01 1.000000e+02
9.637579e+00 9.121005e+01 1.000000e+02
9.817117e+00 9.739388e+01 1.000000e+02
1.000000e+01 1.040200e+02 1.000000e+02
