# Be11 + p > B12 + g   [Be11_p__B12_g]   ref=TALYS2, Koning et al. 2023
# detailed balance: alpha=1.1697e+10 beta=1.5 gamma=-163.555  Q=14.0941
# T9                 rate                error
1.000000e-03   1.000000e-35   1.000000e+02
1.018629e-03   1.062928e-35   1.000000e+02
1.037605e-03   1.131538e-35   1.000000e+02
1.056935e-03   1.206526e-35   1.000000e+02
1.076624e-03   1.288685e-35   1.000000e+02
1.096681e-03   1.378923e-35   1.000000e+02
1.117111e-03   1.478280e-35   1.000000e+02
1.137921e-03   1.587953e-35   1.000000e+02
1.159120e-03   1.709319e-35   1.000000e+02
1.180713e-03   1.843968e-35   1.000000e+02
1.202708e-03   1.993743e-35   1.000000e+02
1.225114e-03   2.160782e-35   1.000000e+02
1.247936e-03   2.347573e-35   1.000000e+02
1.271184e-03   2.557021e-35   1.000000e+02
1.294865e-03   2.792523e-35   1.000000e+02
1.318987e-03   3.058067e-35   1.000000e+02
1.343558e-03   3.358347e-35   1.000000e+02
1.368587e-03   3.698903e-35   1.000000e+02
1.394083e-03   4.086293e-35   1.000000e+02
1.420053e-03   4.528308e-35   1.000000e+02
1.446507e-03   5.034224e-35   1.000000e+02
1.473454e-03   5.615129e-35   1.000000e+02
1.500903e-03   6.284319e-35   1.000000e+02
1.528864e-03   7.057782e-35   1.000000e+02
1.557345e-03   7.954821e-35   1.000000e+02
1.586357e-03   8.998812e-35   1.000000e+02
1.615909e-03   1.021817e-34   1.000000e+02
1.646012e-03   1.164754e-34   1.000000e+02
1.676675e-03   1.332937e-34   1.000000e+02
1.707910e-03   1.531579e-34   1.000000e+02
1.739726e-03   1.767113e-34   1.000000e+02
1.772136e-03   2.047503e-34   1.000000e+02
1.805149e-03   2.382652e-34   1.000000e+02
1.838777e-03   2.784923e-34   1.000000e+02
1.873032e-03   3.269810e-34   1.000000e+02
1.907924e-03   3.856819e-34   1.000000e+02
1.943467e-03   4.570605e-34   1.000000e+02
1.979672e-03   5.442476e-34   1.000000e+02
2.016551e-03   6.512354e-34   1.000000e+02
2.054117e-03   7.831388e-34   1.000000e+02
2.092383e-03   9.465405e-34   1.000000e+02
2.131362e-03   1.149952e-33   1.000000e+02
2.171068e-03   1.404433e-33   1.000000e+02
2.211512e-03   1.724422e-33   1.000000e+02
2.252711e-03   2.128862e-33   1.000000e+02
2.294676e-03   2.642735e-33   1.000000e+02
2.337424e-03   3.299151e-33   1.000000e+02
2.380968e-03   4.142227e-33   1.000000e+02
2.425323e-03   5.231052e-33   1.000000e+02
2.470504e-03   6.645202e-33   1.000000e+02
2.516527e-03   8.492425e-33   1.000000e+02
2.563407e-03   1.091944e-32   1.000000e+02
2.611161e-03   1.412714e-32   1.000000e+02
2.659804e-03   1.839221e-32   1.000000e+02
2.709354e-03   2.409794e-32   1.000000e+02
2.759826e-03   3.177846e-32   1.000000e+02
2.811239e-03   4.218258e-32   1.000000e+02
2.863610e-03   5.636650e-32   1.000000e+02
2.916956e-03   7.582935e-32   1.000000e+02
2.971296e-03   1.027123e-31   1.000000e+02
3.026648e-03   1.400961e-31   1.000000e+02
3.083031e-03   1.925500e-31   1.000000e+02
3.140465e-03   2.670102e-31   1.000000e+02
3.198969e-03   3.740630e-31   1.000000e+02
3.258562e-03   5.301027e-31   1.000000e+02
3.319266e-03   7.609202e-31   1.000000e+02
3.381101e-03   1.107765e-30   1.000000e+02
3.444087e-03   1.637765e-30   1.000000e+02
3.508247e-03   2.462160e-30   1.000000e+02
3.573602e-03   3.768839e-30   1.000000e+02
3.640175e-03   5.881539e-30   1.000000e+02
3.707988e-03   9.369839e-30   1.000000e+02
3.777064e-03   1.525797e-29   1.000000e+02
3.847427e-03   2.543024e-29   1.000000e+02
3.919100e-03   4.343692e-29   1.000000e+02
3.992109e-03   7.613563e-29   1.000000e+02
4.066478e-03   1.370299e-28   1.000000e+02
4.142232e-03   2.524825e-28   1.000000e+02
4.219398e-03   4.742198e-28   1.000000e+02
4.298001e-03   9.040746e-28   1.000000e+02
4.378069e-03   1.742002e-27   1.000000e+02
4.459628e-03   3.377977e-27   1.000000e+02
4.542706e-03   6.564049e-27   1.000000e+02
4.627332e-03   1.272735e-26   1.000000e+02
4.713535e-03   2.451876e-26   1.000000e+02
4.801343e-03   4.673015e-26   1.000000e+02
4.890787e-03   8.773601e-26   1.000000e+02
4.981898e-03   1.615787e-25   1.000000e+02
5.074705e-03   2.908560e-25   1.000000e+02
5.169242e-03   5.126832e-25   1.000000e+02
5.265540e-03   8.886280e-25   1.000000e+02
5.363631e-03   1.520961e-24   1.000000e+02
5.463550e-03   2.581488e-24   1.000000e+02
5.565331e-03   4.363186e-24   1.000000e+02
5.669007e-03   7.374726e-24   1.000000e+02
5.774615e-03   1.251768e-23   1.000000e+02
5.882190e-03   2.142719e-23   1.000000e+02
5.991770e-03   3.714468e-23   1.000000e+02
6.103390e-03   6.543938e-23   1.000000e+02
6.217090e-03   1.171605e-22   1.000000e+02
6.332908e-03   2.129277e-22   1.000000e+02
6.450884e-03   3.923755e-22   1.000000e+02
6.571058e-03   7.323185e-22   1.000000e+02
6.693470e-03   1.382726e-21   1.000000e+02
6.818162e-03   2.638275e-21   1.000000e+02
6.945178e-03   5.081141e-21   1.000000e+02
7.074559e-03   9.866777e-21   1.000000e+02
7.206351e-03   1.930084e-20   1.000000e+02
7.340598e-03   3.800658e-20   1.000000e+02
7.477346e-03   7.528713e-20   1.000000e+02
7.616642e-03   1.499199e-19   1.000000e+02
7.758532e-03   2.998970e-19   1.000000e+02
7.903066e-03   6.022219e-19   1.000000e+02
8.050292e-03   1.213184e-18   1.000000e+02
8.200261e-03   2.455600e-18   1.000000e+02
8.353023e-03   5.018671e-18   1.000000e+02
8.508632e-03   1.041077e-17   1.000000e+02
8.667139e-03   2.203448e-17   1.000000e+02
8.828599e-03   4.783120e-17   1.000000e+02
8.993067e-03   1.070462e-16   1.000000e+02
9.160598e-03   2.472252e-16   1.000000e+02
9.331251e-03   5.784774e-16   1.000000e+02
9.505083e-03   1.339009e-15   1.000000e+02
9.682153e-03   2.993743e-15   1.000000e+02
9.862522e-03   6.312635e-15   1.000000e+02
1.004625e-02   1.225912e-14   1.000000e+02
1.023340e-02   2.175194e-14   1.000000e+02
1.042404e-02   3.607181e-14   1.000000e+02
1.061823e-02   5.739041e-14   1.000000e+02
1.081604e-02   8.992531e-14   1.000000e+02
1.101753e-02   1.424505e-13   1.000000e+02
1.122277e-02   2.324763e-13   1.000000e+02
1.143184e-02   3.893996e-13   1.000000e+02
1.164481e-02   6.640341e-13   1.000000e+02
1.186174e-02   1.143508e-12   1.000000e+02
1.208271e-02   1.972683e-12   1.000000e+02
1.230780e-02   3.395899e-12   1.000000e+02
1.253708e-02   5.844578e-12   1.000000e+02
1.277063e-02   1.008000e-11   1.000000e+02
1.300854e-02   1.746167e-11   1.000000e+02
1.325087e-02   3.043534e-11   1.000000e+02
1.349772e-02   5.335294e-11   1.000000e+02
1.374917e-02   9.398057e-11   1.000000e+02
1.400531e-02   1.661992e-10   1.000000e+02
1.426621e-02   2.948567e-10   1.000000e+02
1.453198e-02   5.247136e-10   1.000000e+02
1.480269e-02   9.366149e-10   1.000000e+02
1.507845e-02   1.676970e-09   1.000000e+02
1.535935e-02   3.011461e-09   1.000000e+02
1.564548e-02   5.422712e-09   1.000000e+02
1.593694e-02   9.788951e-09   1.000000e+02
1.623382e-02   1.771010e-08   1.000000e+02
1.653624e-02   3.209926e-08   1.000000e+02
1.684430e-02   5.825771e-08   1.000000e+02
1.715809e-02   1.058257e-07   1.000000e+02
1.747773e-02   1.923107e-07   1.000000e+02
1.780332e-02   3.494503e-07   1.000000e+02
1.813498e-02   6.346501e-07   1.000000e+02
1.847281e-02   1.151697e-06   1.000000e+02
1.881694e-02   2.088338e-06   1.000000e+02
1.916748e-02   3.783846e-06   1.000000e+02
1.952456e-02   6.850896e-06   1.000000e+02
1.988828e-02   1.239521e-05   1.000000e+02
2.025878e-02   2.240932e-05   1.000000e+02
2.063618e-02   4.044561e-05   1.000000e+02
2.102061e-02   7.277097e-05   1.000000e+02
2.141220e-02   1.303353e-04   1.000000e+02
2.181109e-02   2.320367e-04   1.000000e+02
2.221741e-02   4.100294e-04   1.000000e+02
2.263130e-02   7.181416e-04   1.000000e+02
2.305289e-02   1.244845e-03   1.000000e+02
2.348235e-02   2.132572e-03   1.000000e+02
2.391980e-02   3.605360e-03   1.000000e+02
2.436540e-02   6.006523e-03   1.000000e+02
2.481930e-02   9.846923e-03   1.000000e+02
2.528166e-02   1.586373e-02   1.000000e+02
2.575263e-02   2.512508e-02   1.000000e+02
2.623238e-02   3.918698e-02   1.000000e+02
2.672106e-02   6.029148e-02   1.000000e+02
2.721885e-02   9.166387e-02   1.000000e+02
2.772591e-02   1.379484e-01   1.000000e+02
2.824241e-02   2.058540e-01   1.000000e+02
2.876854e-02   3.051227e-01   1.000000e+02
2.930447e-02   4.499975e-01   1.000000e+02
2.985038e-02   6.614764e-01   1.000000e+02
3.040646e-02   9.701777e-01   1.000000e+02
3.097291e-02   1.412646e+00   1.000000e+02
3.154990e-02   2.025010e+00   1.000000e+02
3.213764e-02   2.833906e+00   1.000000e+02
3.273634e-02   3.839369e+00   1.000000e+02
3.334618e-02   4.993477e+00   1.000000e+02
3.396739e-02   6.182542e+00   1.000000e+02
3.460016e-02   7.226104e+00   1.000000e+02
3.524473e-02   7.906181e+00   1.000000e+02
3.590130e-02   8.029839e+00   1.000000e+02
3.657011e-02   7.507180e+00   1.000000e+02
3.725137e-02   6.406619e+00   1.000000e+02
3.794533e-02   4.948975e+00   1.000000e+02
3.865221e-02   3.431534e+00   1.000000e+02
3.937226e-02   2.117874e+00   1.000000e+02
4.010573e-02   1.153746e+00   1.000000e+02
4.085286e-02   5.549230e-01   1.000000e+02
4.161391e-02   2.411167e-01   1.000000e+02
4.238913e-02   9.719605e-02   1.000000e+02
4.317880e-02   3.732943e-02   1.000000e+02
4.398317e-02   1.402782e-02   1.000000e+02
4.480254e-02   5.296874e-03   1.000000e+02
4.563716e-02   2.063928e-03   1.000000e+02
4.648734e-02   8.522544e-04   1.000000e+02
4.735335e-02   3.829999e-04   1.000000e+02
4.823549e-02   1.923700e-04   1.000000e+02
4.913407e-02   1.109021e-04   1.000000e+02
5.004939e-02   7.536339e-05   1.000000e+02
5.098176e-02   6.137391e-05   1.000000e+02
5.193150e-02   5.884397e-05   1.000000e+02
5.289893e-02   6.477936e-05   1.000000e+02
5.388438e-02   7.985634e-05   1.000000e+02
5.488820e-02   1.075083e-04   1.000000e+02
5.591071e-02   1.541543e-04   1.000000e+02
5.695227e-02   2.296003e-04   1.000000e+02
5.801323e-02   3.464286e-04   1.000000e+02
5.909396e-02   5.164180e-04   1.000000e+02
6.019482e-02   7.417708e-04   1.000000e+02
6.131619e-02   1.010142e-03   1.000000e+02
6.245845e-02   1.310547e-03   1.000000e+02
6.362198e-02   1.632795e-03   1.000000e+02
6.480720e-02   1.969114e-03   1.000000e+02
6.601449e-02   2.316977e-03   1.000000e+02
6.724427e-02   2.681239e-03   1.000000e+02
6.849697e-02   3.075839e-03   1.000000e+02
6.977300e-02   3.525795e-03   1.000000e+02
7.107280e-02   4.066690e-03   1.000000e+02
7.239681e-02   4.720858e-03   1.000000e+02
7.374549e-02   5.501475e-03   1.000000e+02
7.511929e-02   6.419393e-03   1.000000e+02
7.651869e-02   7.480727e-03   1.000000e+02
7.794416e-02   8.683744e-03   1.000000e+02
7.939618e-02   1.001525e-02   1.000000e+02
8.087525e-02   1.144657e-02   1.000000e+02
8.238187e-02   1.292513e-02   1.000000e+02
8.391656e-02   1.437102e-02   1.000000e+02
8.547985e-02   1.568106e-02   1.000000e+02
8.707225e-02   1.673558e-02   1.000000e+02
8.869432e-02   1.741110e-02   1.000000e+02
9.034660e-02   1.759890e-02   1.000000e+02
9.202967e-02   1.731341e-02   1.000000e+02
9.374409e-02   1.679188e-02   1.000000e+02
9.549045e-02   1.628742e-02   1.000000e+02
9.726934e-02   1.602721e-02   1.000000e+02
9.908137e-02   1.623054e-02   1.000000e+02
1.009272e-01   1.714947e-02   1.000000e+02
1.028073e-01   1.892283e-02   1.000000e+02
1.047225e-01   2.154349e-02   1.000000e+02
1.066734e-01   2.499045e-02   1.000000e+02
1.086606e-01   2.916714e-02   1.000000e+02
1.106848e-01   3.382621e-02   1.000000e+02
1.127468e-01   3.873054e-02   1.000000e+02
1.148472e-01   4.390648e-02   1.000000e+02
1.169866e-01   4.946019e-02   1.000000e+02
1.191660e-01   5.556645e-02   1.000000e+02
1.213859e-01   6.247315e-02   1.000000e+02
1.236472e-01   7.034800e-02   1.000000e+02
1.259506e-01   7.925245e-02   1.000000e+02
1.282970e-01   8.922422e-02   1.000000e+02
1.306870e-01   1.002696e-01   1.000000e+02
1.331216e-01   1.123667e-01   1.000000e+02
1.356015e-01   1.254753e-01   1.000000e+02
1.381276e-01   1.395118e-01   1.000000e+02
1.407008e-01   1.543411e-01   1.000000e+02
1.433219e-01   1.699884e-01   1.000000e+02
1.459919e-01   1.869419e-01   1.000000e+02
1.487115e-01   2.059388e-01   1.000000e+02
1.514819e-01   2.279540e-01   1.000000e+02
1.543038e-01   2.536132e-01   1.000000e+02
1.571784e-01   2.829773e-01   1.000000e+02
1.601064e-01   3.159263e-01   1.000000e+02
1.630891e-01   3.522577e-01   1.000000e+02
1.661273e-01   3.921343e-01   1.000000e+02
1.692220e-01   4.358316e-01   1.000000e+02
1.723745e-01   4.836397e-01   1.000000e+02
1.755856e-01   5.358638e-01   1.000000e+02
1.788566e-01   5.928243e-01   1.000000e+02
1.821885e-01   6.548637e-01   1.000000e+02
1.855825e-01   7.224307e-01   1.000000e+02
1.890397e-01   7.960932e-01   1.000000e+02
1.925614e-01   8.765100e-01   1.000000e+02
1.961486e-01   9.644458e-01   1.000000e+02
1.998026e-01   1.060790e+00   1.000000e+02
2.035248e-01   1.166532e+00   1.000000e+02
2.073162e-01   1.282564e+00   1.000000e+02
2.111783e-01   1.409783e+00   1.000000e+02
2.151123e-01   1.549142e+00   1.000000e+02
2.191197e-01   1.701653e+00   1.000000e+02
2.232016e-01   1.868387e+00   1.000000e+02
2.273597e-01   2.050472e+00   1.000000e+02
2.315951e-01   2.249092e+00   1.000000e+02
2.359095e-01   2.465482e+00   1.000000e+02
2.403043e-01   2.700929e+00   1.000000e+02
2.447809e-01   2.956760e+00   1.000000e+02
2.493409e-01   3.234342e+00   1.000000e+02
2.539859e-01   3.535102e+00   1.000000e+02
2.587174e-01   3.860720e+00   1.000000e+02
2.635371e-01   4.213072e+00   1.000000e+02
2.684465e-01   4.594177e+00   1.000000e+02
2.734474e-01   5.006207e+00   1.000000e+02
2.785414e-01   5.451499e+00   1.000000e+02
2.837304e-01   5.932574e+00   1.000000e+02
2.890160e-01   6.452147e+00   1.000000e+02
2.944000e-01   7.013153e+00   1.000000e+02
2.998844e-01   7.618758e+00   1.000000e+02
3.054710e-01   8.272304e+00   1.000000e+02
3.111616e-01   8.977006e+00   1.000000e+02
3.169582e-01   9.736116e+00   1.000000e+02
3.228628e-01   1.055299e+01   1.000000e+02
3.288774e-01   1.143108e+01   1.000000e+02
3.350041e-01   1.237393e+01   1.000000e+02
3.412449e-01   1.338514e+01   1.000000e+02
3.476019e-01   1.446836e+01   1.000000e+02
3.540774e-01   1.562734e+01   1.000000e+02
3.606735e-01   1.686672e+01   1.000000e+02
3.673925e-01   1.819207e+01   1.000000e+02
3.742366e-01   1.960949e+01   1.000000e+02
3.812083e-01   2.112563e+01   1.000000e+02
3.883098e-01   2.274778e+01   1.000000e+02
3.955436e-01   2.448392e+01   1.000000e+02
4.029122e-01   2.634277e+01   1.000000e+02
4.104181e-01   2.833212e+01   1.000000e+02
4.180637e-01   3.045768e+01   1.000000e+02
4.258518e-01   3.272463e+01   1.000000e+02
4.337850e-01   3.513769e+01   1.000000e+02
4.418660e-01   3.770096e+01   1.000000e+02
4.500975e-01   4.041779e+01   1.000000e+02
4.584824e-01   4.329201e+01   1.000000e+02
4.670234e-01   4.633235e+01   1.000000e+02
4.757236e-01   4.954977e+01   1.000000e+02
4.845859e-01   5.295648e+01   1.000000e+02
4.936132e-01   5.656606e+01   1.000000e+02
5.028087e-01   6.039364e+01   1.000000e+02
5.121755e-01   6.445359e+01   1.000000e+02
5.217169e-01   6.875712e+01   1.000000e+02
5.314359e-01   7.331522e+01   1.000000e+02
5.413360e-01   7.813897e+01   1.000000e+02
5.514206e-01   8.323954e+01   1.000000e+02
5.616930e-01   8.862807e+01   1.000000e+02
5.721568e-01   9.431565e+01   1.000000e+02
5.828155e-01   1.003133e+02   1.000000e+02
5.936727e-01   1.066317e+02   1.000000e+02
6.047322e-01   1.132816e+02   1.000000e+02
6.159978e-01   1.202746e+02   1.000000e+02
6.274732e-01   1.276244e+02   1.000000e+02
6.391624e-01   1.353453e+02   1.000000e+02
6.510694e-01   1.434518e+02   1.000000e+02
6.631981e-01   1.519589e+02   1.000000e+02
6.755528e-01   1.608822e+02   1.000000e+02
6.881377e-01   1.702376e+02   1.000000e+02
7.009570e-01   1.800414e+02   1.000000e+02
7.140151e-01   1.903102e+02   1.000000e+02
7.273165e-01   2.010596e+02   1.000000e+02
7.408657e-01   2.123052e+02   1.000000e+02
7.546673e-01   2.240623e+02   1.000000e+02
7.687260e-01   2.363466e+02   1.000000e+02
7.830465e-01   2.491737e+02   1.000000e+02
7.976339e-01   2.625590e+02   1.000000e+02
8.124930e-01   2.765180e+02   1.000000e+02
8.276289e-01   2.910669e+02   1.000000e+02
8.430468e-01   3.062221e+02   1.000000e+02
8.587519e-01   3.220001e+02   1.000000e+02
8.747496e-01   3.384175e+02   1.000000e+02
8.910453e-01   3.554907e+02   1.000000e+02
9.076446e-01   3.732364e+02   1.000000e+02
9.245531e-01   3.916704e+02   1.000000e+02
9.417766e-01   4.108079e+02   1.000000e+02
9.593209e-01   4.306638e+02   1.000000e+02
9.771921e-01   4.512524e+02   1.000000e+02
9.953962e-01   4.725878e+02   1.000000e+02
1.013939e+00   4.946838e+02   1.000000e+02
1.032828e+00   5.175540e+02   1.000000e+02
1.052069e+00   5.412120e+02   1.000000e+02
1.071668e+00   5.656710e+02   1.000000e+02
1.091632e+00   5.909438e+02   1.000000e+02
1.111968e+00   6.170426e+02   1.000000e+02
1.132683e+00   6.439791e+02   1.000000e+02
1.153783e+00   6.717645e+02   1.000000e+02
1.175277e+00   7.004093e+02   1.000000e+02
1.197171e+00   7.299235e+02   1.000000e+02
1.219473e+00   7.603164e+02   1.000000e+02
1.242191e+00   7.915965e+02   1.000000e+02
1.265332e+00   8.237724e+02   1.000000e+02
1.288904e+00   8.568614e+02   1.000000e+02
1.312915e+00   8.908880e+02   1.000000e+02
1.337373e+00   9.258786e+02   1.000000e+02
1.362287e+00   9.618618e+02   1.000000e+02
1.387665e+00   9.988682e+02   1.000000e+02
1.413516e+00   1.036931e+03   1.000000e+02
1.439848e+00   1.076086e+03   1.000000e+02
1.466671e+00   1.116371e+03   1.000000e+02
1.493993e+00   1.157828e+03   1.000000e+02
1.521825e+00   1.200495e+03   1.000000e+02
1.550175e+00   1.244349e+03   1.000000e+02
1.579053e+00   1.289335e+03   1.000000e+02
1.608469e+00   1.335385e+03   1.000000e+02
1.638434e+00   1.382419e+03   1.000000e+02
1.668956e+00   1.430347e+03   1.000000e+02
1.700047e+00   1.479063e+03   1.000000e+02
1.731717e+00   1.528449e+03   1.000000e+02
1.763977e+00   1.578378e+03   1.000000e+02
1.796838e+00   1.628801e+03   1.000000e+02
1.830312e+00   1.679782e+03   1.000000e+02
1.864409e+00   1.731404e+03   1.000000e+02
1.899141e+00   1.783765e+03   1.000000e+02
1.934520e+00   1.836976e+03   1.000000e+02
1.970558e+00   1.891161e+03   1.000000e+02
2.007267e+00   1.946462e+03   1.000000e+02
2.044661e+00   2.002982e+03   1.000000e+02
2.082751e+00   2.060719e+03   1.000000e+02
2.121550e+00   2.119650e+03   1.000000e+02
2.161073e+00   2.179748e+03   1.000000e+02
2.201331e+00   2.240982e+03   1.000000e+02
2.242340e+00   2.303317e+03   1.000000e+02
2.284112e+00   2.366711e+03   1.000000e+02
2.326663e+00   2.431120e+03   1.000000e+02
2.370006e+00   2.496493e+03   1.000000e+02
2.414157e+00   2.562772e+03   1.000000e+02
2.459130e+00   2.629897e+03   1.000000e+02
2.504942e+00   2.697799e+03   1.000000e+02
2.551606e+00   2.766424e+03   1.000000e+02
2.599140e+00   2.835761e+03   1.000000e+02
2.647559e+00   2.905813e+03   1.000000e+02
2.696881e+00   2.976582e+03   1.000000e+02
2.747121e+00   3.048075e+03   1.000000e+02
2.798297e+00   3.120298e+03   1.000000e+02
2.850426e+00   3.193261e+03   1.000000e+02
2.903527e+00   3.266975e+03   1.000000e+02
2.957617e+00   3.341454e+03   1.000000e+02
3.012714e+00   3.416714e+03   1.000000e+02
3.068838e+00   3.492764e+03   1.000000e+02
3.126007e+00   3.569593e+03   1.000000e+02
3.184242e+00   3.647189e+03   1.000000e+02
3.243561e+00   3.725539e+03   1.000000e+02
3.303985e+00   3.804629e+03   1.000000e+02
3.365535e+00   3.884445e+03   1.000000e+02
3.428231e+00   3.964975e+03   1.000000e+02
3.492096e+00   4.046203e+03   1.000000e+02
3.557150e+00   4.128118e+03   1.000000e+02
3.623416e+00   4.210716e+03   1.000000e+02
3.690917e+00   4.293997e+03   1.000000e+02
3.759675e+00   4.377964e+03   1.000000e+02
3.829714e+00   4.462619e+03   1.000000e+02
3.901058e+00   4.547967e+03   1.000000e+02
3.973730e+00   4.634013e+03   1.000000e+02
4.047757e+00   4.720762e+03   1.000000e+02
4.123163e+00   4.808220e+03   1.000000e+02
4.199973e+00   4.896389e+03   1.000000e+02
4.278214e+00   4.985274e+03   1.000000e+02
4.357913e+00   5.074880e+03   1.000000e+02
4.439097e+00   5.165213e+03   1.000000e+02
4.521792e+00   5.256281e+03   1.000000e+02
4.606029e+00   5.348092e+03   1.000000e+02
4.691835e+00   5.440655e+03   1.000000e+02
4.779239e+00   5.533982e+03   1.000000e+02
4.868271e+00   5.628083e+03   1.000000e+02
4.958962e+00   5.722973e+03   1.000000e+02
5.051342e+00   5.818665e+03   1.000000e+02
5.145444e+00   5.915173e+03   1.000000e+02
5.241298e+00   6.012510e+03   1.000000e+02
5.338938e+00   6.110689e+03   1.000000e+02
5.438397e+00   6.209726e+03   1.000000e+02
5.539709e+00   6.309637e+03   1.000000e+02
5.642908e+00   6.410440e+03   1.000000e+02
5.748030e+00   6.512153e+03   1.000000e+02
5.855110e+00   6.614795e+03   1.000000e+02
5.964185e+00   6.718389e+03   1.000000e+02
6.075292e+00   6.822957e+03   1.000000e+02
6.188468e+00   6.928514e+03   1.000000e+02
6.303753e+00   7.035076e+03   1.000000e+02
6.421186e+00   7.142657e+03   1.000000e+02
6.540806e+00   7.251272e+03   1.000000e+02
6.662655e+00   7.360938e+03   1.000000e+02
6.786773e+00   7.471671e+03   1.000000e+02
6.913204e+00   7.583489e+03   1.000000e+02
7.041990e+00   7.696411e+03   1.000000e+02
7.173175e+00   7.810452e+03   1.000000e+02
7.306804e+00   7.925621e+03   1.000000e+02
7.442922e+00   8.041926e+03   1.000000e+02
7.581576e+00   8.159375e+03   1.000000e+02
7.722814e+00   8.277977e+03   1.000000e+02
7.866682e+00   8.397740e+03   1.000000e+02
8.013230e+00   8.518675e+03   1.000000e+02
8.162509e+00   8.640785e+03   1.000000e+02
8.314568e+00   8.764063e+03   1.000000e+02
8.469460e+00   8.888496e+03   1.000000e+02
8.627237e+00   9.014073e+03   1.000000e+02
8.787954e+00   9.140779e+03   1.000000e+02
8.951665e+00   9.268600e+03   1.000000e+02
9.118425e+00   9.397520e+03   1.000000e+02
9.288292e+00   9.527524e+03   1.000000e+02
9.461324e+00   9.658592e+03   1.000000e+02
9.637579e+00   9.790708e+03   1.000000e+02
9.817117e+00   9.923850e+03   1.000000e+02
1.000000e+01   1.005800e+04   1.000000e+02
