# O18 + a > Ne22 + g   [O18_a__Ne22_g]   ref=Iliadis et al. 2010
# detailed balance: alpha=5.8514e+10 beta=1.5 gamma=-112.194  Q=9.6681
# T9                 rate                error
1.000000e-03   1.000000e-35   1.000000e+00
1.018629e-03   9.912340e-36   1.000204e+00
1.037605e-03   9.833061e-36   1.000390e+00
1.056935e-03   9.761731e-36   1.000558e+00
1.076624e-03   9.697948e-36   1.000710e+00
1.096681e-03   9.641331e-36   1.000845e+00
1.117111e-03   9.591522e-36   1.000965e+00
1.137921e-03   9.548184e-36   1.001070e+00
1.159120e-03   9.510997e-36   1.001161e+00
1.180713e-03   9.479655e-36   1.001237e+00
1.202708e-03   9.453868e-36   1.001300e+00
1.225114e-03   9.433358e-36   1.001351e+00
1.247936e-03   9.417859e-36   1.001389e+00
1.271184e-03   9.407114e-36   1.001415e+00
1.294865e-03   9.400874e-36   1.001430e+00
1.318987e-03   9.398898e-36   1.001435e+00
1.343558e-03   9.400952e-36   1.001430e+00
1.368587e-03   9.406806e-36   1.001416e+00
1.394083e-03   9.416234e-36   1.001393e+00
1.420053e-03   9.429015e-36   1.001361e+00
1.446507e-03   9.444928e-36   1.001322e+00
1.473454e-03   9.463755e-36   1.001276e+00
1.500903e-03   9.485281e-36   1.001223e+00
1.528864e-03   9.509287e-36   1.001165e+00
1.557345e-03   9.535558e-36   1.001101e+00
1.586357e-03   9.563875e-36   1.001032e+00
1.615909e-03   9.594020e-36   1.000959e+00
1.646012e-03   9.625771e-36   1.000883e+00
1.676675e-03   9.658905e-36   1.000803e+00
1.707910e-03   9.693196e-36   1.000721e+00
1.739726e-03   9.728416e-36   1.000637e+00
1.772136e-03   9.764332e-36   1.000552e+00
1.805149e-03   9.800710e-36   1.000466e+00
1.838777e-03   9.837310e-36   1.000380e+00
1.873032e-03   9.873890e-36   1.000294e+00
1.907924e-03   9.910205e-36   1.000209e+00
1.943467e-03   9.946004e-36   1.000125e+00
1.979672e-03   9.981035e-36   1.000044e+00
2.016551e-03   1.001504e-35   9.999652e-01
2.054117e-03   1.004776e-35   9.998898e-01
2.092383e-03   1.007894e-35   9.998181e-01
2.131362e-03   1.010830e-35   9.997508e-01
2.171068e-03   1.013559e-35   9.996885e-01
2.211512e-03   1.016053e-35   9.996316e-01
2.252711e-03   1.018285e-35   9.995809e-01
2.294676e-03   1.020230e-35   9.995367e-01
2.337424e-03   1.021858e-35   9.994999e-01
2.380968e-03   1.023145e-35   9.994708e-01
2.425323e-03   1.024063e-35   9.994500e-01
2.470504e-03   1.024585e-35   9.994382e-01
2.516527e-03   1.024687e-35   9.994359e-01
2.563407e-03   1.024343e-35   9.994437e-01
2.611161e-03   1.023527e-35   9.994621e-01
2.659804e-03   1.022216e-35   9.994918e-01
2.709354e-03   1.020386e-35   9.995332e-01
2.759826e-03   1.018016e-35   9.995870e-01
2.811239e-03   1.015083e-35   9.996537e-01
2.863610e-03   1.011567e-35   9.997339e-01
2.916956e-03   1.007451e-35   9.998283e-01
2.971296e-03   1.002716e-35   9.999372e-01
3.026648e-03   9.973528e-36   1.000061e+00
3.083031e-03   9.914838e-36   1.000198e+00
3.140465e-03   9.853702e-36   1.000341e+00
3.198969e-03   9.792736e-36   1.000485e+00
3.258562e-03   9.734491e-36   1.000623e+00
3.319266e-03   9.681460e-36   1.000749e+00
3.381101e-03   9.636086e-36   1.000858e+00
3.444087e-03   9.600780e-36   1.000943e+00
3.508247e-03   9.577941e-36   1.000998e+00
3.573602e-03   9.569988e-36   1.001017e+00
3.640175e-03   9.579394e-36   1.000995e+00
3.707988e-03   9.608728e-36   1.000924e+00
3.777064e-03   9.660704e-36   1.000799e+00
3.847427e-03   9.738240e-36   1.000614e+00
3.919100e-03   9.844525e-36   1.000363e+00
3.992109e-03   9.983101e-36   1.000039e+00
4.066478e-03   1.015583e-35   9.996423e-01
4.142232e-03   1.035296e-35   9.991978e-01
4.219398e-03   1.055990e-35   9.987404e-01
4.298001e-03   1.076090e-35   9.983048e-01
4.378069e-03   1.093901e-35   9.979257e-01
4.459628e-03   1.107630e-35   9.976378e-01
4.542706e-03   1.115439e-35   9.974756e-01
4.627332e-03   1.115524e-35   9.974739e-01
4.713535e-03   1.106217e-35   9.976672e-01
4.801343e-03   1.086120e-35   9.980905e-01
4.890787e-03   1.054235e-35   9.987788e-01
4.981898e-03   1.010107e-35   9.997674e-01
5.074705e-03   9.546851e-36   1.001073e+00
5.169242e-03   8.946233e-36   1.002580e+00
5.265540e-03   8.376348e-36   1.004108e+00
5.363631e-03   7.896889e-36   1.005478e+00
5.463550e-03   7.554341e-36   1.006510e+00
5.565331e-03   7.389733e-36   1.007023e+00
5.669007e-03   7.449116e-36   1.006837e+00
5.774615e-03   7.797889e-36   1.005771e+00
5.882190e-03   8.542756e-36   1.003651e+00
5.991770e-03   9.870064e-36   1.000303e+00
6.103390e-03   1.204771e-35   9.956993e-01
6.217090e-03   1.510608e-35   9.905015e-01
6.332908e-03   1.874198e-35   9.855714e-01
6.450884e-03   2.216403e-35   9.817548e-01
6.571058e-03   2.406602e-35   9.798865e-01
6.693470e-03   2.311186e-35   9.808041e-01
6.818162e-03   1.891009e-35   9.853678e-01
6.945178e-03   1.269794e-35   9.944891e-01
7.074559e-03   6.785867e-36   1.009011e+00
7.206351e-03   3.127070e-36   1.027260e+00
7.340598e-03   1.475236e-36   1.045272e+00
7.477346e-03   8.481903e-37   1.058743e+00
7.616642e-03   7.075372e-37   1.063194e+00
7.758532e-03   1.019403e-36   1.054249e+00
7.903066e-03   3.019944e-36   1.028089e+00
8.050292e-03   2.176180e-35   9.821709e-01
8.200261e-03   3.145397e-34   9.233144e-01
8.353023e-03   4.337211e-33   8.689308e-01
8.508632e-03   2.591023e-32   8.337302e-01
8.667139e-03   3.045292e-32   8.306200e-01
8.828599e-03   3.197825e-33   8.750793e-01
8.993067e-03   1.362447e-35   9.928699e-01
9.160598e-03   1.500404e-39   1.225832e+00
9.331251e-03   1.262730e-44   1.605338e+00
9.505083e-03   3.709049e-50   2.151724e+00
9.682153e-03   1.736648e-55   2.848251e+00
9.862522e-03   5.919785e-60   3.592761e+00
1.004625e-02   6.662989e-63   4.167727e+00
1.023340e-02   4.837012e-64   4.382164e+00
1.042404e-02   8.615376e-64   4.287812e+00
1.061823e-02   1.186776e-62   4.027341e+00
1.081604e-02   3.985373e-61   3.745539e+00
1.101753e-02   1.028617e-59   3.557944e+00
1.122277e-02   8.872585e-59   3.528827e+00
1.143184e-02   3.007478e-58   3.632813e+00
1.164481e-02   5.706105e-58   3.838271e+00
1.186174e-02   8.631601e-58   4.115345e+00
1.208271e-02   1.476944e-57   4.427944e+00
1.230780e-02   3.377523e-57   4.752478e+00
1.253708e-02   9.443527e-57   5.094512e+00
1.277063e-02   2.897595e-56   5.464197e+00
1.300854e-02   8.757404e-56   5.874460e+00
1.325087e-02   2.401307e-55   6.337959e+00
1.349772e-02   6.038773e-55   6.856090e+00
1.374917e-02   1.437635e-54   7.425902e+00
1.400531e-02   3.344390e-54   8.042065e+00
1.426621e-02   7.791329e-54   8.698119e+00
1.453198e-02   1.813356e-53   9.392243e+00
1.480269e-02   4.179555e-53   1.012346e+01
1.507845e-02   9.457347e-53   1.089015e+01
1.535935e-02   2.090278e-52   1.168906e+01
1.564548e-02   4.519148e-52   1.251424e+01
1.593694e-02   9.577208e-52   1.335794e+01
1.623382e-02   1.993645e-51   1.421118e+01
1.653624e-02   4.083756e-51   1.506702e+01
1.684430e-02   8.245087e-51   1.591957e+01
1.715809e-02   1.643518e-50   1.676263e+01
1.747773e-02   3.239795e-50   1.758978e+01
1.780332e-02   6.326224e-50   1.839444e+01
1.813498e-02   1.225600e-49   1.916962e+01
1.847281e-02   2.353917e-49   1.989521e+01
1.881694e-02   4.464885e-49   2.053205e+01
1.916748e-02   8.330239e-49   2.103691e+01
1.952456e-02   1.522595e-48   2.136556e+01
1.988828e-02   2.715452e-48   2.147565e+01
2.025878e-02   4.709356e-48   2.133350e+01
2.063618e-02   7.968735e-48   2.094835e+01
2.102061e-02   1.325285e-47   2.035714e+01
2.141220e-02   2.182368e-47   1.960089e+01
2.181109e-02   3.584696e-47   1.872145e+01
2.221741e-02   5.916828e-47   1.775909e+01
2.263130e-02   9.886546e-47   1.675068e+01
2.305289e-02   1.684713e-46   1.572851e+01
2.348235e-02   2.949442e-46   1.471969e+01
2.391980e-02   5.344327e-46   1.374607e+01
2.436540e-02   1.009700e-45   1.282448e+01
2.481930e-02   2.003752e-45   1.196729e+01
2.528166e-02   4.205793e-45   1.118283e+01
2.575263e-02   9.336543e-45   1.047385e+01
2.623238e-02   2.180520e-44   9.839606e+00
2.672106e-02   5.328627e-44   9.278586e+00
2.721885e-02   1.355180e-43   8.788906e+00
2.772591e-02   3.567391e-43   8.368598e+00
2.824241e-02   9.667663e-43   8.015888e+00
2.876854e-02   2.682594e-42   7.729432e+00
2.930447e-02   7.580470e-42   7.508561e+00
2.985038e-02   2.169655e-41   7.353515e+00
3.040646e-02   6.257269e-41   7.264938e+00
3.097291e-02   1.812878e-40   7.237719e+00
3.154990e-02   5.266792e-40   7.264427e+00
3.213764e-02   1.531536e-39   7.338803e+00
3.273634e-02   4.449604e-39   7.455350e+00
3.334618e-02   1.289252e-38   7.608941e+00
3.396739e-02   3.718660e-38   7.794501e+00
3.460016e-02   1.065802e-37   8.006725e+00
3.524473e-02   3.029828e-37   8.239835e+00
3.590130e-02   8.527461e-37   8.487381e+00
3.657011e-02   2.371875e-36   8.742084e+00
3.725137e-02   6.507937e-36   8.995739e+00
3.794533e-02   1.758264e-35   9.239190e+00
3.865221e-02   4.668998e-35   9.462386e+00
3.937226e-02   1.216386e-34   9.654542e+00
4.010573e-02   3.103398e-34   9.804418e+00
4.085286e-02   7.744824e-34   9.904481e+00
4.161391e-02   1.891547e-33   9.957650e+00
4.238913e-02   4.524766e-33   9.969266e+00
4.317880e-02   1.060940e-32   9.945269e+00
4.398317e-02   2.440301e-32   9.891972e+00
4.480254e-02   5.510561e-32   9.815855e+00
4.563716e-02   1.222617e-31   9.723401e+00
4.648734e-02   2.667284e-31   9.620972e+00
4.735335e-02   5.726303e-31   9.514727e+00
4.823549e-02   1.210732e-30   9.410577e+00
4.913407e-02   2.523087e-30   9.314180e+00
5.004939e-02   5.186439e-30   9.230970e+00
5.098176e-02   1.052311e-29   9.164775e+00
5.193150e-02   2.107884e-29   9.114482e+00
5.289893e-02   4.168943e-29   9.078044e+00
5.388438e-02   8.141988e-29   9.053508e+00
5.488820e-02   1.570395e-28   9.038995e+00
5.591071e-02   2.991645e-28   9.032674e+00
5.695227e-02   5.629665e-28   9.032746e+00
5.801323e-02   1.046586e-27   9.037427e+00
5.909396e-02   1.922367e-27   9.044939e+00
6.019482e-02   3.489112e-27   9.053500e+00
6.131619e-02   6.258495e-27   9.060974e+00
6.245845e-02   1.109646e-26   9.064373e+00
6.362198e-02   1.945118e-26   9.060588e+00
6.480720e-02   3.371636e-26   9.046527e+00
6.601449e-02   5.780371e-26   9.019148e+00
6.724427e-02   9.803429e-26   8.975494e+00
6.849697e-02   1.645108e-25   8.912750e+00
6.977300e-02   2.732070e-25   8.828292e+00
7.107280e-02   4.491298e-25   8.718949e+00
7.239681e-02   7.312004e-25   8.576475e+00
7.374549e-02   1.179586e-24   8.391312e+00
7.511929e-02   1.886670e-24   8.155412e+00
7.651869e-02   2.993500e-24   7.862773e+00
7.794416e-02   4.714374e-24   7.509965e+00
7.939618e-02   7.373514e-24   7.096615e+00
8.087525e-02   1.146185e-23   6.626591e+00
8.238187e-02   1.777205e-23   6.119262e+00
8.391656e-02   2.764918e-23   5.601583e+00
8.547985e-02   4.341864e-23   5.095384e+00
8.707225e-02   6.923187e-23   4.616885e+00
8.869432e-02   1.127610e-22   4.177139e+00
9.034660e-02   1.887192e-22   3.782843e+00
9.202967e-02   3.256944e-22   3.437802e+00
9.374409e-02   5.786111e-22   3.144229e+00
9.549045e-02   1.055576e-21   2.902574e+00
9.726934e-02   1.972709e-21   2.712401e+00
9.908137e-02   3.767480e-21   2.573303e+00
1.009272e-01   7.334760e-21   2.485374e+00
1.028073e-01   1.451205e-20   2.441675e+00
1.047225e-01   2.907163e-20   2.429101e+00
1.066734e-01   5.874697e-20   2.435917e+00
1.086606e-01   1.193040e-19   2.450964e+00
1.106848e-01   2.425829e-19   2.463095e+00
1.127468e-01   4.922945e-19   2.465871e+00
1.148472e-01   9.948233e-19   2.460399e+00
1.169866e-01   1.997337e-18   2.448503e+00
1.191660e-01   3.975294e-18   2.432034e+00
1.213859e-01   7.826503e-18   2.412770e+00
1.236472e-01   1.522864e-17   2.391669e+00
1.259506e-01   2.928599e-17   2.369103e+00
1.282970e-01   5.566524e-17   2.345418e+00
1.306870e-01   1.045812e-16   2.320953e+00
1.331216e-01   1.942287e-16   2.296029e+00
1.356015e-01   3.566582e-16   2.270942e+00
1.381276e-01   6.476845e-16   2.245977e+00
1.407008e-01   1.163431e-15   2.221405e+00
1.433219e-01   2.067593e-15   2.197336e+00
1.459919e-01   3.635787e-15   2.173604e+00
1.487115e-01   6.327029e-15   2.150022e+00
1.514819e-01   1.089756e-14   2.126414e+00
1.543038e-01   1.858097e-14   2.102715e+00
1.571784e-01   3.137026e-14   2.078948e+00
1.601064e-01   5.245420e-14   2.055142e+00
1.630891e-01   8.688897e-14   2.031301e+00
1.661273e-01   1.426293e-13   2.007353e+00
1.692220e-01   2.320901e-13   1.983210e+00
1.723745e-01   3.745004e-13   1.958789e+00
1.755856e-01   5.994314e-13   1.934014e+00
1.788566e-01   9.520558e-13   1.908812e+00
1.821885e-01   1.500945e-12   1.883117e+00
1.855825e-01   2.349573e-12   1.856872e+00
1.890397e-01   3.653229e-12   1.830032e+00
1.925614e-01   5.643778e-12   1.802557e+00
1.961486e-01   8.665821e-12   1.774411e+00
1.998026e-01   1.322933e-11   1.745563e+00
2.035248e-01   2.008588e-11   1.716022e+00
2.073162e-01   3.033761e-11   1.685940e+00
2.111783e-01   4.559475e-11   1.655508e+00
2.151123e-01   6.820199e-11   1.624904e+00
2.191197e-01   1.015625e-10   1.594295e+00
2.232016e-01   1.506016e-10   1.563840e+00
2.273597e-01   2.224290e-10   1.533684e+00
2.315951e-01   3.272834e-10   1.503961e+00
2.359095e-01   4.798807e-10   1.474798e+00
2.403043e-01   7.013338e-10   1.446308e+00
2.447809e-01   1.021890e-09   1.418597e+00
2.493409e-01   1.484830e-09   1.391761e+00
2.539859e-01   2.151945e-09   1.365886e+00
2.587174e-01   3.110649e-09   1.341027e+00
2.635371e-01   4.484142e-09   1.317229e+00
2.684465e-01   6.445543e-09   1.294530e+00
2.734474e-01   9.237075e-09   1.272967e+00
2.785414e-01   1.319616e-08   1.252574e+00
2.837304e-01   1.879065e-08   1.233382e+00
2.890160e-01   2.666616e-08   1.215422e+00
2.944000e-01   3.770915e-08   1.198721e+00
2.998844e-01   5.313049e-08   1.183308e+00
3.054710e-01   7.457574e-08   1.169193e+00
3.111616e-01   1.042715e-07   1.156308e+00
3.169582e-01   1.452142e-07   1.144568e+00
3.228628e-01   2.014134e-07   1.133895e+00
3.288774e-01   2.782048e-07   1.124215e+00
3.350041e-01   3.826472e-07   1.115458e+00
3.412449e-01   5.240237e-07   1.107559e+00
3.476019e-01   7.144677e-07   1.100455e+00
3.540774e-01   9.697412e-07   1.094087e+00
3.606735e-01   1.310241e-06   1.088401e+00
3.673925e-01   1.762231e-06   1.083351e+00
3.742366e-01   2.359309e-06   1.078888e+00
3.812083e-01   3.144208e-06   1.074969e+00
3.883098e-01   4.170964e-06   1.071551e+00
3.955436e-01   5.507501e-06   1.068591e+00
4.029122e-01   7.238694e-06   1.066048e+00
4.104181e-01   9.470209e-06   1.063879e+00
4.180637e-01   1.233316e-05   1.062036e+00
4.258518e-01   1.598924e-05   1.060472e+00
4.337850e-01   2.063680e-05   1.059140e+00
4.418660e-01   2.651803e-05   1.057994e+00
4.500975e-01   3.392714e-05   1.056989e+00
4.584824e-01   4.321968e-05   1.056085e+00
4.670234e-01   5.482255e-05   1.055272e+00
4.757236e-01   6.924579e-05   1.054547e+00
4.845859e-01   8.709586e-05   1.053906e+00
4.936132e-01   1.090900e-04   1.053345e+00
5.028087e-01   1.360721e-04   1.052861e+00
5.121755e-01   1.690313e-04   1.052449e+00
5.217169e-01   2.091239e-04   1.052103e+00
5.314359e-01   2.576932e-04   1.051817e+00
5.413360e-01   3.162933e-04   1.051585e+00
5.514206e-01   3.867137e-04   1.051401e+00
5.616930e-01   4.710060e-04   1.051259e+00
5.721568e-01   5.715119e-04   1.051152e+00
5.828155e-01   6.908932e-04   1.051075e+00
5.936727e-01   8.321625e-04   1.051022e+00
6.047322e-01   9.987151e-04   1.050987e+00
6.159978e-01   1.194360e-03   1.050965e+00
6.274732e-01   1.423351e-03   1.050954e+00
6.391624e-01   1.690420e-03   1.050951e+00
6.510694e-01   2.000811e-03   1.050956e+00
6.631981e-01   2.360309e-03   1.050966e+00
6.755528e-01   2.775275e-03   1.050978e+00
6.881377e-01   3.252673e-03   1.050990e+00
7.009570e-01   3.800098e-03   1.051001e+00
7.140151e-01   4.425803e-03   1.051008e+00
7.273165e-01   5.138736e-03   1.051012e+00
7.408657e-01   5.948553e-03   1.051013e+00
7.546673e-01   6.865644e-03   1.051013e+00
7.687260e-01   7.901145e-03   1.051010e+00
7.830465e-01   9.066958e-03   1.051006e+00
7.976339e-01   1.037576e-02   1.051001e+00
8.124930e-01   1.184104e-02   1.050996e+00
8.276289e-01   1.347716e-02   1.050991e+00
8.430468e-01   1.529942e-02   1.050987e+00
8.587519e-01   1.732401e-02   1.050986e+00
8.747496e-01   1.956806e-02   1.050988e+00
8.910453e-01   2.204966e-02   1.050994e+00
9.076446e-01   2.478791e-02   1.051006e+00
9.245531e-01   2.780293e-02   1.051020e+00
9.417766e-01   3.111596e-02   1.051033e+00
9.593209e-01   3.474935e-02   1.051039e+00
9.771921e-01   3.872669e-02   1.051033e+00
9.953962e-01   4.307281e-02   1.051009e+00
1.013939e+00   4.781400e-02   1.050964e+00
1.032828e+00   5.297892e-02   1.050895e+00
1.052069e+00   5.859865e-02   1.050804e+00
1.071668e+00   6.470673e-02   1.050692e+00
1.091632e+00   7.133934e-02   1.050558e+00
1.111968e+00   7.853571e-02   1.050404e+00
1.132683e+00   8.633845e-02   1.050230e+00
1.153783e+00   9.479404e-02   1.050038e+00
1.175277e+00   1.039532e-01   1.049827e+00
1.197171e+00   1.138717e-01   1.049599e+00
1.219473e+00   1.246107e-01   1.049353e+00
1.242191e+00   1.362375e-01   1.049092e+00
1.265332e+00   1.488272e-01   1.048817e+00
1.288904e+00   1.624695e-01   1.048540e+00
1.312915e+00   1.772707e-01   1.048284e+00
1.337373e+00   1.933522e-01   1.048070e+00
1.362287e+00   2.108531e-01   1.047920e+00
1.387665e+00   2.299329e-01   1.047854e+00
1.413516e+00   2.507750e-01   1.047894e+00
1.439848e+00   2.735906e-01   1.048063e+00
1.466671e+00   2.986230e-01   1.048380e+00
1.493993e+00   3.261537e-01   1.048869e+00
1.521825e+00   3.565015e-01   1.049557e+00
1.550175e+00   3.899745e-01   1.050520e+00
1.579053e+00   4.268848e-01   1.051861e+00
1.608469e+00   4.675723e-01   1.053680e+00
1.638434e+00   5.124062e-01   1.056080e+00
1.668956e+00   5.617866e-01   1.059167e+00
1.700047e+00   6.161460e-01   1.063047e+00
1.731717e+00   6.759506e-01   1.067831e+00
1.763977e+00   7.417108e-01   1.073627e+00
1.796838e+00   8.143019e-01   1.080356e+00
1.830312e+00   8.951961e-01   1.087709e+00
1.864409e+00   9.862702e-01   1.095356e+00
1.899141e+00   1.089888e+00   1.102955e+00
1.934520e+00   1.209034e+00   1.110159e+00
1.970558e+00   1.347502e+00   1.116610e+00
2.007267e+00   1.510139e+00   1.121943e+00
2.044661e+00   1.702448e+00   1.125932e+00
2.082751e+00   1.929517e+00   1.128674e+00
2.121550e+00   2.197004e+00   1.130315e+00
2.161073e+00   2.511370e+00   1.131005e+00
2.201331e+00   2.879902e+00   1.130897e+00
2.242340e+00   3.310715e+00   1.130146e+00
2.284112e+00   3.812703e+00   1.128909e+00
2.326663e+00   4.395424e+00   1.127342e+00
2.370006e+00   5.068919e+00   1.125601e+00
2.414157e+00   5.843409e+00   1.123840e+00
2.459130e+00   6.728892e+00   1.122214e+00
2.504942e+00   7.734586e+00   1.120875e+00
2.551606e+00   8.870095e+00   1.119929e+00
2.599140e+00   1.014998e+01   1.119346e+00
2.647559e+00   1.159160e+01   1.119068e+00
2.696881e+00   1.321477e+01   1.119041e+00
2.747121e+00   1.504215e+01   1.119210e+00
2.798297e+00   1.709977e+01   1.119520e+00
2.850426e+00   1.941765e+01   1.119915e+00
2.903527e+00   2.203056e+01   1.120341e+00
2.957617e+00   2.497888e+01   1.120742e+00
3.012714e+00   2.830965e+01   1.121064e+00
3.068838e+00   3.207482e+01   1.121273e+00
3.126007e+00   3.632696e+01   1.121383e+00
3.184242e+00   4.112308e+01   1.121413e+00
3.243561e+00   4.652542e+01   1.121381e+00
3.303985e+00   5.260169e+01   1.121305e+00
3.365535e+00   5.942514e+01   1.121206e+00
3.428231e+00   6.707463e+01   1.121101e+00
3.492096e+00   7.563460e+01   1.121009e+00
3.557150e+00   8.519589e+01   1.120947e+00
3.623416e+00   9.586182e+01   1.120915e+00
3.690917e+00   1.077471e+02   1.120905e+00
3.759675e+00   1.209770e+02   1.120914e+00
3.829714e+00   1.356880e+02   1.120935e+00
3.901058e+00   1.520285e+02   1.120963e+00
3.973730e+00   1.701604e+02   1.120991e+00
4.047757e+00   1.902589e+02   1.121014e+00
4.123163e+00   2.125115e+02   1.121031e+00
4.199973e+00   2.371181e+02   1.121042e+00
4.278214e+00   2.642927e+02   1.121048e+00
4.357913e+00   2.942643e+02   1.121049e+00
4.439097e+00   3.272771e+02   1.121047e+00
4.521792e+00   3.635908e+02   1.121043e+00
4.606029e+00   4.034809e+02   1.121036e+00
4.691835e+00   4.472389e+02   1.121028e+00
4.779239e+00   4.951723e+02   1.121019e+00
4.868271e+00   5.476043e+02   1.121010e+00
4.958962e+00   6.048738e+02   1.121003e+00
5.051342e+00   6.673348e+02   1.120997e+00
5.145444e+00   7.353557e+02   1.120993e+00
5.241298e+00   8.093187e+02   1.120991e+00
5.338938e+00   8.896187e+02   1.120990e+00
5.438397e+00   9.766616e+02   1.120991e+00
5.539709e+00   1.070863e+03   1.120992e+00
5.642908e+00   1.172646e+03   1.120994e+00
5.748030e+00   1.282441e+03   1.120996e+00
5.855110e+00   1.400678e+03   1.120998e+00
5.964185e+00   1.527791e+03   1.121000e+00
6.075292e+00   1.664211e+03   1.121001e+00
6.188468e+00   1.810401e+03   1.121002e+00
6.303753e+00   1.966852e+03   1.121002e+00
6.421186e+00   2.134063e+03   1.121002e+00
6.540806e+00   2.312543e+03   1.121002e+00
6.662655e+00   2.502812e+03   1.121001e+00
6.786773e+00   2.705394e+03   1.121001e+00
6.913204e+00   2.920824e+03   1.121000e+00
7.041990e+00   3.149638e+03   1.121000e+00
7.173175e+00   3.392222e+03   1.121000e+00
7.306804e+00   3.648642e+03   1.121000e+00
7.442922e+00   3.918807e+03   1.121000e+00
7.581576e+00   4.202469e+03   1.121000e+00
7.722814e+00   4.499200e+03   1.121000e+00
7.866682e+00   4.808378e+03   1.121000e+00
8.013230e+00   5.129166e+03   1.121000e+00
8.162509e+00   5.461229e+03   1.121000e+00
8.314568e+00   5.806569e+03   1.121000e+00
8.469460e+00   6.168199e+03   1.121000e+00
8.627237e+00   6.549841e+03   1.121000e+00
8.787954e+00   6.956022e+03   1.121000e+00
8.951665e+00   7.392189e+03   1.121000e+00
9.118425e+00   7.864861e+03   1.121000e+00
9.288292e+00   8.381836e+03   1.121000e+00
9.461324e+00   8.952440e+03   1.121000e+00
9.637579e+00   9.587865e+03   1.121000e+00
9.817117e+00   1.030160e+04   1.121000e+00
1.000000e+01   1.111000e+04   1.121000e+00
