# Source: primat qed_pressure.py — computed from PRIMAT formulas
# T (MeV)           dP_int/dT (e^2)      dP_int/dT (e^3)
1.000000E-03 -2.118569E-85 1.209991E-94
1.023340E-03 1.071504E-85 -6.119745E-95
1.047225E-03 -2.168017E-85 1.238233E-94
1.071668E-03 7.676758E-85 -4.384474E-94
1.096681E-03 -2.884677E-84 1.647543E-93
1.122277E-03 1.088777E-83 -6.218400E-93
1.148472E-03 -4.110733E-83 2.347788E-92
1.175277E-03 1.552063E-82 -8.864393E-92
1.202708E-03 -5.860036E-82 3.346878E-91
1.230780E-03 2.212540E-81 -1.263662E-90
1.259506E-03 -8.353763E-81 4.771136E-90
1.288904E-03 3.154083E-80 -1.801411E-89
1.318987E-03 -1.190869E-79 6.801483E-89
1.349772E-03 4.496297E-79 -2.567997E-88
1.381276E-03 -1.697641E-78 9.695841E-88
1.413516E-03 6.409687E-78 -3.660804E-87
1.446507E-03 -2.420069E-77 1.382189E-86
1.480269E-03 9.137317E-77 -5.218652E-86
1.514819E-03 -3.449925E-76 1.970377E-85
1.550175E-03 1.302568E-75 -7.439439E-85
1.586357E-03 -4.918034E-75 2.808867E-84
1.623382E-03 1.856874E-74 -1.060528E-83
1.661273E-03 -7.010894E-74 4.004174E-83
1.700047E-03 2.647063E-73 -1.511833E-82
1.739726E-03 -9.994366E-73 5.708143E-82
1.780332E-03 3.773516E-72 -2.155191E-81
1.821885E-03 -1.424745E-71 8.137232E-81
1.864409E-03 5.379328E-71 -3.072329E-80
1.907924E-03 -2.031042E-70 1.160002E-79
1.952456E-03 7.668491E-70 -4.379752E-79
1.998026E-03 -2.895349E-69 1.653638E-78
2.044661E-03 1.093180E-68 -6.243547E-78
2.092383E-03 -4.127459E-68 2.357341E-77
2.141220E-03 1.558381E-67 -8.900477E-77
2.191197E-03 -5.883891E-67 3.360502E-76
2.242340E-03 2.221547E-66 -1.268806E-75
2.294676E-03 -8.387769E-66 4.790558E-75
2.348235E-03 3.166922E-65 -1.808744E-74
2.403043E-03 -1.195717E-64 6.829170E-74
2.459130E-03 4.514600E-64 -2.578451E-73
2.516527E-03 -1.704552E-63 9.735310E-73
2.575263E-03 6.435779E-63 -3.675706E-72
2.635371E-03 -2.429921E-62 1.387815E-71
2.696881E-03 9.174513E-62 -5.239895E-71
2.759826E-03 -3.463969E-61 1.978397E-70
2.824241E-03 1.307871E-60 -7.469723E-70
2.890160E-03 -4.938054E-60 2.820301E-69
2.957617E-03 1.864433E-59 -1.064845E-68
3.026648E-03 -7.039433E-59 4.020474E-68
3.097291E-03 2.657839E-58 -1.517988E-67
3.169582E-03 -1.003505E-57 5.731379E-67
3.243561E-03 3.788877E-57 -2.163964E-66
3.319266E-03 -1.430545E-56 8.170357E-66
3.396739E-03 5.401226E-56 -3.084835E-65
3.476019E-03 -2.039310E-55 1.164724E-64
3.557150E-03 7.699707E-55 -4.397581E-64
3.640175E-03 -2.907135E-54 1.660370E-63
3.725137E-03 1.097630E-53 -6.268963E-63
3.812083E-03 -4.144260E-53 2.366937E-62
3.901058E-03 1.564725E-52 -8.936708E-62
3.992109E-03 -5.907842E-52 3.374182E-61
4.085286E-03 2.230590E-51 -1.273971E-60
4.180637E-03 -8.421913E-51 4.810059E-60
4.278214E-03 3.179814E-50 -1.816106E-59
4.378069E-03 -1.200584E-49 6.856970E-59
4.480254E-03 4.532978E-49 -2.588947E-58
4.584824E-03 -1.711491E-48 9.774940E-58
4.691835E-03 6.461977E-48 -3.690669E-57
4.801343E-03 -2.439812E-47 1.393465E-56
4.913407E-03 9.211859E-47 -5.261225E-56
5.028087E-03 -3.478069E-46 1.986451E-55
5.145444E-03 1.313195E-45 -7.500130E-55
5.265540E-03 -4.958155E-45 2.831781E-54
5.388438E-03 1.872022E-44 -1.069180E-53
5.514206E-03 -7.068089E-44 4.036840E-53
5.642908E-03 2.668658E-43 -1.524167E-52
5.774615E-03 -1.007590E-42 5.754710E-52
5.909396E-03 3.804300E-42 -2.172773E-51
6.047322E-03 -1.436368E-41 8.203616E-51
6.188468E-03 5.423213E-41 -3.097393E-50
6.332908E-03 -2.047612E-40 1.169465E-49
6.480720E-03 7.731051E-40 -4.415482E-49
6.631981E-03 -2.918969E-39 1.667128E-48
6.786773E-03 1.102098E-38 -6.294482E-48
6.945178E-03 -4.161130E-38 2.376572E-47
7.107280E-03 1.571094E-37 -8.973087E-47
7.273165E-03 -5.931891E-37 3.387917E-46
7.442922E-03 2.239671E-36 -1.279157E-45
7.616642E-03 -8.456196E-36 4.829639E-45
7.794416E-03 3.192758E-35 -1.823499E-44
7.976339E-03 -1.205471E-34 6.884883E-44
8.162509E-03 4.551430E-34 -2.599486E-43
8.353023E-03 -1.718458E-33 9.814731E-43
8.547985E-03 6.488282E-33 -3.705692E-42
8.747496E-03 -2.449744E-32 1.399137E-41
8.951665E-03 9.249358E-32 -5.282642E-41
9.160598E-03 -3.492228E-31 1.994537E-40
9.374409E-03 1.318541E-30 -7.530661E-40
9.593209E-03 -4.978338E-30 2.843309E-39
9.817117E-03 1.879643E-29 -1.073532E-38
1.004625E-02 -7.096861E-29 4.053273E-38
1.028073E-02 -2.423038E-28 2.370299E-37
1.052069E-02 -6.500140E-28 1.193696E-36
1.076624E-02 -2.076656E-27 6.318604E-36
1.101753E-02 -6.351779E-27 3.193975E-35
1.127468E-02 -1.898379E-26 1.560319E-34
1.153783E-02 -5.537963E-26 7.334983E-34
1.180713E-02 -1.577905E-25 3.333728E-33
1.208271E-02 -4.393783E-25 1.461511E-32
1.236472E-02 -1.196221E-24 6.201629E-32
1.265332E-02 -3.186288E-24 2.543207E-31
1.294865E-02 -8.306067E-24 1.010791E-30
1.325087E-02 -2.120703E-23 3.888898E-30
1.356015E-02 -5.303573E-23 1.452126E-29
1.387665E-02 -1.300579E-22 5.256476E-29
1.420053E-02 -3.125861E-22 1.849392E-28
1.453198E-02 -7.377534E-22 6.315708E-28
1.487115E-02 -1.706540E-21 2.098040E-27
1.521825E-02 -3.885560E-21 6.782552E-27
1.557345E-02 -8.655969E-21 2.134119E-26
1.593694E-02 -1.898580E-20 6.541973E-26
1.630891E-02 -4.096578E-20 1.954759E-25
1.668956E-02 -8.689159E-20 5.696613E-25
1.707910E-02 -1.813435E-19 1.620073E-24
1.747773E-02 -3.725003E-19 4.498739E-24
1.788566E-02 -7.533793E-19 1.220460E-23
1.830312E-02 -1.500782E-18 3.236433E-23
1.873032E-02 -2.945712E-18 8.393583E-23
1.916748E-02 -5.698747E-18 2.130044E-22
1.961486E-02 -1.087000E-17 5.291852E-22
2.007267E-02 -2.044946E-17 1.287708E-21
2.054117E-02 -3.795549E-17 3.070613E-21
2.102061E-02 -6.952528E-17 7.178502E-21
2.151123E-02 -1.257240E-16 1.646046E-20
2.201331E-02 -2.245068E-16 3.703763E-20
2.252711E-02 -3.960070E-16 8.181386E-20
2.305289E-02 -6.901784E-16 1.774917E-19
2.359095E-02 -1.188845E-15 3.783358E-19
2.414157E-02 -2.024473E-15 7.926870E-19
2.470504E-02 -3.409074E-15 1.633141E-18
2.528166E-02 -5.678204E-15 3.309879E-18
2.587174E-02 -9.357186E-15 6.601337E-18
2.647559E-02 -1.525972E-14 1.296117E-17
2.709354E-02 -2.463313E-14 2.506146E-17
2.772591E-02 -3.937013E-14 4.773893E-17
2.837304E-02 -6.231440E-14 8.961763E-17
2.903527E-02 -9.769721E-14 1.658501E-16
2.971296E-02 -1.517552E-13 3.026798E-16
3.040646E-02 -2.335965E-13 5.449253E-16
3.111616E-02 -3.564033E-13 9.680853E-16
3.184242E-02 -5.390870E-13 1.697648E-15
3.258562E-02 -8.085466E-13 2.939480E-15
3.334618E-02 -1.202723E-12 5.027015E-15
3.412449E-02 -1.774696E-12 8.493607E-15
3.492096E-02 -2.598134E-12 1.418205E-14
3.573602E-02 -3.774487E-12 2.340834E-14
3.657011E-02 -5.442407E-12 3.820358E-14
3.742366E-02 -7.789990E-12 6.166714E-14
3.829714E-02 -1.107057E-11 9.847633E-14
3.919100E-02 -1.562294E-11 1.556136E-13
4.010573E-02 -2.189709E-11 2.433930E-13
4.104181E-02 -3.048670E-11 3.768928E-13
4.199973E-02 -4.216992E-11 5.779352E-13
4.298001E-02 -5.796018E-11 8.777927E-13
4.398317E-02 -7.916918E-11 1.320851E-12
4.500975E-02 -1.074844E-10 1.969522E-12
4.606029E-02 -1.450641E-10 2.910756E-12
4.713535E-02 -1.946525E-10 4.264620E-12
4.823549E-02 -2.597197E-10 6.195461E-12
4.936132E-02 -3.446297E-10 8.926330E-12
5.051342E-02 -4.548415E-10 1.275744E-11
5.169242E-02 -5.971487E-10 1.808960E-11
5.289893E-02 -7.799631E-10 2.545369E-11
5.413360E-02 -1.013650E-09 3.554744E-11
5.539709E-02 -1.310919E-09 4.928102E-11
5.669007E-02 -1.687285E-09 6.783300E-11
5.801323E-02 -2.161601E-09 9.271855E-11
5.936727E-02 -2.756674E-09 1.258720E-10
6.075292E-02 -3.499982E-09 1.697461E-10
6.217090E-02 -4.424488E-09 2.274301E-10
6.362198E-02 -5.569579E-09 3.027897E-10
6.510694E-02 -6.982137E-09 4.006322E-10
6.662655E-02 -8.717752E-09 5.268982E-10
6.818162E-02 -1.084210E-08 6.888854E-10
6.977300E-02 -1.343248E-08 8.955057E-10
7.140151E-02 -1.657961E-08 1.157580E-09
7.306804E-02 -2.038953E-08 1.488176E-09
7.477346E-02 -2.498582E-08 1.902984E-09
7.651869E-02 -3.051209E-08 2.420750E-09
7.830465E-02 -3.713464E-08 3.063751E-09
8.013230E-02 -4.504557E-08 3.858331E-09
8.200261E-02 -5.446607E-08 4.835484E-09
8.391656E-02 -6.565017E-08 6.031512E-09
8.587519E-02 -7.888886E-08 7.488727E-09
8.787954E-02 -9.451455E-08 9.256227E-09
8.993067E-02 -1.129061E-07 1.139074E-08
9.202967E-02 -1.344942E-07 1.395751E-08
9.417766E-02 -1.597674E-07 1.703130E-08
9.637579E-02 -1.892785E-07 2.069739E-08
9.862522E-02 -2.236520E-07 2.505272E-08
1.009272E-01 -2.635914E-07 3.020703E-08
1.032828E-01 -3.098881E-07 3.628411E-08
1.056935E-01 -3.634302E-07 4.342310E-08
1.081604E-01 -4.252127E-07 5.177985E-08
1.106848E-01 -4.963486E-07 6.152835E-08
1.132683E-01 -5.780800E-07 7.286220E-08
1.159120E-01 -6.717913E-07 8.599619E-08
1.186174E-01 -7.790226E-07 1.011679E-07
1.213859E-01 -9.014849E-07 1.186392E-07
1.242191E-01 -1.041076E-06 1.386985E-07
1.271184E-01 -1.199896E-06 1.616616E-07
1.300854E-01 -1.380271E-06 1.878747E-07
1.331216E-01 -1.584765E-06 2.177154E-07
1.362287E-01 -1.816209E-06 2.515949E-07
1.394083E-01 -2.077720E-06 2.899606E-07
1.426621E-01 -2.372727E-06 3.332976E-07
1.459919E-01 -2.704996E-06 3.821312E-07
1.493993E-01 -3.078660E-06 4.370294E-07
1.528864E-01 -3.498251E-06 4.986053E-07
1.564548E-01 -3.968728E-06 5.675197E-07
1.601064E-01 -4.495518E-06 6.444837E-07
1.638434E-01 -5.084548E-06 7.302623E-07
1.676675E-01 -5.742288E-06 8.256768E-07
1.715809E-01 -6.475795E-06 9.316087E-07
1.755856E-01 -7.292756E-06 1.049003E-06
1.796838E-01 -8.201539E-06 1.178872E-06
1.838777E-01 -9.211247E-06 1.322301E-06
1.881694E-01 -1.033177E-05 1.480449E-06
1.925614E-01 -1.157385E-05 1.654559E-06
1.970558E-01 -1.294914E-05 1.845959E-06
2.016551E-01 -1.447029E-05 2.056068E-06
2.063618E-01 -1.615099E-05 2.286405E-06
2.111783E-01 -1.800606E-05 2.538593E-06
2.161073E-01 -2.005158E-05 2.814368E-06
2.211512E-01 -2.230489E-05 3.115584E-06
2.263130E-01 -2.478478E-05 3.444225E-06
2.315951E-01 -2.751154E-05 3.802412E-06
2.370006E-01 -3.050707E-05 4.192411E-06
2.425323E-01 -3.379502E-05 4.616650E-06
2.481930E-01 -3.740093E-05 5.077721E-06
2.539859E-01 -4.135231E-05 5.578400E-06
2.599140E-01 -4.567887E-05 6.121658E-06
2.659804E-01 -5.041259E-05 6.710672E-06
2.721885E-01 -5.558795E-05 7.348845E-06
2.785414E-01 -6.124209E-05 8.039819E-06
2.850426E-01 -6.741500E-05 8.787495E-06
2.916956E-01 -7.414973E-05 9.596047E-06
2.985038E-01 -8.149262E-05 1.046995E-05
3.054710E-01 -8.949354E-05 1.141400E-05
3.126007E-01 -9.820611E-05 1.243332E-05
3.198969E-01 -1.076880E-04 1.353341E-05
3.273634E-01 -1.180013E-04 1.472018E-05
3.350041E-01 -1.292128E-04 1.599992E-05
3.428231E-01 -1.413940E-04 1.737942E-05
3.508247E-01 -1.546220E-04 1.886593E-05
3.590130E-01 -1.689798E-04 2.046721E-05
3.673925E-01 -1.845563E-04 2.219160E-05
3.759675E-01 -2.014470E-04 2.404804E-05
3.847427E-01 -2.197548E-04 2.604610E-05
3.937226E-01 -2.395899E-04 2.819604E-05
4.029122E-01 -2.610708E-04 3.050887E-05
4.123163E-01 -2.843247E-04 3.299637E-05
4.219398E-01 -3.094883E-04 3.567119E-05
4.317880E-01 -3.367083E-04 3.854688E-05
4.418660E-01 -3.661422E-04 4.163798E-05
4.521792E-01 -3.979591E-04 4.496005E-05
4.627332E-01 -4.323404E-04 4.852980E-05
4.735335E-01 -4.694809E-04 5.236511E-05
4.845859E-01 -5.095898E-04 5.648518E-05
4.958962E-01 -5.528914E-04 6.091057E-05
5.074705E-01 -5.996266E-04 6.566332E-05
5.193150E-01 -6.500538E-04 7.076707E-05
5.314359E-01 -7.044502E-04 7.624715E-05
5.438397E-01 -7.631133E-04 8.213072E-05
5.565331E-01 -8.263625E-04 8.844687E-05
5.695227E-01 -8.945402E-04 9.522681E-05
5.828155E-01 -9.680138E-04 1.025040E-04
5.964185E-01 -1.047177E-03 1.103142E-04
6.103390E-01 -1.132454E-03 1.186960E-04
6.245845E-01 -1.224297E-03 1.276904E-04
6.391624E-01 -1.323194E-03 1.373416E-04
6.540806E-01 -1.429665E-03 1.476970E-04
6.693470E-01 -1.544270E-03 1.588072E-04
6.849697E-01 -1.667611E-03 1.707266E-04
7.009570E-01 -1.800331E-03 1.835135E-04
7.173175E-01 -1.943120E-03 1.972302E-04
7.340598E-01 -2.096719E-03 2.119438E-04
7.511929E-01 -2.261923E-03 2.277259E-04
7.687260E-01 -2.439582E-03 2.446534E-04
7.866682E-01 -2.630610E-03 2.628087E-04
8.050292E-01 -2.835986E-03 2.822802E-04
8.238187E-01 -3.056761E-03 3.031624E-04
8.430468E-01 -3.294061E-03 3.255568E-04
8.627237E-01 -3.549093E-03 3.495722E-04
8.828599E-01 -3.823151E-03 3.753249E-04
9.034660E-01 -4.117624E-03 4.029400E-04
9.245531E-01 -4.434000E-03 4.325512E-04
9.461324E-01 -4.773875E-03 4.643020E-04
9.682153E-01 -5.138958E-03 4.983461E-04
9.908137E-01 -5.531086E-03 5.348483E-04
1.013939E+00 -5.952223E-03 5.739851E-04
1.037605E+00 -6.404478E-03 6.159458E-04
1.061823E+00 -6.890111E-03 6.609332E-04
1.086606E+00 -7.411546E-03 7.091646E-04
1.111968E+00 -7.971378E-03 7.608730E-04
1.137921E+00 -8.572394E-03 8.163080E-04
1.164481E+00 -9.217579E-03 8.757372E-04
1.191660E+00 -9.910131E-03 9.394474E-04
1.219473E+00 -1.065348E-02 1.007746E-03
1.247936E+00 -1.145131E-02 1.080962E-03
1.277063E+00 -1.230755E-02 1.159448E-03
1.306870E+00 -1.322644E-02 1.243583E-03
1.337373E+00 -1.421250E-02 1.333773E-03
1.368587E+00 -1.527059E-02 1.430451E-03
1.400531E+00 -1.640590E-02 1.534083E-03
1.433219E+00 -1.762403E-02 1.645169E-03
1.466671E+00 -1.893095E-02 1.764242E-03
1.500903E+00 -2.033307E-02 1.891877E-03
1.535935E+00 -2.183725E-02 2.028686E-03
1.571784E+00 -2.345087E-02 2.175330E-03
1.608469E+00 -2.518182E-02 2.332512E-03
1.646012E+00 -2.703855E-02 2.500989E-03
1.684430E+00 -2.903013E-02 2.681571E-03
1.723745E+00 -3.116629E-02 2.875126E-03
1.763977E+00 -3.345744E-02 3.082585E-03
1.805149E+00 -3.591474E-02 3.304944E-03
1.847281E+00 -3.855017E-02 3.543274E-03
1.890397E+00 -4.137654E-02 3.798718E-03
1.934520E+00 -4.440762E-02 4.072505E-03
1.979672E+00 -4.765812E-02 4.365949E-03
2.025878E+00 -5.114385E-02 4.680461E-03
2.073162E+00 -5.488174E-02 5.017551E-03
2.121550E+00 -5.888992E-02 5.378837E-03
2.171068E+00 -6.318783E-02 5.766056E-03
2.221741E+00 -6.779632E-02 6.181066E-03
2.273597E+00 -7.273773E-02 6.625861E-03
2.326663E+00 -7.803598E-02 7.102575E-03
2.380968E+00 -8.371674E-02 7.613497E-03
2.436540E+00 -8.980750E-02 8.161080E-03
2.493409E+00 -9.633773E-02 8.747953E-03
2.551606E+00 -1.033390E-01 9.376932E-03
2.611161E+00 -1.108452E-01 1.005104E-02
2.672106E+00 -1.188926E-01 1.077350E-02
2.734474E+00 -1.275200E-01 1.154779E-02
2.798297E+00 -1.367692E-01 1.237762E-02
2.863610E+00 -1.466848E-01 1.326698E-02
2.930447E+00 -1.573146E-01 1.422013E-02
2.998844E+00 -1.687100E-01 1.524164E-02
3.068838E+00 -1.809259E-01 1.633642E-02
3.140465E+00 -1.940213E-01 1.750972E-02
3.213764E+00 -2.080593E-01 1.876716E-02
3.288774E+00 -2.231075E-01 2.011478E-02
3.365535E+00 -2.392385E-01 2.155904E-02
3.444087E+00 -2.565301E-01 2.310687E-02
3.524473E+00 -2.750655E-01 2.476569E-02
3.606735E+00 -2.949339E-01 2.654347E-02
3.690917E+00 -3.162312E-01 2.844872E-02
3.777064E+00 -3.390598E-01 3.049058E-02
3.865221E+00 -3.635296E-01 3.267885E-02
3.955436E+00 -3.897584E-01 3.502402E-02
4.047757E+00 -4.178724E-01 3.753733E-02
4.142232E+00 -4.480068E-01 4.023085E-02
4.238913E+00 -4.803067E-01 4.311747E-02
4.337850E+00 -5.149273E-01 4.621106E-02
4.439097E+00 -5.520353E-01 4.952644E-02
4.542706E+00 -5.918089E-01 5.307950E-02
4.648734E+00 -6.344395E-01 5.688729E-02
4.757236E+00 -6.801320E-01 6.096806E-02
4.868271E+00 -7.291060E-01 6.534137E-02
4.981898E+00 -7.815969E-01 7.002821E-02
5.098176E+00 -8.378569E-01 7.505103E-02
5.217169E+00 -8.981564E-01 8.043392E-02
5.338938E+00 -9.627851E-01 8.620268E-02
5.463550E+00 -1.032053E+00 9.238498E-02
5.591071E+00 -1.106294E+00 9.901045E-02
5.721568E+00 -1.185864E+00 1.061109E-01
5.855110E+00 -1.271145E+00 1.137202E-01
5.991770E+00 -1.362547E+00 1.218751E-01
6.131619E+00 -1.460508E+00 1.306145E-01
6.274732E+00 -1.565499E+00 1.399803E-01
6.421186E+00 -1.678024E+00 1.500175E-01
6.571058E+00 -1.798624E+00 1.607741E-01
6.724427E+00 -1.927877E+00 1.723018E-01
6.881377E+00 -2.066403E+00 1.846557E-01
7.041990E+00 -2.214868E+00 1.978952E-01
7.206351E+00 -2.373985E+00 2.120836E-01
7.374549E+00 -2.544516E+00 2.272890E-01
7.546673E+00 -2.727280E+00 2.435843E-01
7.722814E+00 -2.923155E+00 2.610476E-01
7.903066E+00 -3.133080E+00 2.797625E-01
8.087525E+00 -3.358062E+00 2.998189E-01
8.276289E+00 -3.599182E+00 3.213128E-01
8.469460E+00 -3.857595E+00 3.443473E-01
8.667139E+00 -4.134542E+00 3.690328E-01
8.869432E+00 -4.431352E+00 3.954875E-01
9.076446E+00 -4.749447E+00 4.238384E-01
9.288292E+00 -5.090355E+00 4.542213E-01
9.505083E+00 -5.455711E+00 4.867819E-01
9.726934E+00 -5.847266E+00 5.216761E-01
9.953962E+00 -6.266899E+00 5.590714E-01
1.018629E+01 -6.716624E+00 5.991468E-01
1.042404E+01 -7.198596E+00 6.420946E-01
1.066734E+01 -7.715128E+00 6.881205E-01
1.091632E+01 -8.268697E+00 7.374452E-01
1.117111E+01 -8.861957E+00 7.903050E-01
1.143184E+01 -9.497754E+00 8.469535E-01
1.169866E+01 -1.017914E+01 9.076619E-01
1.197171E+01 -1.090937E+01 9.727215E-01
1.225114E+01 -1.169197E+01 1.042444E+00
1.253708E+01 -1.253067E+01 1.117163E+00
1.282970E+01 -1.342949E+01 1.197238E+00
1.312915E+01 -1.439276E+01 1.283052E+00
1.343558E+01 -1.542509E+01 1.375016E+00
1.374917E+01 -1.653143E+01 1.473571E+00
1.407008E+01 -1.771708E+01 1.579190E+00
1.439848E+01 -1.898772E+01 1.692378E+00
1.473454E+01 -2.034946E+01 1.813678E+00
1.507845E+01 -2.180882E+01 1.943672E+00
1.543038E+01 -2.337279E+01 2.082983E+00
1.579053E+01 -2.504888E+01 2.232278E+00
1.615909E+01 -2.684512E+01 2.392273E+00
1.653624E+01 -2.877012E+01 2.563735E+00
1.692220E+01 -3.083311E+01 2.747485E+00
1.731717E+01 -3.304398E+01 2.944405E+00
1.772136E+01 -3.541333E+01 3.155438E+00
1.813498E+01 -3.795252E+01 3.381595E+00
1.855825E+01 -4.067373E+01 3.623961E+00
1.899141E+01 -4.358999E+01 3.883696E+00
1.943467E+01 -4.671529E+01 4.162047E+00
1.988828E+01 -5.006460E+01 4.460347E+00
2.035248E+01 -5.365400E+01 4.780026E+00
2.082751E+01 -5.750067E+01 5.122616E+00
2.131362E+01 -6.162307E+01 5.489759E+00
2.181109E+01 -6.604096E+01 5.883214E+00
2.232016E+01 -7.077550E+01 6.304868E+00
2.284112E+01 -7.584940E+01 6.756741E+00
2.337424E+01 -8.128698E+01 7.241000E+00
2.391980E+01 -8.711431E+01 7.759964E+00
2.447809E+01 -9.335932E+01 8.316122E+00
2.504942E+01 -1.000519E+02 8.912139E+00
2.563407E+01 -1.072242E+02 9.550872E+00
2.623238E+01 -1.149106E+02 1.023538E+01
2.684465E+01 -1.231479E+02 1.096895E+01
2.747121E+01 -1.319756E+02 1.175509E+01
2.811239E+01 -1.414361E+02 1.259757E+01
2.876854E+01 -1.515745E+02 1.350043E+01
2.944000E+01 -1.624397E+02 1.446800E+01
3.012714E+01 -1.740836E+02 1.550491E+01
3.083031E+01 -1.865620E+02 1.661614E+01
3.154990E+01 -1.999348E+02 1.780700E+01
3.228628E+01 -2.142661E+02 1.908321E+01
3.303985E+01 -2.296245E+02 2.045089E+01
3.381101E+01 -2.460837E+02 2.191658E+01
3.460016E+01 -2.637225E+02 2.348732E+01
3.540774E+01 -2.826256E+02 2.517063E+01
3.623416E+01 -3.028835E+02 2.697458E+01
3.707988E+01 -3.245932E+02 2.890781E+01
3.794533E+01 -3.478590E+02 3.097960E+01
3.883098E+01 -3.727922E+02 3.319986E+01
3.973730E+01 -3.995125E+02 3.557925E+01
4.066478E+01 -4.281477E+02 3.812916E+01
4.161391E+01 -4.588353E+02 4.086182E+01
4.258518E+01 -4.917223E+02 4.379033E+01
4.357913E+01 -5.269663E+02 4.692871E+01
4.459628E+01 -5.647363E+02 5.029202E+01
4.563716E+01 -6.052132E+02 5.389637E+01
4.670234E+01 -6.485912E+02 5.775903E+01
4.779239E+01 -6.950780E+02 6.189852E+01
4.890787E+01 -7.448966E+02 6.633468E+01
5.004939E+01 -7.982856E+02 7.108877E+01
5.121755E+01 -8.555010E+02 7.618358E+01
5.241298E+01 -9.168170E+02 8.164352E+01
5.363631E+01 -9.825275E+02 8.749476E+01
5.488820E+01 -1.052947E+03 9.376534E+01
5.616930E+01 -1.128414E+03 1.004853E+02
5.748030E+01 -1.209290E+03 1.076869E+02
5.882190E+01 -1.295962E+03 1.154046E+02
6.019482E+01 -1.388845E+03 1.236755E+02
6.159978E+01 -1.488386E+03 1.325390E+02
6.303753E+01 -1.595060E+03 1.420379E+02
6.450884E+01 -1.709380E+03 1.522174E+02
6.601449E+01 -1.831893E+03 1.631265E+02
6.755528E+01 -1.963186E+03 1.748175E+02
6.913204E+01 -2.103889E+03 1.873463E+02
7.074559E+01 -2.254675E+03 2.007730E+02
7.239681E+01 -2.416269E+03 2.151620E+02
7.408657E+01 -2.589444E+03 2.305822E+02
7.581576E+01 -2.775030E+03 2.471076E+02
7.758532E+01 -2.973916E+03 2.648173E+02
7.939618E+01 -3.187057E+03 2.837962E+02
8.124930E+01 -3.415473E+03 3.041352E+02
8.314568E+01 -3.660259E+03 3.259320E+02
8.508632E+01 -3.922589E+03 3.492908E+02
8.707225E+01 -4.203719E+03 3.743237E+02
8.910453E+01 -4.504998E+03 4.011507E+02
9.118425E+01 -4.827868E+03 4.299003E+02
9.331251E+01 -5.173880E+03 4.607104E+02
9.549045E+01 -5.544681E+03 4.937279E+02
9.771921E+01 -5.942092E+03 5.291147E+02
1.000000E+02 -6.367854E+03 5.670261E+02
