# He3 + n > t + p   [He3_n__t_p]   ref=Descouvemont et al. 2004
# detailed balance: alpha=1.00178 beta=0 gamma=-8.863  Q=0.763754
# T9                 rate                error
1.000000e-03   6.799300e+08   1.013400e+00
1.018629e-03   6.798473e+08   1.013409e+00
1.037605e-03   6.797636e+08   1.013418e+00
1.056935e-03   6.796790e+08   1.013425e+00
1.076624e-03   6.795933e+08   1.013432e+00
1.096681e-03   6.795066e+08   1.013437e+00
1.117111e-03   6.794189e+08   1.013442e+00
1.137921e-03   6.793302e+08   1.013446e+00
1.159120e-03   6.792404e+08   1.013450e+00
1.180713e-03   6.791496e+08   1.013452e+00
1.202708e-03   6.790577e+08   1.013454e+00
1.225114e-03   6.789648e+08   1.013455e+00
1.247936e-03   6.788707e+08   1.013456e+00
1.271184e-03   6.787755e+08   1.013455e+00
1.294865e-03   6.786792e+08   1.013454e+00
1.318987e-03   6.785818e+08   1.013453e+00
1.343558e-03   6.784833e+08   1.013451e+00
1.368587e-03   6.783836e+08   1.013448e+00
1.394083e-03   6.782827e+08   1.013445e+00
1.420053e-03   6.781807e+08   1.013441e+00
1.446507e-03   6.780775e+08   1.013437e+00
1.473454e-03   6.779730e+08   1.013432e+00
1.500903e-03   6.778674e+08   1.013426e+00
1.528864e-03   6.777606e+08   1.013421e+00
1.557345e-03   6.776525e+08   1.013414e+00
1.586357e-03   6.775431e+08   1.013408e+00
1.615909e-03   6.774326e+08   1.013401e+00
1.646012e-03   6.773207e+08   1.013394e+00
1.676675e-03   6.772076e+08   1.013386e+00
1.707910e-03   6.770931e+08   1.013378e+00
1.739726e-03   6.769774e+08   1.013370e+00
1.772136e-03   6.768604e+08   1.013361e+00
1.805149e-03   6.767420e+08   1.013352e+00
1.838777e-03   6.766223e+08   1.013343e+00
1.873032e-03   6.765012e+08   1.013334e+00
1.907924e-03   6.763788e+08   1.013325e+00
1.943467e-03   6.762550e+08   1.013315e+00
1.979672e-03   6.761299e+08   1.013305e+00
2.016551e-03   6.760033e+08   1.013296e+00
2.054117e-03   6.758753e+08   1.013286e+00
2.092383e-03   6.757460e+08   1.013276e+00
2.131362e-03   6.756151e+08   1.013266e+00
2.171068e-03   6.754829e+08   1.013256e+00
2.211512e-03   6.753492e+08   1.013246e+00
2.252711e-03   6.752140e+08   1.013236e+00
2.294676e-03   6.750774e+08   1.013226e+00
2.337424e-03   6.749392e+08   1.013216e+00
2.380968e-03   6.747996e+08   1.013206e+00
2.425323e-03   6.746585e+08   1.013196e+00
2.470504e-03   6.745158e+08   1.013187e+00
2.516527e-03   6.743716e+08   1.013177e+00
2.563407e-03   6.742259e+08   1.013168e+00
2.611161e-03   6.740786e+08   1.013159e+00
2.659804e-03   6.739298e+08   1.013150e+00
2.709354e-03   6.737793e+08   1.013142e+00
2.759826e-03   6.736273e+08   1.013133e+00
2.811239e-03   6.734737e+08   1.013126e+00
2.863610e-03   6.733185e+08   1.013118e+00
2.916956e-03   6.731617e+08   1.013110e+00
2.971296e-03   6.730032e+08   1.013103e+00
3.026648e-03   6.728431e+08   1.013097e+00
3.083031e-03   6.726813e+08   1.013091e+00
3.140465e-03   6.725179e+08   1.013085e+00
3.198969e-03   6.723528e+08   1.013079e+00
3.258562e-03   6.721861e+08   1.013073e+00
3.319266e-03   6.720177e+08   1.013068e+00
3.381101e-03   6.718476e+08   1.013062e+00
3.444087e-03   6.716758e+08   1.013057e+00
3.508247e-03   6.715023e+08   1.013051e+00
3.573602e-03   6.713271e+08   1.013045e+00
3.640175e-03   6.711502e+08   1.013039e+00
3.707988e-03   6.709716e+08   1.013032e+00
3.777064e-03   6.707913e+08   1.013025e+00
3.847427e-03   6.706092e+08   1.013018e+00
3.919100e-03   6.704255e+08   1.013010e+00
3.992109e-03   6.702399e+08   1.013001e+00
4.066478e-03   6.700527e+08   1.012992e+00
4.142232e-03   6.698637e+08   1.012982e+00
4.219398e-03   6.696729e+08   1.012972e+00
4.298001e-03   6.694803e+08   1.012961e+00
4.378069e-03   6.692858e+08   1.012951e+00
4.459628e-03   6.690895e+08   1.012941e+00
4.542706e-03   6.688913e+08   1.012932e+00
4.627332e-03   6.686912e+08   1.012923e+00
4.713535e-03   6.684891e+08   1.012916e+00
4.801343e-03   6.682851e+08   1.012909e+00
4.890787e-03   6.680791e+08   1.012904e+00
4.981898e-03   6.678711e+08   1.012900e+00
5.074705e-03   6.676611e+08   1.012899e+00
5.169242e-03   6.674490e+08   1.012898e+00
5.265540e-03   6.672349e+08   1.012899e+00
5.363631e-03   6.670187e+08   1.012901e+00
5.463550e-03   6.668004e+08   1.012903e+00
5.565331e-03   6.665800e+08   1.012904e+00
5.669007e-03   6.663575e+08   1.012905e+00
5.774615e-03   6.661328e+08   1.012905e+00
5.882190e-03   6.659060e+08   1.012904e+00
5.991770e-03   6.656771e+08   1.012900e+00
6.103390e-03   6.654460e+08   1.012895e+00
6.217090e-03   6.652127e+08   1.012887e+00
6.332908e-03   6.649772e+08   1.012878e+00
6.450884e-03   6.647395e+08   1.012866e+00
6.571058e-03   6.644995e+08   1.012854e+00
6.693470e-03   6.642573e+08   1.012839e+00
6.818162e-03   6.640127e+08   1.012824e+00
6.945178e-03   6.637659e+08   1.012807e+00
7.074559e-03   6.635167e+08   1.012790e+00
7.206351e-03   6.632651e+08   1.012772e+00
7.340598e-03   6.630113e+08   1.012755e+00
7.477346e-03   6.627553e+08   1.012739e+00
7.616642e-03   6.624971e+08   1.012724e+00
7.758532e-03   6.622368e+08   1.012712e+00
7.903066e-03   6.619744e+08   1.012704e+00
8.050292e-03   6.617100e+08   1.012699e+00
8.200261e-03   6.614435e+08   1.012698e+00
8.353023e-03   6.611748e+08   1.012700e+00
8.508632e-03   6.609034e+08   1.012702e+00
8.667139e-03   6.606293e+08   1.012704e+00
8.828599e-03   6.603522e+08   1.012704e+00
8.993067e-03   6.600718e+08   1.012700e+00
9.160598e-03   6.597879e+08   1.012692e+00
9.331251e-03   6.595009e+08   1.012678e+00
9.505083e-03   6.592108e+08   1.012661e+00
9.682153e-03   6.589180e+08   1.012641e+00
9.862522e-03   6.586228e+08   1.012618e+00
1.004625e-02   6.583255e+08   1.012594e+00
1.023340e-02   6.580261e+08   1.012568e+00
1.042404e-02   6.577244e+08   1.012544e+00
1.061823e-02   6.574202e+08   1.012523e+00
1.081604e-02   6.571132e+08   1.012508e+00
1.101753e-02   6.568031e+08   1.012500e+00
1.122277e-02   6.564899e+08   1.012500e+00
1.143184e-02   6.561736e+08   1.012504e+00
1.164481e-02   6.558546e+08   1.012507e+00
1.186174e-02   6.555330e+08   1.012506e+00
1.208271e-02   6.552093e+08   1.012494e+00
1.230780e-02   6.548832e+08   1.012473e+00
1.253708e-02   6.545546e+08   1.012446e+00
1.277063e-02   6.542230e+08   1.012420e+00
1.300854e-02   6.538880e+08   1.012399e+00
1.325087e-02   6.535494e+08   1.012390e+00
1.349772e-02   6.532073e+08   1.012388e+00
1.374917e-02   6.528617e+08   1.012393e+00
1.400531e-02   6.525128e+08   1.012400e+00
1.426621e-02   6.521608e+08   1.012408e+00
1.453198e-02   6.518058e+08   1.012412e+00
1.480269e-02   6.514481e+08   1.012409e+00
1.507845e-02   6.510880e+08   1.012395e+00
1.535935e-02   6.507253e+08   1.012370e+00
1.564548e-02   6.503594e+08   1.012339e+00
1.593694e-02   6.499897e+08   1.012307e+00
1.623382e-02   6.496155e+08   1.012278e+00
1.653624e-02   6.492370e+08   1.012254e+00
1.684430e-02   6.488543e+08   1.012235e+00
1.715809e-02   6.484680e+08   1.012220e+00
1.747773e-02   6.480781e+08   1.012209e+00
1.780332e-02   6.476852e+08   1.012202e+00
1.813498e-02   6.472895e+08   1.012199e+00
1.847281e-02   6.468911e+08   1.012199e+00
1.881694e-02   6.464897e+08   1.012200e+00
1.916748e-02   6.460852e+08   1.012202e+00
1.952456e-02   6.456773e+08   1.012203e+00
1.988828e-02   6.452657e+08   1.012201e+00
2.025878e-02   6.448502e+08   1.012196e+00
2.063618e-02   6.444308e+08   1.012187e+00
2.102061e-02   6.440075e+08   1.012175e+00
2.141220e-02   6.435802e+08   1.012160e+00
2.181109e-02   6.431490e+08   1.012143e+00
2.221741e-02   6.427139e+08   1.012124e+00
2.263130e-02   6.422749e+08   1.012104e+00
2.305289e-02   6.418319e+08   1.012084e+00
2.348235e-02   6.413851e+08   1.012063e+00
2.391980e-02   6.409344e+08   1.012043e+00
2.436540e-02   6.404797e+08   1.012024e+00
2.481930e-02   6.400213e+08   1.012006e+00
2.528166e-02   6.395589e+08   1.011991e+00
2.575263e-02   6.390926e+08   1.011977e+00
2.623238e-02   6.386224e+08   1.011966e+00
2.672106e-02   6.381482e+08   1.011955e+00
2.721885e-02   6.376700e+08   1.011946e+00
2.772591e-02   6.371876e+08   1.011937e+00
2.824241e-02   6.367011e+08   1.011929e+00
2.876854e-02   6.362103e+08   1.011920e+00
2.930447e-02   6.357153e+08   1.011912e+00
2.985038e-02   6.352160e+08   1.011903e+00
3.040646e-02   6.347123e+08   1.011892e+00
3.097291e-02   6.342043e+08   1.011881e+00
3.154990e-02   6.336918e+08   1.011869e+00
3.213764e-02   6.331749e+08   1.011857e+00
3.273634e-02   6.326535e+08   1.011844e+00
3.334618e-02   6.321276e+08   1.011830e+00
3.396739e-02   6.315973e+08   1.011816e+00
3.460016e-02   6.310624e+08   1.011802e+00
3.524473e-02   6.305229e+08   1.011788e+00
3.590130e-02   6.299789e+08   1.011774e+00
3.657011e-02   6.294304e+08   1.011760e+00
3.725137e-02   6.288772e+08   1.011746e+00
3.794533e-02   6.283194e+08   1.011733e+00
3.865221e-02   6.277569e+08   1.011721e+00
3.937226e-02   6.271898e+08   1.011709e+00
4.010573e-02   6.266179e+08   1.011699e+00
4.085286e-02   6.260414e+08   1.011689e+00
4.161391e-02   6.254601e+08   1.011680e+00
4.238913e-02   6.248740e+08   1.011671e+00
4.317880e-02   6.242831e+08   1.011664e+00
4.398317e-02   6.236873e+08   1.011656e+00
4.480254e-02   6.230865e+08   1.011649e+00
4.563716e-02   6.224808e+08   1.011641e+00
4.648734e-02   6.218701e+08   1.011634e+00
4.735335e-02   6.212543e+08   1.011626e+00
4.823549e-02   6.206334e+08   1.011618e+00
4.913407e-02   6.200073e+08   1.011609e+00
5.004939e-02   6.193761e+08   1.011599e+00
5.098176e-02   6.187397e+08   1.011589e+00
5.193150e-02   6.180980e+08   1.011578e+00
5.289893e-02   6.174512e+08   1.011566e+00
5.388438e-02   6.167992e+08   1.011555e+00
5.488820e-02   6.161420e+08   1.011543e+00
5.591071e-02   6.154798e+08   1.011533e+00
5.695227e-02   6.148124e+08   1.011522e+00
5.801323e-02   6.141399e+08   1.011513e+00
5.909396e-02   6.134624e+08   1.011505e+00
6.019482e-02   6.127797e+08   1.011499e+00
6.131619e-02   6.120921e+08   1.011494e+00
6.245845e-02   6.113993e+08   1.011491e+00
6.362198e-02   6.107012e+08   1.011490e+00
6.480720e-02   6.099977e+08   1.011490e+00
6.601449e-02   6.092888e+08   1.011491e+00
6.724427e-02   6.085744e+08   1.011493e+00
6.849697e-02   6.078542e+08   1.011496e+00
6.977300e-02   6.071283e+08   1.011499e+00
7.107280e-02   6.063966e+08   1.011503e+00
7.239681e-02   6.056591e+08   1.011508e+00
7.374549e-02   6.049158e+08   1.011511e+00
7.511929e-02   6.041667e+08   1.011513e+00
7.651869e-02   6.034121e+08   1.011513e+00
7.794416e-02   6.026518e+08   1.011510e+00
7.939618e-02   6.018859e+08   1.011504e+00
8.087525e-02   6.011146e+08   1.011493e+00
8.238187e-02   6.003379e+08   1.011479e+00
8.391656e-02   5.995556e+08   1.011463e+00
8.547985e-02   5.987679e+08   1.011445e+00
8.707225e-02   5.979748e+08   1.011427e+00
8.869432e-02   5.971762e+08   1.011411e+00
9.034660e-02   5.963721e+08   1.011397e+00
9.202967e-02   5.955626e+08   1.011387e+00
9.374409e-02   5.947475e+08   1.011381e+00
9.549045e-02   5.939268e+08   1.011380e+00
9.726934e-02   5.931004e+08   1.011384e+00
9.908137e-02   5.922683e+08   1.011393e+00
1.009272e-01   5.914303e+08   1.011408e+00
1.028073e-01   5.905865e+08   1.011429e+00
1.047225e-01   5.897373e+08   1.011451e+00
1.066734e-01   5.888827e+08   1.011473e+00
1.086606e-01   5.880232e+08   1.011491e+00
1.106848e-01   5.871588e+08   1.011503e+00
1.127468e-01   5.862896e+08   1.011508e+00
1.148472e-01   5.854150e+08   1.011508e+00
1.169866e-01   5.845344e+08   1.011505e+00
1.191660e-01   5.836471e+08   1.011501e+00
1.213859e-01   5.827527e+08   1.011499e+00
1.236472e-01   5.818516e+08   1.011498e+00
1.259506e-01   5.809448e+08   1.011499e+00
1.282970e-01   5.800334e+08   1.011499e+00
1.306870e-01   5.791184e+08   1.011500e+00
1.331216e-01   5.782002e+08   1.011500e+00
1.356015e-01   5.772779e+08   1.011500e+00
1.381276e-01   5.763504e+08   1.011500e+00
1.407008e-01   5.754168e+08   1.011500e+00
1.433219e-01   5.744764e+08   1.011501e+00
1.459919e-01   5.735298e+08   1.011501e+00
1.487115e-01   5.725772e+08   1.011501e+00
1.514819e-01   5.716190e+08   1.011499e+00
1.543038e-01   5.706557e+08   1.011496e+00
1.571784e-01   5.696876e+08   1.011496e+00
1.601064e-01   5.687149e+08   1.011500e+00
1.630891e-01   5.677378e+08   1.011511e+00
1.661273e-01   5.667565e+08   1.011527e+00
1.692220e-01   5.657707e+08   1.011546e+00
1.723745e-01   5.647804e+08   1.011565e+00
1.755856e-01   5.637856e+08   1.011583e+00
1.788566e-01   5.627861e+08   1.011597e+00
1.821885e-01   5.617820e+08   1.011604e+00
1.855825e-01   5.607733e+08   1.011606e+00
1.890397e-01   5.597600e+08   1.011605e+00
1.925614e-01   5.587425e+08   1.011602e+00
1.961486e-01   5.577207e+08   1.011599e+00
1.998026e-01   5.566950e+08   1.011600e+00
2.035248e-01   5.556653e+08   1.011605e+00
2.073162e-01   5.546319e+08   1.011614e+00
2.111783e-01   5.535949e+08   1.011626e+00
2.151123e-01   5.525544e+08   1.011642e+00
2.191197e-01   5.515106e+08   1.011660e+00
2.232016e-01   5.504636e+08   1.011680e+00
2.273597e-01   5.494136e+08   1.011701e+00
2.315951e-01   5.483606e+08   1.011722e+00
2.359095e-01   5.473048e+08   1.011743e+00
2.403043e-01   5.462464e+08   1.011763e+00
2.447809e-01   5.451855e+08   1.011782e+00
2.493409e-01   5.441223e+08   1.011798e+00
2.539859e-01   5.430567e+08   1.011812e+00
2.587174e-01   5.419892e+08   1.011823e+00
2.635371e-01   5.409198e+08   1.011832e+00
2.684465e-01   5.398489e+08   1.011840e+00
2.734474e-01   5.387766e+08   1.011848e+00
2.785414e-01   5.377031e+08   1.011856e+00
2.837304e-01   5.366288e+08   1.011864e+00
2.890160e-01   5.355538e+08   1.011874e+00
2.944000e-01   5.344782e+08   1.011886e+00
2.998844e-01   5.334025e+08   1.011900e+00
3.054710e-01   5.323267e+08   1.011917e+00
3.111616e-01   5.312512e+08   1.011937e+00
3.169582e-01   5.301764e+08   1.011959e+00
3.228628e-01   5.291027e+08   1.011983e+00
3.288774e-01   5.280305e+08   1.012008e+00
3.350041e-01   5.269601e+08   1.012035e+00
3.412449e-01   5.258919e+08   1.012062e+00
3.476019e-01   5.248262e+08   1.012090e+00
3.540774e-01   5.237635e+08   1.012117e+00
3.606735e-01   5.227040e+08   1.012144e+00
3.673925e-01   5.216482e+08   1.012171e+00
3.742366e-01   5.205962e+08   1.012199e+00
3.812083e-01   5.195486e+08   1.012226e+00
3.883098e-01   5.185056e+08   1.012254e+00
3.955436e-01   5.174675e+08   1.012282e+00
4.029122e-01   5.164347e+08   1.012312e+00
4.104181e-01   5.154077e+08   1.012342e+00
4.180637e-01   5.143869e+08   1.012372e+00
4.258518e-01   5.133730e+08   1.012404e+00
4.337850e-01   5.123666e+08   1.012436e+00
4.418660e-01   5.113682e+08   1.012468e+00
4.500975e-01   5.103784e+08   1.012500e+00
4.584824e-01   5.093978e+08   1.012533e+00
4.670234e-01   5.084269e+08   1.012567e+00
4.757236e-01   5.074662e+08   1.012601e+00
4.845859e-01   5.065161e+08   1.012636e+00
4.936132e-01   5.055772e+08   1.012673e+00
5.028087e-01   5.046498e+08   1.012712e+00
5.121755e-01   5.037346e+08   1.012753e+00
5.217169e-01   5.028322e+08   1.012796e+00
5.314359e-01   5.019433e+08   1.012842e+00
5.413360e-01   5.010684e+08   1.012889e+00
5.514206e-01   5.002083e+08   1.012939e+00
5.616930e-01   4.993637e+08   1.012992e+00
5.721568e-01   4.985350e+08   1.013047e+00
5.828155e-01   4.977230e+08   1.013104e+00
5.936727e-01   4.969284e+08   1.013164e+00
6.047322e-01   4.961516e+08   1.013227e+00
6.159978e-01   4.953934e+08   1.013292e+00
6.274732e-01   4.946542e+08   1.013360e+00
6.391624e-01   4.939345e+08   1.013430e+00
6.510694e-01   4.932347e+08   1.013502e+00
6.631981e-01   4.925554e+08   1.013576e+00
6.755528e-01   4.918971e+08   1.013651e+00
6.881377e-01   4.912602e+08   1.013728e+00
7.009570e-01   4.906452e+08   1.013806e+00
7.140151e-01   4.900527e+08   1.013885e+00
7.273165e-01   4.894833e+08   1.013965e+00
7.408657e-01   4.889378e+08   1.014046e+00
7.546673e-01   4.884169e+08   1.014129e+00
7.687260e-01   4.879212e+08   1.014213e+00
7.830465e-01   4.874515e+08   1.014299e+00
7.976339e-01   4.870085e+08   1.014386e+00
8.124930e-01   4.865930e+08   1.014475e+00
8.276289e-01   4.862051e+08   1.014565e+00
8.430468e-01   4.858453e+08   1.014657e+00
8.587519e-01   4.855138e+08   1.014752e+00
8.747496e-01   4.852107e+08   1.014848e+00
8.910453e-01   4.849365e+08   1.014946e+00
9.076446e-01   4.846913e+08   1.015046e+00
9.245531e-01   4.844755e+08   1.015149e+00
9.417766e-01   4.842898e+08   1.015253e+00
9.593209e-01   4.841346e+08   1.015358e+00
9.771921e-01   4.840105e+08   1.015465e+00
9.953962e-01   4.839181e+08   1.015573e+00
1.013939e+00   4.838579e+08   1.015681e+00
1.032828e+00   4.838303e+08   1.015790e+00
1.052069e+00   4.838356e+08   1.015900e+00
1.071668e+00   4.838741e+08   1.016009e+00
1.091632e+00   4.839461e+08   1.016118e+00
1.111968e+00   4.840518e+08   1.016228e+00
1.132683e+00   4.841917e+08   1.016336e+00
1.153783e+00   4.843661e+08   1.016444e+00
1.175277e+00   4.845752e+08   1.016551e+00
1.197171e+00   4.848194e+08   1.016657e+00
1.219473e+00   4.850991e+08   1.016762e+00
1.242191e+00   4.854147e+08   1.016865e+00
1.265332e+00   4.857664e+08   1.016967e+00
1.288904e+00   4.861547e+08   1.017067e+00
1.312915e+00   4.865799e+08   1.017167e+00
1.337373e+00   4.870424e+08   1.017266e+00
1.362287e+00   4.875427e+08   1.017365e+00
1.387665e+00   4.880810e+08   1.017464e+00
1.413516e+00   4.886578e+08   1.017565e+00
1.439848e+00   4.892736e+08   1.017667e+00
1.466671e+00   4.899287e+08   1.017770e+00
1.493993e+00   4.906236e+08   1.017877e+00
1.521825e+00   4.913588e+08   1.017985e+00
1.550175e+00   4.921345e+08   1.018096e+00
1.579053e+00   4.929511e+08   1.018208e+00
1.608469e+00   4.938088e+08   1.018320e+00
1.638434e+00   4.947079e+08   1.018430e+00
1.668956e+00   4.956489e+08   1.018539e+00
1.700047e+00   4.966319e+08   1.018644e+00
1.731717e+00   4.976574e+08   1.018745e+00
1.763977e+00   4.987257e+08   1.018840e+00
1.796838e+00   4.998372e+08   1.018930e+00
1.830312e+00   5.009922e+08   1.019016e+00
1.864409e+00   5.021911e+08   1.019098e+00
1.899141e+00   5.034344e+08   1.019178e+00
1.934520e+00   5.047224e+08   1.019257e+00
1.970558e+00   5.060557e+08   1.019336e+00
2.007267e+00   5.074346e+08   1.019416e+00
2.044661e+00   5.088595e+08   1.019498e+00
2.082751e+00   5.103306e+08   1.019580e+00
2.121550e+00   5.118479e+08   1.019663e+00
2.161073e+00   5.134116e+08   1.019746e+00
2.201331e+00   5.150218e+08   1.019828e+00
2.242340e+00   5.166788e+08   1.019908e+00
2.284112e+00   5.183825e+08   1.019985e+00
2.326663e+00   5.201333e+08   1.020059e+00
2.370006e+00   5.219312e+08   1.020128e+00
2.414157e+00   5.237765e+08   1.020193e+00
2.459130e+00   5.256693e+08   1.020252e+00
2.504942e+00   5.276099e+08   1.020305e+00
2.551606e+00   5.295983e+08   1.020352e+00
2.599140e+00   5.316342e+08   1.020392e+00
2.647559e+00   5.337173e+08   1.020427e+00
2.696881e+00   5.358470e+08   1.020458e+00
2.747121e+00   5.380231e+08   1.020485e+00
2.798297e+00   5.402451e+08   1.020511e+00
2.850426e+00   5.425126e+08   1.020534e+00
2.903527e+00   5.448252e+08   1.020558e+00
2.957617e+00   5.471825e+08   1.020581e+00
3.012714e+00   5.495842e+08   1.020606e+00
3.068838e+00   5.520295e+08   1.020632e+00
3.126007e+00   5.545179e+08   1.020659e+00
3.184242e+00   5.570484e+08   1.020687e+00
3.243561e+00   5.596202e+08   1.020714e+00
3.303985e+00   5.622325e+08   1.020739e+00
3.365535e+00   5.648843e+08   1.020762e+00
3.428231e+00   5.675749e+08   1.020782e+00
3.492096e+00   5.703033e+08   1.020798e+00
3.557150e+00   5.730684e+08   1.020810e+00
3.623416e+00   5.758692e+08   1.020818e+00
3.690917e+00   5.787041e+08   1.020821e+00
3.759675e+00   5.815719e+08   1.020821e+00
3.829714e+00   5.844711e+08   1.020818e+00
3.901058e+00   5.874001e+08   1.020812e+00
3.973730e+00   5.903576e+08   1.020803e+00
4.047757e+00   5.933420e+08   1.020793e+00
4.123163e+00   5.963516e+08   1.020781e+00
4.199973e+00   5.993847e+08   1.020768e+00
4.278214e+00   6.024393e+08   1.020753e+00
4.357913e+00   6.055136e+08   1.020737e+00
4.439097e+00   6.086058e+08   1.020720e+00
4.521792e+00   6.117137e+08   1.020702e+00
4.606029e+00   6.148355e+08   1.020684e+00
4.691835e+00   6.179691e+08   1.020665e+00
4.779239e+00   6.211124e+08   1.020646e+00
4.868271e+00   6.242633e+08   1.020627e+00
4.958962e+00   6.274195e+08   1.020608e+00
5.051342e+00   6.305790e+08   1.020590e+00
5.145444e+00   6.337394e+08   1.020572e+00
5.241298e+00   6.368985e+08   1.020554e+00
5.338938e+00   6.400540e+08   1.020535e+00
5.438397e+00   6.432034e+08   1.020517e+00
5.539709e+00   6.463444e+08   1.020497e+00
5.642908e+00   6.494745e+08   1.020477e+00
5.748030e+00   6.525913e+08   1.020456e+00
5.855110e+00   6.556922e+08   1.020433e+00
5.964185e+00   6.587746e+08   1.020408e+00
6.075292e+00   6.618359e+08   1.020382e+00
6.188468e+00   6.648738e+08   1.020354e+00
6.303753e+00   6.678859e+08   1.020326e+00
6.421186e+00   6.708699e+08   1.020298e+00
6.540806e+00   6.738235e+08   1.020272e+00
6.662655e+00   6.767442e+08   1.020247e+00
6.786773e+00   6.796297e+08   1.020226e+00
6.913204e+00   6.824775e+08   1.020209e+00
7.041990e+00   6.852852e+08   1.020197e+00
7.173175e+00   6.880504e+08   1.020189e+00
7.306804e+00   6.907709e+08   1.020186e+00
7.442922e+00   6.934447e+08   1.020186e+00
7.581576e+00   6.960695e+08   1.020189e+00
7.722814e+00   6.986432e+08   1.020193e+00
7.866682e+00   7.011635e+08   1.020197e+00
8.013230e+00   7.036283e+08   1.020200e+00
8.162509e+00   7.060355e+08   1.020203e+00
8.314568e+00   7.083832e+08   1.020204e+00
8.469460e+00   7.106695e+08   1.020204e+00
8.627237e+00   7.128928e+08   1.020203e+00
8.787954e+00   7.150511e+08   1.020202e+00
8.951665e+00   7.171426e+08   1.020200e+00
9.118425e+00   7.191656e+08   1.020199e+00
9.288292e+00   7.211183e+08   1.020198e+00
9.461324e+00   7.229988e+08   1.020197e+00
9.637579e+00   7.248055e+08   1.020197e+00
9.817117e+00   7.265365e+08   1.020198e+00
1.000000e+01   7.281900e+08   1.020200e+00
