# t + a > Li7 + g   [t_a__Li7_g]   ref=Parthenope3.0 (Serpico et al 2004)
# Forward rate N_A<sigma v> [cm^3 mol^-1 s^-1] extracted from
# parthenope3.0.f (default PIS2020 nuclear-rate selection).
# error column = sqrt((1+drate_up)/(1+drate_lo)), the full Parthenope
# 1-sigma multiplicative envelope (statistical fp/fm + systematic floor).
# NOTE: lowest 8 T9 points (below the fit validity floor, where
#   the published polynomial extrapolates non-physically) are filled by
#   log-log extrapolation; this region is dynamically frozen for BBN.
# T9                 rate                error
1.000000e-03 1.037006e-46 5.650992e+00
1.018629e-03 1.617629e-46 5.650992e+00
1.037605e-03 2.523343e-46 5.650992e+00
1.056935e-03 3.936168e-46 5.650992e+00
1.076624e-03 6.140039e-46 5.650992e+00
1.096681e-03 9.577862e-46 5.650992e+00
1.117111e-03 1.494053e-45 5.650992e+00
1.137921e-03 2.330577e-45 5.650992e+00
1.159120e-03 3.635473e-45 5.650992e+00
1.180713e-03 5.670983e-45 5.650992e+00
1.202708e-03 8.846178e-45 5.650992e+00
1.225114e-03 1.379918e-44 5.650992e+00
1.247936e-03 2.152537e-44 5.650992e+00
1.271184e-03 3.357748e-44 5.650992e+00
1.294865e-03 5.237758e-44 5.650992e+00
1.318987e-03 8.170393e-44 5.650992e+00
1.343558e-03 1.274501e-43 5.650992e+00
1.368587e-03 1.988098e-43 5.650992e+00
1.394083e-03 3.101239e-43 5.650992e+00
1.420053e-03 4.837630e-43 5.650992e+00
1.446507e-03 7.546231e-43 5.650992e+00
1.473454e-03 1.177138e-42 5.650992e+00
1.500903e-03 1.836221e-42 5.650992e+00
1.528864e-03 2.864326e-42 5.650992e+00
1.557345e-03 4.468068e-42 5.650992e+00
1.586357e-03 6.969750e-42 5.650992e+00
1.615909e-03 1.087213e-41 5.650992e+00
1.646011e-03 1.695946e-41 5.650992e+00
1.676675e-03 2.645511e-41 5.650992e+00
1.707910e-03 4.126739e-41 5.650992e+00
1.739726e-03 6.437310e-41 5.650992e+00
1.772136e-03 1.004158e-40 5.650992e+00
1.805149e-03 1.566388e-40 5.650992e+00
1.838777e-03 2.443412e-40 5.650992e+00
1.873032e-03 3.811485e-40 5.650992e+00
1.907924e-03 5.945544e-40 5.650992e+00
1.943467e-03 9.274469e-40 5.650992e+00
1.979672e-03 1.446727e-39 5.650992e+00
2.016551e-03 2.256752e-39 5.650992e+00
2.054117e-03 3.520314e-39 5.650992e+00
2.092383e-03 5.491345e-39 5.650992e+00
2.131362e-03 8.565963e-39 5.650992e+00
2.171068e-03 1.336207e-38 5.650992e+00
2.211512e-03 2.084352e-38 5.650992e+00
2.252711e-03 3.251386e-38 5.650992e+00
2.294676e-03 5.071845e-38 5.650992e+00
2.337424e-03 7.911583e-38 5.650992e+00
2.380968e-03 1.234130e-37 5.650992e+00
2.425323e-03 1.925122e-37 5.650992e+00
2.470504e-03 3.003003e-37 5.650992e+00
2.516527e-03 4.684391e-37 5.650992e+00
2.563407e-03 7.307193e-37 5.650992e+00
2.611161e-03 1.139851e-36 5.650992e+00
2.659804e-03 1.778056e-36 5.650992e+00
2.709354e-03 2.773594e-36 5.650992e+00
2.759826e-03 4.326536e-36 5.650992e+00
2.811239e-03 6.748973e-36 5.650992e+00
2.863610e-03 1.052774e-35 5.650992e+00
2.916956e-03 1.642225e-35 5.650992e+00
2.971296e-03 2.561710e-35 5.650992e+00
3.026648e-03 3.996018e-35 5.650992e+00
3.083031e-03 6.233399e-35 5.650992e+00
3.140465e-03 9.723494e-35 5.650992e+00
3.198969e-03 1.516770e-34 5.650992e+00
3.258562e-03 2.366013e-34 5.650992e+00
3.319266e-03 3.690750e-34 5.650992e+00
3.381101e-03 5.757210e-34 5.650992e+00
3.444087e-03 8.980686e-34 5.650992e+00
3.508247e-03 1.400899e-33 5.650992e+00
3.573602e-03 2.185266e-33 5.650992e+00
3.640175e-03 3.408802e-33 5.650992e+00
3.707988e-03 5.317399e-33 5.650992e+00
3.777064e-03 8.294623e-33 5.650992e+00
3.847427e-03 1.293880e-32 5.650992e+00
3.919100e-03 2.018327e-32 5.650992e+00
3.992109e-03 3.148393e-32 5.650992e+00
4.066478e-03 4.911186e-32 5.650992e+00
4.142232e-03 7.660971e-32 5.650992e+00
4.219398e-03 1.195037e-31 5.650992e+00
4.298001e-03 1.864141e-31 5.650992e+00
4.378069e-03 2.907878e-31 5.650992e+00
4.459628e-03 4.536006e-31 5.650992e+00
4.542706e-03 7.075726e-31 5.650992e+00
4.627332e-03 1.103744e-30 5.650992e+00
4.713535e-03 1.721733e-30 5.650992e+00
4.801343e-03 2.685736e-30 5.650992e+00
4.890787e-03 4.189486e-30 5.650992e+00
4.981898e-03 6.535190e-30 5.650992e+00
5.074705e-03 1.019426e-29 5.650992e+00
5.169242e-03 1.590205e-29 5.650992e+00
5.265540e-03 2.480564e-29 5.650992e+00
5.363631e-03 3.869438e-29 5.650992e+00
5.463550e-03 6.035946e-29 5.650992e+00
5.565331e-03 9.415487e-29 5.650992e+00
5.669007e-03 1.468724e-28 5.650992e+00
5.774615e-03 2.291066e-28 5.650992e+00
5.882190e-03 3.573840e-28 5.650992e+00
5.991770e-03 5.574842e-28 5.650992e+00
6.103390e-03 8.696209e-28 5.650992e+00
6.217090e-03 1.356524e-27 5.650992e+00
6.332908e-03 2.116045e-27 5.650992e+00
6.450884e-03 3.300823e-27 5.650992e+00
6.571058e-03 5.148962e-27 5.650992e+00
6.693470e-03 8.031879e-27 5.650992e+00
6.818162e-03 1.252895e-26 5.650992e+00
6.945178e-03 1.954393e-26 5.650992e+00
7.074559e-03 3.048663e-26 5.650992e+00
7.206351e-03 4.755617e-26 5.650992e+00
7.340598e-03 7.418299e-26 5.650992e+00
7.477346e-03 1.157182e-25 5.650992e+00
7.616642e-03 1.805091e-25 5.650992e+00
7.758532e-03 2.815766e-25 5.650992e+00
7.903066e-03 4.392321e-25 5.650992e+00
8.050292e-03 6.851592e-25 5.650992e+00
8.200261e-03 1.068781e-24 5.650992e+00
8.353023e-03 1.667195e-24 5.650992e+00
8.508632e-03 2.600661e-24 5.650992e+00
8.667139e-03 4.056778e-24 5.650992e+00
8.828599e-03 6.328178e-24 5.650992e+00
8.993067e-03 9.871340e-24 5.650992e+00
9.160598e-03 1.539833e-23 5.650992e+00
9.331251e-03 2.401989e-23 5.650992e+00
9.505083e-03 3.746868e-23 5.650992e+00
9.682153e-03 5.844749e-23 5.650992e+00
9.862522e-03 9.117237e-23 5.650992e+00
1.004625e-02 1.422200e-22 5.650992e+00
1.023340e-02 2.218493e-22 5.650992e+00
1.042404e-02 3.460633e-22 5.650992e+00
1.061823e-02 5.398250e-22 5.650992e+00
1.081604e-02 8.420743e-22 5.650992e+00
1.101753e-02 1.313554e-21 5.650992e+00
1.122277e-02 2.049016e-21 5.650992e+00
1.143184e-02 3.196265e-21 5.650992e+00
1.164481e-02 4.985861e-21 5.650992e+00
1.186174e-02 7.777457e-21 5.650992e+00
1.208271e-02 1.213208e-20 5.650992e+00
1.230780e-02 1.892485e-20 5.650992e+00
1.253708e-02 2.952092e-20 5.650992e+00
1.277063e-02 4.604976e-20 5.650992e+00
1.300854e-02 7.183313e-20 5.650992e+00
1.325087e-02 1.120527e-19 5.650992e+00
1.349772e-02 1.747912e-19 5.650992e+00
1.374917e-02 2.726573e-19 5.650992e+00
1.400531e-02 4.253188e-19 5.650992e+00
1.426621e-02 6.634558e-19 5.650992e+00
1.453198e-02 1.034926e-18 5.650992e+00
1.480269e-02 1.614384e-18 5.650992e+00
1.507845e-02 2.518282e-18 5.650992e+00
1.535935e-02 3.928274e-18 5.650992e+00
1.564548e-02 6.127723e-18 5.650992e+00
1.593694e-02 9.558650e-18 5.650992e+00
1.623382e-02 1.491056e-17 5.650992e+00
1.653624e-02 2.325902e-17 5.650992e+00
1.684430e-02 3.628180e-17 5.650992e+00
1.715809e-02 5.659608e-17 5.650992e+00
1.747773e-02 8.828435e-17 5.650992e+00
1.780332e-02 1.377150e-16 5.650992e+00
1.813498e-02 2.148219e-16 5.650992e+00
1.847281e-02 3.351013e-16 5.650992e+00
1.881694e-02 5.227252e-16 5.650992e+00
1.916748e-02 8.154004e-16 5.650992e+00
1.952456e-02 1.271945e-15 5.650992e+00
1.988828e-02 1.984110e-15 5.650992e+00
2.025878e-02 3.095018e-15 5.650992e+00
2.063618e-02 4.827927e-15 5.650992e+00
2.102061e-02 7.531094e-15 5.650992e+00
2.141220e-02 1.174777e-14 5.650992e+00
2.181109e-02 1.832538e-14 5.650992e+00
2.221741e-02 2.858580e-14 5.650992e+00
2.263130e-02 4.459106e-14 5.650992e+00
2.305289e-02 6.955771e-14 5.650992e+00
2.348235e-02 1.085032e-13 5.650992e+00
2.391980e-02 1.692545e-13 5.650992e+00
2.436540e-02 2.640204e-13 5.650992e+00
2.481930e-02 4.118461e-13 5.650992e+00
2.528166e-02 6.424398e-13 5.650992e+00
2.575263e-02 1.002143e-12 5.650992e+00
2.623238e-02 1.563246e-12 5.650992e+00
2.672106e-02 2.438511e-12 5.650992e+00
2.721885e-02 3.803839e-12 5.650992e+00
2.772591e-02 5.933618e-12 5.650992e+00
2.824241e-02 9.255866e-12 5.650992e+00
2.876854e-02 1.443825e-11 5.650992e+00
2.930447e-02 2.252226e-11 5.650992e+00
2.985038e-02 3.513252e-11 5.650992e+00
3.040646e-02 5.480331e-11 5.650992e+00
3.097291e-02 8.548781e-11 5.650992e+00
3.154990e-02 1.333526e-10 5.650992e+00
3.213764e-02 2.080171e-10 5.650992e+00
3.273634e-02 3.244864e-10 5.650992e+00
3.334618e-02 5.061671e-10 5.650992e+00
3.396739e-02 7.895713e-10 5.650992e+00
3.460016e-02 1.231654e-09 5.650992e+00
3.524473e-02 1.921260e-09 5.650992e+00
3.590130e-02 2.996979e-09 5.650992e+00
3.657011e-02 4.674995e-09 5.650992e+00
3.725137e-02 7.292535e-09 5.650992e+00
3.794533e-02 1.137564e-08 5.650992e+00
3.865221e-02 1.774489e-08 5.650992e+00
3.937226e-02 2.768030e-08 5.650992e+00
4.010573e-02 4.317857e-08 5.650992e+00
4.085286e-02 6.735436e-08 5.650992e+00
4.161391e-02 1.050662e-07 5.650992e+00
4.238913e-02 1.638931e-07 5.650992e+00
4.317880e-02 2.556572e-07 5.650992e+00
4.398317e-02 3.988003e-07 5.650992e+00
4.480254e-02 6.220895e-07 5.650992e+00
4.563716e-02 9.703990e-07 5.650992e+00
4.648734e-02 1.513728e-06 5.650992e+00
4.735335e-02 2.361268e-06 5.650992e+00
4.823549e-02 3.683347e-06 5.650992e+00
4.913407e-02 5.745662e-06 5.650992e+00
5.004939e-02 8.962672e-06 5.650992e+00
5.098176e-02 1.398089e-05 5.650992e+00
5.193150e-02 2.180883e-05 5.650992e+00
5.289893e-02 3.401965e-05 5.650992e+00
5.388438e-02 5.306733e-05 5.650992e+00
5.488820e-02 8.277986e-05 5.650992e+00
5.591071e-02 1.291285e-04 5.650992e+00
5.695227e-02 2.014279e-04 5.650992e+00
5.801323e-02 3.142078e-04 5.650992e+00
5.909396e-02 4.901335e-04 5.650992e+00
6.019482e-02 7.645605e-04 5.650992e+00
6.131619e-02 1.192640e-03 5.650992e+00
6.245845e-02 1.860402e-03 2.224463e+00
6.362198e-02 2.661920e-03 1.719134e+00
6.480720e-02 3.602714e-03 1.496847e+00
6.601449e-02 4.689115e-03 1.372611e+00
6.724427e-02 5.928340e-03 1.296650e+00
6.849697e-02 7.328570e-03 1.249880e+00
6.977300e-02 8.899035e-03 1.222410e+00
7.107280e-02 1.065011e-02 1.206845e+00
7.239681e-02 1.259339e-02 1.197813e+00
7.374549e-02 1.474182e-02 1.192255e+00
7.511929e-02 1.710979e-02 1.188627e+00
7.651869e-02 1.971324e-02 1.186149e+00
7.794416e-02 2.256979e-02 1.184399e+00
7.939618e-02 2.569887e-02 1.183134e+00
8.087525e-02 2.912186e-02 1.182204e+00
8.238187e-02 3.286220e-02 1.181511e+00
8.391656e-02 3.694558e-02 1.180991e+00
8.547985e-02 4.140010e-02 1.180596e+00
8.707225e-02 4.625639e-02 1.180295e+00
8.869432e-02 5.154785e-02 1.180064e+00
9.034660e-02 5.731078e-02 1.179887e+00
9.202967e-02 6.358460e-02 1.179749e+00
9.374409e-02 7.041208e-02 1.179642e+00
9.549045e-02 7.783948e-02 1.179559e+00
9.726934e-02 8.591687e-02 1.179495e+00
9.908137e-02 9.469828e-02 1.179445e+00
1.009272e-01 1.042420e-01 1.179407e+00
1.028073e-01 1.146109e-01 1.179379e+00
1.047225e-01 1.258724e-01 1.179359e+00
1.066734e-01 1.380993e-01 1.179345e+00
1.086606e-01 1.513694e-01 1.179337e+00
1.106848e-01 1.657664e-01 1.179335e+00
1.127468e-01 1.813800e-01 1.179336e+00
1.148472e-01 1.983059e-01 1.179342e+00
1.169866e-01 2.166469e-01 1.179351e+00
1.191660e-01 2.365123e-01 1.179363e+00
1.213859e-01 2.580193e-01 1.179379e+00
1.236472e-01 2.812924e-01 1.179397e+00
1.259506e-01 3.064645e-01 1.179417e+00
1.282970e-01 3.336773e-01 1.179440e+00
1.306870e-01 3.630810e-01 1.179465e+00
1.331216e-01 3.948356e-01 1.179492e+00
1.356015e-01 4.291109e-01 1.179522e+00
1.381276e-01 4.660872e-01 1.179553e+00
1.407008e-01 5.059556e-01 1.179585e+00
1.433219e-01 5.489184e-01 1.179620e+00
1.459919e-01 5.951900e-01 1.179656e+00
1.487115e-01 6.449971e-01 1.179694e+00
1.514819e-01 6.985794e-01 1.179733e+00
1.543038e-01 7.561901e-01 1.179774e+00
1.571784e-01 8.180964e-01 1.179817e+00
1.601064e-01 8.845804e-01 1.179861e+00
1.630891e-01 9.559391e-01 1.179906e+00
1.661273e-01 1.032486e+00 1.179953e+00
1.692220e-01 1.114550e+00 1.180002e+00
1.723745e-01 1.202477e+00 1.180052e+00
1.755856e-01 1.296634e+00 1.180103e+00
1.788566e-01 1.397401e+00 1.180156e+00
1.821885e-01 1.505182e+00 1.180210e+00
1.855825e-01 1.620398e+00 1.180266e+00
1.890397e-01 1.743491e+00 1.180324e+00
1.925614e-01 1.874924e+00 1.180383e+00
1.961486e-01 2.015182e+00 1.180443e+00
1.998026e-01 2.164774e+00 1.180506e+00
2.035248e-01 2.324229e+00 1.180569e+00
2.073162e-01 2.494102e+00 1.180634e+00
2.111783e-01 2.674974e+00 1.180701e+00
2.151123e-01 2.867448e+00 1.180770e+00
2.191197e-01 3.072156e+00 1.180839e+00
2.232016e-01 3.289755e+00 1.180911e+00
2.273597e-01 3.520931e+00 1.180984e+00
2.315951e-01 3.766397e+00 1.181059e+00
2.359095e-01 4.026894e+00 1.181135e+00
2.403043e-01 4.303196e+00 1.181212e+00
2.447809e-01 4.596104e+00 1.181292e+00
2.493409e-01 4.906451e+00 1.181373e+00
2.539859e-01 5.235102e+00 1.181455e+00
2.587174e-01 5.582954e+00 1.181539e+00
2.635371e-01 5.950937e+00 1.181624e+00
2.684465e-01 6.340015e+00 1.181711e+00
2.734474e-01 6.751184e+00 1.181800e+00
2.785414e-01 7.185478e+00 1.181890e+00
2.837304e-01 7.643964e+00 1.181981e+00
2.890160e-01 8.127745e+00 1.182074e+00
2.944000e-01 8.637961e+00 1.182169e+00
2.998844e-01 9.175787e+00 1.182264e+00
3.054710e-01 9.742439e+00 1.182362e+00
3.111616e-01 1.033917e+01 1.182460e+00
3.169582e-01 1.096726e+01 1.182560e+00
3.228628e-01 1.162804e+01 1.182662e+00
3.288774e-01 1.232289e+01 1.182764e+00
3.350041e-01 1.305319e+01 1.182868e+00
3.412449e-01 1.382041e+01 1.182973e+00
3.476019e-01 1.462602e+01 1.183080e+00
3.540774e-01 1.547154e+01 1.183187e+00
3.606735e-01 1.635854e+01 1.183296e+00
3.673925e-01 1.728862e+01 1.183406e+00
3.742366e-01 1.826343e+01 1.183517e+00
3.812083e-01 1.928464e+01 1.183629e+00
3.883098e-01 2.035397e+01 1.183743e+00
3.955436e-01 2.147320e+01 1.183857e+00
4.029122e-01 2.264411e+01 1.183972e+00
4.104180e-01 2.386856e+01 1.184088e+00
4.180637e-01 2.514841e+01 1.184205e+00
4.258518e-01 2.648558e+01 1.184323e+00
4.337850e-01 2.788203e+01 1.184441e+00
4.418660e-01 2.933976e+01 1.184560e+00
4.500975e-01 3.086078e+01 1.184680e+00
4.584824e-01 3.244718e+01 1.184800e+00
4.670234e-01 3.410105e+01 1.184921e+00
4.757236e-01 3.582453e+01 1.185043e+00
4.845859e-01 3.761980e+01 1.185165e+00
4.936132e-01 3.948905e+01 1.185287e+00
5.028087e-01 4.143455e+01 1.185409e+00
5.121755e-01 4.345855e+01 1.185532e+00
5.217169e-01 4.556337e+01 1.185654e+00
5.314359e-01 4.775133e+01 1.185777e+00
5.413360e-01 5.002482e+01 1.185900e+00
5.514206e-01 5.238622e+01 1.186022e+00
5.616930e-01 5.483796e+01 1.186144e+00
5.721568e-01 5.738249e+01 1.186266e+00
5.828155e-01 6.002230e+01 1.186388e+00
5.936727e-01 6.275987e+01 1.186508e+00
6.047322e-01 6.559774e+01 1.186629e+00
6.159978e-01 6.853846e+01 1.186748e+00
6.274732e-01 7.158460e+01 1.186866e+00
6.391624e-01 7.473876e+01 1.186984e+00
6.510694e-01 7.800355e+01 1.187100e+00
6.631981e-01 8.138159e+01 1.187215e+00
6.755528e-01 8.487555e+01 1.187328e+00
6.881377e-01 8.848807e+01 1.187440e+00
7.009570e-01 9.222185e+01 1.187550e+00
7.140151e-01 9.607959e+01 1.187658e+00
7.273165e-01 1.000640e+02 1.187764e+00
7.408657e-01 1.041778e+02 1.187868e+00
7.546673e-01 1.084236e+02 1.187969e+00
7.687260e-01 1.128044e+02 1.188068e+00
7.830465e-01 1.173228e+02 1.188164e+00
7.976339e-01 1.219815e+02 1.188257e+00
8.124930e-01 1.267834e+02 1.188346e+00
8.276289e-01 1.317312e+02 1.188432e+00
8.430468e-01 1.368277e+02 1.188515e+00
8.587519e-01 1.420757e+02 1.188593e+00
8.747496e-01 1.474781e+02 1.188667e+00
8.910453e-01 1.530375e+02 1.188737e+00
9.076446e-01 1.587569e+02 1.188802e+00
9.245531e-01 1.646390e+02 1.188863e+00
9.417766e-01 1.706866e+02 1.188918e+00
9.593209e-01 1.769026e+02 1.188967e+00
9.771921e-01 1.832899e+02 1.189011e+00
9.953962e-01 1.898512e+02 1.189048e+00
1.013939e+00 1.965894e+02 1.189079e+00
1.032828e+00 2.035073e+02 1.189103e+00
1.052069e+00 2.106079e+02 1.189121e+00
1.071668e+00 2.178939e+02 1.189130e+00
1.091632e+00 2.253683e+02 1.189132e+00
1.111968e+00 2.330340e+02 1.189126e+00
1.132683e+00 2.408937e+02 1.189111e+00
1.153783e+00 2.489506e+02 1.189088e+00
1.175277e+00 2.572074e+02 1.189055e+00
1.197171e+00 2.656672e+02 1.189013e+00
1.219473e+00 2.743329e+02 1.188960e+00
1.242191e+00 2.832075e+02 1.188897e+00
1.265332e+00 2.922940e+02 1.188824e+00
1.288904e+00 3.015954e+02 1.188739e+00
1.312915e+00 3.111149e+02 1.188642e+00
1.337373e+00 3.208555e+02 1.188533e+00
1.362287e+00 3.308203e+02 1.188412e+00
1.387665e+00 3.410125e+02 1.188278e+00
1.413516e+00 3.514354e+02 1.188131e+00
1.439848e+00 3.620921e+02 1.187971e+00
1.466671e+00 3.729860e+02 1.187796e+00
1.493993e+00 3.841205e+02 1.187606e+00
1.521825e+00 3.954989e+02 1.187402e+00
1.550175e+00 4.071247e+02 1.187183e+00
1.579053e+00 4.190014e+02 1.186948e+00
1.608469e+00 4.311327e+02 1.186698e+00
1.638434e+00 4.435223e+02 1.186431e+00
1.668956e+00 4.561737e+02 1.186148e+00
1.700047e+00 4.690909e+02 1.185848e+00
1.731717e+00 4.822778e+02 1.185531e+00
1.763977e+00 4.957383e+02 1.185197e+00
1.796838e+00 5.094766e+02 1.184846e+00
1.830312e+00 5.234968e+02 1.184477e+00
1.864409e+00 5.378031e+02 1.184091e+00
1.899141e+00 5.524000e+02 1.183688e+00
1.934520e+00 5.672918e+02 1.183267e+00
1.970558e+00 5.824832e+02 1.182829e+00
2.007267e+00 5.979789e+02 1.182374e+00
2.044661e+00 6.137836e+02 1.181902e+00
2.082751e+00 6.299023e+02 1.181413e+00
2.121550e+00 6.463399e+02 1.180908e+00
2.161073e+00 6.631016e+02 1.180388e+00
2.201331e+00 6.801926e+02 1.179853e+00
2.242340e+00 6.976184e+02 1.179303e+00
2.284112e+00 7.153843e+02 1.178740e+00
2.326663e+00 7.334959e+02 1.178164e+00
2.370006e+00 7.519589e+02 1.177577e+00
2.414157e+00 7.707792e+02 1.176979e+00
2.459130e+00 7.899626e+02 1.176373e+00
2.504942e+00 8.074060e+02 1.175825e+00
2.551606e+00 8.074060e+02 1.175825e+00
2.599140e+00 8.074060e+02 1.175825e+00
2.647559e+00 8.074060e+02 1.175825e+00
2.696881e+00 8.074060e+02 1.175825e+00
2.747121e+00 8.074060e+02 1.175825e+00
2.798297e+00 8.074060e+02 1.175825e+00
2.850426e+00 8.074060e+02 1.175825e+00
2.903527e+00 8.074060e+02 1.175825e+00
2.957617e+00 8.074060e+02 1.175825e+00
3.012714e+00 8.074060e+02 1.175825e+00
3.068838e+00 8.074060e+02 1.175825e+00
3.126007e+00 8.074060e+02 1.175825e+00
3.184242e+00 8.074060e+02 1.175825e+00
3.243561e+00 8.074060e+02 1.175825e+00
3.303985e+00 8.074060e+02 1.175825e+00
3.365535e+00 8.074060e+02 1.175825e+00
3.428231e+00 8.074060e+02 1.175825e+00
3.492096e+00 8.074060e+02 1.175825e+00
3.557150e+00 8.074060e+02 1.175825e+00
3.623416e+00 8.074060e+02 1.175825e+00
3.690917e+00 8.074060e+02 1.175825e+00
3.759675e+00 8.074060e+02 1.175825e+00
3.829714e+00 8.074060e+02 1.175825e+00
3.901058e+00 8.074060e+02 1.175825e+00
3.973730e+00 8.074060e+02 1.175825e+00
4.047757e+00 8.074060e+02 1.175825e+00
4.123163e+00 8.074060e+02 1.175825e+00
4.199973e+00 8.074060e+02 1.175825e+00
4.278214e+00 8.074060e+02 1.175825e+00
4.357913e+00 8.074060e+02 1.175825e+00
4.439097e+00 8.074060e+02 1.175825e+00
4.521792e+00 8.074060e+02 1.175825e+00
4.606029e+00 8.074060e+02 1.175825e+00
4.691835e+00 8.074060e+02 1.175825e+00
4.779239e+00 8.074060e+02 1.175825e+00
4.868271e+00 8.074060e+02 1.175825e+00
4.958962e+00 8.074060e+02 1.175825e+00
5.051342e+00 8.074060e+02 1.175825e+00
5.145444e+00 8.074060e+02 1.175825e+00
5.241298e+00 8.074060e+02 1.175825e+00
5.338938e+00 8.074060e+02 1.175825e+00
5.438397e+00 8.074060e+02 1.175825e+00
5.539709e+00 8.074060e+02 1.175825e+00
5.642908e+00 8.074060e+02 1.175825e+00
5.748030e+00 8.074060e+02 1.175825e+00
5.855110e+00 8.074060e+02 1.175825e+00
5.964185e+00 8.074060e+02 1.175825e+00
6.075292e+00 8.074060e+02 1.175825e+00
6.188468e+00 8.074060e+02 1.175825e+00
6.303753e+00 8.074060e+02 1.175825e+00
6.421186e+00 8.074060e+02 1.175825e+00
6.540806e+00 8.074060e+02 1.175825e+00
6.662655e+00 8.074060e+02 1.175825e+00
6.786773e+00 8.074060e+02 1.175825e+00
6.913204e+00 8.074060e+02 1.175825e+00
7.041990e+00 8.074060e+02 1.175825e+00
7.173175e+00 8.074060e+02 1.175825e+00
7.306804e+00 8.074060e+02 1.175825e+00
7.442922e+00 8.074060e+02 1.175825e+00
7.581576e+00 8.074060e+02 1.175825e+00
7.722814e+00 8.074060e+02 1.175825e+00
7.866682e+00 8.074060e+02 1.175825e+00
8.013230e+00 8.074060e+02 1.175825e+00
8.162509e+00 8.074060e+02 1.175825e+00
8.314568e+00 8.074060e+02 1.175825e+00
8.469460e+00 8.074060e+02 1.175825e+00
8.627237e+00 8.074060e+02 1.175825e+00
8.787954e+00 8.074060e+02 1.175825e+00
8.951665e+00 8.074060e+02 1.175825e+00
9.118425e+00 8.074060e+02 1.175825e+00
9.288292e+00 8.074060e+02 1.175825e+00
9.461324e+00 8.074060e+02 1.175825e+00
9.637579e+00 8.074060e+02 1.175825e+00
9.817117e+00 8.074060e+02 1.175825e+00
1.000000e+01 8.074060e+02 1.175825e+00
